4, 1.008108E-03 
4, 1.225675E-03 
8, 1.264863E-02 
14, 8.818189E-12 
11, 2.061211E-04 
8, 1.908006E-03 
12, 8.427095E-06 
2, 1.376486E-03 
14, 7.149859E-12 
6, 1.199877E-02 
5, 1.202217E-02 
13, 2.491549E-07 
2, 1.130726E-03 
10, 4.016223E-04 
11, 1.185124E-04 
14, 6.010779E-12 
12, 4.971971E-06 
12, 1.411230E-05 
4, 1.580446E-03 
13, 2.297211E-07 
1, 3.601528E-04 
6, 6.734719E-03 
12, 4.562898E-06 
12, 4.652825E-06 
8, 1.245061E-02 
6, 1.199877E-02 
3, 2.346856E-03 
6, 2.099918E-02 
3, 2.169605E-03 
9, 6.365768E-04 
3, 2.432865E-03 
13, 2.150302E-07 
7, 1.600872E-02 
11, 2.004487E-04 
14, 8.194255E-12 
8, 2.483073E-03 
1, 4.123819E-04 
11, 1.218751E-04 
10, 4.591547E-04 
12, 1.411230E-05 
10, 5.375393E-04 
14, 7.551718E-12 
10, 4.933210E-04 
10, 4.247691E-04 
1, 4.123819E-04 
1, 3.574147E-04 
3, 1.798810E-03 
13, 4.019184E-07 
14, 8.250222E-12 
1, 4.397312E-04 
9, 7.270426E-04 
2, 1.295501E-03 
11, 1.850568E-04 
14, 7.149859E-12 
5, 1.289836E-02 
14, 8.194255E-12 
13, 2.175825E-07 
9, 7.392075E-04 
14, 4.922191E-12 
11, 5.495734E-06 
1, 4.397312E-04 
14, 7.184447E-12 
4, 1.008108E-03 
11, 1.225228E-04 
7, 2.404940E-02 
4, 1.675142E-03 
5, 8.852646E-03 
3, 1.497152E-03 
12, 4.690113E-06 
5, 8.407476E-03 
4, 1.387666E-03 
11, 1.774315E-04 
5, 1.692676E-02 
6, 7.960291E-03 
5, 1.071735E-02 
9, 7.087478E-04 
1, 3.907586E-04 
10, 8.526838E-04 
6, 8.546098E-03 
2, 1.557799E-03 
8, 2.460675E-03 
10, 4.526977E-04 
11, 2.283972E-04 
11, 1.772450E-04 
1, 4.037315E-04 
7, 1.558482E-02 
5, 7.934651E-03 
5, 1.047639E-02 
5, 1.049381E-02 
1, 6.543743E-04 
3, 2.024865E-03 
1, 6.314111E-04 
4, 1.497152E-03 
9, 6.141260E-04 
1, 4.037315E-04 
9, 6.576498E-04 
6, 7.673274E-03 
13, 2.175825E-07 
1, 7.175675E-04 
4, 8.459071E-04 
12, 1.411230E-05 
2, 8.603755E-04 
12, 4.732247E-06 
5, 1.025723E-02 
3, 1.398495E-03 
10, 5.628918E-04 
10, 8.440751E-04 
6, 1.106603E-02 
13, 3.616099E-07 
13, 2.491549E-07 
7, 2.153172E-02 
11, 1.240632E-04 
6, 1.213553E-02 
11, 1.909333E-04 
1, 3.907586E-04 
3, 2.566226E-03 
7, 1.686427E-02 
2, 1.202377E-03 
10, 4.502194E-04 
2, 1.398943E-03 
11, 2.259274E-04 
7, 1.877167E-02 
3, 1.824266E-03 
9, 4.628743E-04 
5, 9.652088E-03 
5, 1.030408E-02 
2, 1.412463E-03 
6, 7.807050E-03 
2, 1.492376E-03 
7, 1.799539E-02 
5, 9.373182E-03 
6, 6.545742E-03 
4, 1.475503E-03 
14, 4.909272E-12 
13, 2.252209E-07 
11, 1.225228E-04 
4, 1.175423E-03 
7, 1.267674E-02 
9, 4.628743E-04 
8, 2.418169E-03 
13, 2.150302E-07 
1, 6.825947E-04 
6, 7.807050E-03 
9, 7.015909E-04 
7, 2.252951E-02 
4, 1.196690E-03 
8, 2.422224E-03 
7, 1.756141E-02 
5, 1.408976E-02 
9, 5.288115E-04 
13, 2.297211E-07 
3, 2.120144E-03 
1, 7.051460E-04 
1, 3.777858E-04 
2, 1.268241E-03 
10, 5.217008E-04 
3, 1.856031E-03 
3, 1.816380E-03 
12, 4.652758E-06 
13, 2.076267E-07 
4, 1.387666E-03 
8, 2.849824E-03 
10, 4.909633E-04 
9, 6.330618E-04 
12, 1.411230E-05 
12, 2.822460E-05 
14, 7.160376E-12 
11, 1.248133E-04 
13, 2.764524E-07 
8, 1.245061E-02 
7, 2.250068E-02 
1, 6.375710E-04 
12, 4.648322E-06 
8, 7.087478E-04 
8, 2.726741E-03 
4, 1.580446E-03 
8, 1.264863E-02 
13, 2.491549E-07 
11, 1.259212E-04 
2, 1.566650E-03 
7, 1.341390E-02 
5, 1.081168E-02 
9, 5.809366E-04 
11, 6.043316E-04 
11, 1.691227E-04 
10, 7.371376E-04 
12, 1.411230E-05 
6, 1.213553E-02 
10, 4.994363E-04 
9, 7.270426E-04 
8, 3.166329E-03 
2, 1.090706E-03 
10, 4.424528E-04 
7, 1.990703E-02 
8, 3.051323E-03 
9, 6.141260E-04 
3, 1.394103E-03 
2, 8.723567E-04 
2, 1.262017E-03 
13, 3.616099E-07 
12, 2.822460E-05 
6, 1.144562E-02 
10, 6.102708E-04 
4, 1.008108E-03 
11, 1.259212E-04 
10, 7.465060E-04 
9, 9.257487E-04 
14, 7.115271E-12 
8, 2.577991E-03 
8, 2.748352E-03 
7, 2.187017E-02 
13, 2.712087E-07 
8, 1.994163E-03 
5, 1.032175E-02 
11, 1.959046E-04 
10, 6.365768E-04 
14, 7.160376E-12 
13, 3.919626E-07 
7, 1.820623E-02 
12, 6.362384E-06 
2, 1.429940E-03 
6, 6.793731E-03 
12, 7.235369E-06 
9, 4.882190E-04 
12, 2.822460E-05 
6, 9.570775E-03 
6, 6.352619E-03 
7, 2.075942E-02 
5, 1.011986E-02 
14, 8.566577E-12 
3, 2.169605E-03 
3, 2.061577E-03 
6, 6.734719E-03 
8, 2.782675E-03 
9, 5.809366E-04 
3, 2.254135E-03 
1, 4.937053E-04 
9, 7.087478E-04 
8, 3.036375E-03 
2, 1.115652E-03 
14, 4.922191E-12 
12, 1.411230E-05 
11, 1.341449E-04 
5, 1.132037E-02 
9, 5.217008E-04 
8, 2.663424E-03 
1, 6.817520E-04 
10, 5.036418E-04 
4, 1.008108E-03 
2, 1.090706E-03 
2, 8.508321E-04 
6, 1.038470E-02 
14, 8.566577E-12 
9, 6.102708E-04 
4, 1.688781E-03 
13, 2.764524E-07 
7, 2.203549E-02 
3, 2.338685E-03 
9, 4.882190E-04 
2, 8.723567E-04 
14, 7.115271E-12 
14, 8.250222E-12 
12, 8.083485E-06 
12, 3.229598E-06 
3, 1.926924E-03 
5, 1.626274E-02 
7, 1.546113E-02 
14, 7.551718E-12 
7, 1.861248E-02 
1, 3.574147E-04 
5, 1.026681E-02 
5, 9.494530E-03 
4, 1.213605E-03 
4, 1.238478E-03 
4, 1.196690E-03 
2, 8.412886E-04 
3, 1.346965E-03 
2, 8.508321E-04 
4, 8.459071E-04 
7, 1.267674E-02 
13, 3.229598E-06 
