0
1
0
11
1
2
0
1
1
2
1
2
1
2
2
3
1
2
3
4
1
2
4
5
1
2
5
6
1
2
6
7
1
2
7
8
1
2
8
9
1
2
9
10
1
2
10
11
2
3
0
1
2
3
1
2
2
3
2
3
2
3
3
4
2
3
4
5
2
3
5
6
2
3
6
7
2
3
7
8
2
3
8
9
2
3
9
10
2
3
10
11
3
4
0
1
3
4
1
2
3
4
2
3
3
4
3
4
3
4
4
5
3
4
5
6
3
4
6
7
3
4
7
8
3
4
8
9
3
4
9
10
3
4
10
11
4
5
0
1
4
5
1
2
4
5
2
3
4
5
3
4
4
5
4
5
4
5
5
6
4
5
6
7
4
5
7
8
4
5
8
9
4
5
9
10
4
5
10
11
5
6
0
1
5
6
1
2
5
6
2
3
5
6
3
4
5
6
4
5
5
6
5
6
5
6
6
7
5
6
7
8
5
6
8
9
5
6
9
10
5
6
10
11
6
9
0
2
6
9
2
4
6
9
4
6
6
9
6
8
6
9
8
10
9
12
0
2
9
12
2
4
9
12
4
6
9
12
6
8
9
12
8
10
6
9
10
11
9
12
10
11
12
21
0
5
12
21
5
11