0.000000E+00 
0.000000E+00 
0.000000E+00 
0.000000E+00 
0.000000E+00 
0.000000E+00 
0.000000E+00 
0.000000E+00 
0.000000E+00 
0.000000E+00 
0.000000E+00 
0.000000E+00 
0.000000E+00 
0.000000E+00 
0.000000E+00 
0.000000E+00 
0.000000E+00 
0.000000E+00 
0.000000E+00 
0.000000E+00 
0.000000E+00 
0.000000E+00 
0.000000E+00 
0.000000E+00 
0.000000E+00 
0.000000E+00 
0.000000E+00 
0.000000E+00 
0.000000E+00 
0.000000E+00 
0.000000E+00 
0.000000E+00 
0.000000E+00 
0.000000E+00 
0.000000E+00 
0.000000E+00 
3.125000E-04 
0.000000E+00 
0.000000E+00 
0.000000E+00 
0.000000E+00 
0.000000E+00 
0.000000E+00 
0.000000E+00 
3.125977E-04 
0.000000E+00 
0.000000E+00 
0.000000E+00 
0.000000E+00 
0.000000E+00 
0.000000E+00 
0.000000E+00 
0.000000E+00 
0.000000E+00 
0.000000E+00 
0.000000E+00 
0.000000E+00 
0.000000E+00 
0.000000E+00 
0.000000E+00 
0.000000E+00 
0.000000E+00 
0.000000E+00 
0.000000E+00 
0.000000E+00 
0.000000E+00 
0.000000E+00 
0.000000E+00 
0.000000E+00 
0.000000E+00 
0.000000E+00 
0.000000E+00 
0.000000E+00 
0.000000E+00 
0.000000E+00 
0.000000E+00 
0.000000E+00 
0.000000E+00 
0.000000E+00 
0.000000E+00 
0.000000E+00 
0.000000E+00 
0.000000E+00 
0.000000E+00 
3.126955E-04 
0.000000E+00 
0.000000E+00 
0.000000E+00 
0.000000E+00 
0.000000E+00 
0.000000E+00 
0.000000E+00 
0.000000E+00 
0.000000E+00 
3.402850E-04 
0.000000E+00 
0.000000E+00 
0.000000E+00 
0.000000E+00 
0.000000E+00 
0.000000E+00 
3.404009E-04 
0.000000E+00 
0.000000E+00 
0.000000E+00 
0.000000E+00 
0.000000E+00 
0.000000E+00 
3.405168E-04 
0.000000E+00 
0.000000E+00 
0.000000E+00 
0.000000E+00 
0.000000E+00 
0.000000E+00 
0.000000E+00 
0.000000E+00 
0.000000E+00 
0.000000E+00 
0.000000E+00 
0.000000E+00 
0.000000E+00 
0.000000E+00 
0.000000E+00 
0.000000E+00 
3.131134E-04 
0.000000E+00 
0.000000E+00 
0.000000E+00 
0.000000E+00 
0.000000E+00 
0.000000E+00 
0.000000E+00 
0.000000E+00 
0.000000E+00 
0.000000E+00 
0.000000E+00 
0.000000E+00 
0.000000E+00 
0.000000E+00 
3.132115E-04 
0.000000E+00 
0.000000E+00 
0.000000E+00 
0.000000E+00 
0.000000E+00 
0.000000E+00 
0.000000E+00 
0.000000E+00 
0.000000E+00 
0.000000E+00 
0.000000E+00 
0.000000E+00 
0.000000E+00 
0.000000E+00 
0.000000E+00 
0.000000E+00 
0.000000E+00 
0.000000E+00 
0.000000E+00 
0.000000E+00 
0.000000E+00 
0.000000E+00 
0.000000E+00 
0.000000E+00 
0.000000E+00 
0.000000E+00 
0.000000E+00 
0.000000E+00 
0.000000E+00 
0.000000E+00 
0.000000E+00 
0.000000E+00 
0.000000E+00 
0.000000E+00 
0.000000E+00 
0.000000E+00 
0.000000E+00 
0.000000E+00 
0.000000E+00 
0.000000E+00 
0.000000E+00 
0.000000E+00 
0.000000E+00 
0.000000E+00 
0.000000E+00 
0.000000E+00 
0.000000E+00 
0.000000E+00 
0.000000E+00 
0.000000E+00 
0.000000E+00 
0.000000E+00 
0.000000E+00 
0.000000E+00 
0.000000E+00 
0.000000E+00 
0.000000E+00 
0.000000E+00 
0.000000E+00 
0.000000E+00 
0.000000E+00 
0.000000E+00 
0.000000E+00 
0.000000E+00 
0.000000E+00 
0.000000E+00 
0.000000E+00 
0.000000E+00 
0.000000E+00 
0.000000E+00 
0.000000E+00 
0.000000E+00 
0.000000E+00 
0.000000E+00 
0.000000E+00 
0.000000E+00 
0.000000E+00 
0.000000E+00 
0.000000E+00 
0.000000E+00 
0.000000E+00 
0.000000E+00 
6.708470E-04 
0.000000E+00 
0.000000E+00 
0.000000E+00 
0.000000E+00 
0.000000E+00 
0.000000E+00 
0.000000E+00 
0.000000E+00 
0.000000E+00 
0.000000E+00 
0.000000E+00 
0.000000E+00 
0.000000E+00 
0.000000E+00 
0.000000E+00 
0.000000E+00 
0.000000E+00 
0.000000E+00 
0.000000E+00 
0.000000E+00 
0.000000E+00 
0.000000E+00 
0.000000E+00 
0.000000E+00 
0.000000E+00 
2.557979E-04 
2.558634E-04 
0.000000E+00 
0.000000E+00 
0.000000E+00 
0.000000E+00 
0.000000E+00 
0.000000E+00 
0.000000E+00 
0.000000E+00 
0.000000E+00 
0.000000E+00 
0.000000E+00 
0.000000E+00 
0.000000E+00 
0.000000E+00 
0.000000E+00 
0.000000E+00 
0.000000E+00 
0.000000E+00 
0.000000E+00 
0.000000E+00 
0.000000E+00 
0.000000E+00 
0.000000E+00 
0.000000E+00 
0.000000E+00 
0.000000E+00 
0.000000E+00 
3.443185E-04 
0.000000E+00 
0.000000E+00 
0.000000E+00 
0.000000E+00 
0.000000E+00 
0.000000E+00 
0.000000E+00 
0.000000E+00 
0.000000E+00 
0.000000E+00 
0.000000E+00 
0.000000E+00 
0.000000E+00 
0.000000E+00 
0.000000E+00 
0.000000E+00 
0.000000E+00 
0.000000E+00 
0.000000E+00 
0.000000E+00 
0.000000E+00 
0.000000E+00 
0.000000E+00 
0.000000E+00 
0.000000E+00 
0.000000E+00 
0.000000E+00 
0.000000E+00 
0.000000E+00 
0.000000E+00 
2.500000E-03 
2.506266E-03 
1.256283E-03 
0.000000E+00 
0.000000E+00 
1.257864E-03 
0.000000E+00 
1.259448E-03 
0.000000E+00 
0.000000E+00 
0.000000E+00 
1.261036E-03 
0.000000E+00 
0.000000E+00 
0.000000E+00 
6.313141E-04 
0.000000E+00 
7.896412E-04 
6.322122E-04 
0.000000E+00 
0.000000E+00 
0.000000E+00 
0.000000E+00 
1.265224E-03 
6.334136E-04 
6.338151E-04 
6.342171E-04 
6.346196E-04 
0.000000E+00 
0.000000E+00 
0.000000E+00 
6.350226E-04 
1.270852E-03 
0.000000E+00 
0.000000E+00 
0.000000E+00 
0.000000E+00 
1.272470E-03 
0.000000E+00 
0.000000E+00 
6.370456E-04 
9.561776E-04 
0.000000E+00 
1.276124E-03 
6.388771E-04 
0.000000E+00 
0.000000E+00 
0.000000E+00 
0.000000E+00 
0.000000E+00 
0.000000E+00 
0.000000E+00 
0.000000E+00 
0.000000E+00 
0.000000E+00 
6.392856E-04 
0.000000E+00 
0.000000E+00 
6.396945E-04 
0.000000E+00 
0.000000E+00 
0.000000E+00 
0.000000E+00 
0.000000E+00 
0.000000E+00 
0.000000E+00 
6.401040E-04 
0.000000E+00 
0.000000E+00 
0.000000E+00 
0.000000E+00 
0.000000E+00 
0.000000E+00 
6.405140E-04 
6.409246E-04 
0.000000E+00 
0.000000E+00 
0.000000E+00 
0.000000E+00 
0.000000E+00 
0.000000E+00 
0.000000E+00 
0.000000E+00 
0.000000E+00 
0.000000E+00 
0.000000E+00 
0.000000E+00 
0.000000E+00 
0.000000E+00 
0.000000E+00 
0.000000E+00 
0.000000E+00 
0.000000E+00 
0.000000E+00 
0.000000E+00 
0.000000E+00 
0.000000E+00 
0.000000E+00 
0.000000E+00 
0.000000E+00 
6.413356E-04 
0.000000E+00 
0.000000E+00 
0.000000E+00 
0.000000E+00 
0.000000E+00 
0.000000E+00 
0.000000E+00 
0.000000E+00 
6.420606E-04 
0.000000E+00 
6.622271E-04 
6.425857E-04 
0.000000E+00 
0.000000E+00 
0.000000E+00 
0.000000E+00 
0.000000E+00 
0.000000E+00 
0.000000E+00 
0.000000E+00 
0.000000E+00 
0.000000E+00 
0.000000E+00 
0.000000E+00 
0.000000E+00 
0.000000E+00 
0.000000E+00 
0.000000E+00 
0.000000E+00 
0.000000E+00 
0.000000E+00 
0.000000E+00 
0.000000E+00 
0.000000E+00 
0.000000E+00 
0.000000E+00 
0.000000E+00 
1.285998E-03 
0.000000E+00 
0.000000E+00 
0.000000E+00 
0.000000E+00 
0.000000E+00 
0.000000E+00 
0.000000E+00 
0.000000E+00 
0.000000E+00 
0.000000E+00 
1.127326E-03 
0.000000E+00 
0.000000E+00 
0.000000E+00 
0.000000E+00 
0.000000E+00 
6.445535E-04 
0.000000E+00 
6.452841E-04 
0.000000E+00 
6.454645E-04 
0.000000E+00 
0.000000E+00 
0.000000E+00 
0.000000E+00 
0.000000E+00 
0.000000E+00 
0.000000E+00 
0.000000E+00 
0.000000E+00 
0.000000E+00 
0.000000E+00 
0.000000E+00 
0.000000E+00 
0.000000E+00 
0.000000E+00 
0.000000E+00 
1.291605E-03 
0.000000E+00 
0.000000E+00 
0.000000E+00 
0.000000E+00 
0.000000E+00 
0.000000E+00 
0.000000E+00 
0.000000E+00 
0.000000E+00 
0.000000E+00 
0.000000E+00 
0.000000E+00 
0.000000E+00 
0.000000E+00 
0.000000E+00 
6.466377E-04 
0.000000E+00 
0.000000E+00 
0.000000E+00 
0.000000E+00 
0.000000E+00 
0.000000E+00 
0.000000E+00 
0.000000E+00 
0.000000E+00 
0.000000E+00 
0.000000E+00 
0.000000E+00 
0.000000E+00 
0.000000E+00 
0.000000E+00 
0.000000E+00 
0.000000E+00 
0.000000E+00 
0.000000E+00 
6.473721E-04 
0.000000E+00 
0.000000E+00 
0.000000E+00 
0.000000E+00 
0.000000E+00 
0.000000E+00 
0.000000E+00 
0.000000E+00 
0.000000E+00 
0.000000E+00 
0.000000E+00 
1.294951E-03 
0.000000E+00 
0.000000E+00 
0.000000E+00 
0.000000E+00 
0.000000E+00 
0.000000E+00 
0.000000E+00 
0.000000E+00 
0.000000E+00 
0.000000E+00 
0.000000E+00 
0.000000E+00 
0.000000E+00 
0.000000E+00 
0.000000E+00 
0.000000E+00 
0.000000E+00 
0.000000E+00 
0.000000E+00 
0.000000E+00 
0.000000E+00 
0.000000E+00 
0.000000E+00 
0.000000E+00 
0.000000E+00 
0.000000E+00 
0.000000E+00 
0.000000E+00 
0.000000E+00 
6.685747E-04 
0.000000E+00 
0.000000E+00 
0.000000E+00 
0.000000E+00 
0.000000E+00 
0.000000E+00 
0.000000E+00 
0.000000E+00 
0.000000E+00 
0.000000E+00 
0.000000E+00 
0.000000E+00 
0.000000E+00 
0.000000E+00 
0.000000E+00 
0.000000E+00 
0.000000E+00 
0.000000E+00 
0.000000E+00 
6.487498E-04 
0.000000E+00 
0.000000E+00 
0.000000E+00 
1.298339E-03 
0.000000E+00 
0.000000E+00 
0.000000E+00 
0.000000E+00 
0.000000E+00 
0.000000E+00 
9.953334E-04 
0.000000E+00 
0.000000E+00 
0.000000E+00 
1.626653E-03 
0.000000E+00 
6.517216E-04 
0.000000E+00 
0.000000E+00 
0.000000E+00 
0.000000E+00 
0.000000E+00 
0.000000E+00 
0.000000E+00 
0.000000E+00 
0.000000E+00 
0.000000E+00 
6.531017E-04 
0.000000E+00 
0.000000E+00 
0.000000E+00 
0.000000E+00 
0.000000E+00 
0.000000E+00 
6.525733E-04 
0.000000E+00 
0.000000E+00 
0.000000E+00 
0.000000E+00 
0.000000E+00 
0.000000E+00 
0.000000E+00 
0.000000E+00 
0.000000E+00 
0.000000E+00 
0.000000E+00 
0.000000E+00 
0.000000E+00 
0.000000E+00 
0.000000E+00 
0.000000E+00 
0.000000E+00 
0.000000E+00 
0.000000E+00 
0.000000E+00 
0.000000E+00 
0.000000E+00 
0.000000E+00 
0.000000E+00 
0.000000E+00 
0.000000E+00 
0.000000E+00 
0.000000E+00 
0.000000E+00 
0.000000E+00 
0.000000E+00 
0.000000E+00 
0.000000E+00 
1.076576E-03 
0.000000E+00 
0.000000E+00 
0.000000E+00 
0.000000E+00 
0.000000E+00 
0.000000E+00 
0.000000E+00 
0.000000E+00 
0.000000E+00 
0.000000E+00 
0.000000E+00 
0.000000E+00 
0.000000E+00 
0.000000E+00 
0.000000E+00 
0.000000E+00 
0.000000E+00 
0.000000E+00 
0.000000E+00 
0.000000E+00 
0.000000E+00 
0.000000E+00 
0.000000E+00 
0.000000E+00 
0.000000E+00 
0.000000E+00 
0.000000E+00 
0.000000E+00 
0.000000E+00 
0.000000E+00 
0.000000E+00 
0.000000E+00 
0.000000E+00 
0.000000E+00 
0.000000E+00 
0.000000E+00 
0.000000E+00 
0.000000E+00 
0.000000E+00 
0.000000E+00 
0.000000E+00 
0.000000E+00 
0.000000E+00 
0.000000E+00 
0.000000E+00 
0.000000E+00 
0.000000E+00 
0.000000E+00 
0.000000E+00 
0.000000E+00 
0.000000E+00 
0.000000E+00 
0.000000E+00 
0.000000E+00 
0.000000E+00 
0.000000E+00 
0.000000E+00 
0.000000E+00 
0.000000E+00 
0.000000E+00 
0.000000E+00 
0.000000E+00 
0.000000E+00 
0.000000E+00 
0.000000E+00 
0.000000E+00 
6.537827E-04 
0.000000E+00 
0.000000E+00 
0.000000E+00 
0.000000E+00 
0.000000E+00 
0.000000E+00 
0.000000E+00 
0.000000E+00 
0.000000E+00 
0.000000E+00 
0.000000E+00 
0.000000E+00 
0.000000E+00 
0.000000E+00 
0.000000E+00 
0.000000E+00 
0.000000E+00 
6.541330E-04 
0.000000E+00 
0.000000E+00 
0.000000E+00 
0.000000E+00 
0.000000E+00 
0.000000E+00 
0.000000E+00 
0.000000E+00 
0.000000E+00 
0.000000E+00 
0.000000E+00 
0.000000E+00 
0.000000E+00 
0.000000E+00 
0.000000E+00 
0.000000E+00 
0.000000E+00 
0.000000E+00 
0.000000E+00 
0.000000E+00 
0.000000E+00 
0.000000E+00 
0.000000E+00 
0.000000E+00 
0.000000E+00 
0.000000E+00 
1.636437E-03 
0.000000E+00 
0.000000E+00 
1.083924E-03 
0.000000E+00 
0.000000E+00 
0.000000E+00 
0.000000E+00 
0.000000E+00 
0.000000E+00 
0.000000E+00 
0.000000E+00 
0.000000E+00 
0.000000E+00 
0.000000E+00 
0.000000E+00 
0.000000E+00 
0.000000E+00 
0.000000E+00 
0.000000E+00 
0.000000E+00 
0.000000E+00 
6.350612E-04 
0.000000E+00 
0.000000E+00 
0.000000E+00 
0.000000E+00 
6.354648E-04 
0.000000E+00 
0.000000E+00 
0.000000E+00 
0.000000E+00 
0.000000E+00 
0.000000E+00 
0.000000E+00 
0.000000E+00 
0.000000E+00 
0.000000E+00 
0.000000E+00 
0.000000E+00 
0.000000E+00 
0.000000E+00 
0.000000E+00 
0.000000E+00 
0.000000E+00 
0.000000E+00 
0.000000E+00 
0.000000E+00 
0.000000E+00 
0.000000E+00 
0.000000E+00 
0.000000E+00 
0.000000E+00 
0.000000E+00 
0.000000E+00 
0.000000E+00 
0.000000E+00 
0.000000E+00 
6.308376E-04 
0.000000E+00 
0.000000E+00 
0.000000E+00 
0.000000E+00 
0.000000E+00 
0.000000E+00 
0.000000E+00 
0.000000E+00 
6.312358E-04 
0.000000E+00 
0.000000E+00 
0.000000E+00 
0.000000E+00 
0.000000E+00 
0.000000E+00 
0.000000E+00 
0.000000E+00 
0.000000E+00 
0.000000E+00 
0.000000E+00 
0.000000E+00 
0.000000E+00 
0.000000E+00 
0.000000E+00 
0.000000E+00 
0.000000E+00 
0.000000E+00 
6.785708E-04 
0.000000E+00 
0.000000E+00 
0.000000E+00 
0.000000E+00 
0.000000E+00 
0.000000E+00 
0.000000E+00 
0.000000E+00 
0.000000E+00 
0.000000E+00 
0.000000E+00 
0.000000E+00 
0.000000E+00 
0.000000E+00 
0.000000E+00 
0.000000E+00 
0.000000E+00 
0.000000E+00 
0.000000E+00 
0.000000E+00 
0.000000E+00 
0.000000E+00 
0.000000E+00 
0.000000E+00 
0.000000E+00 
0.000000E+00 
0.000000E+00 
0.000000E+00 
0.000000E+00 
0.000000E+00 
0.000000E+00 
0.000000E+00 
0.000000E+00 
0.000000E+00 
0.000000E+00 
0.000000E+00 
0.000000E+00 
0.000000E+00 
0.000000E+00 
0.000000E+00 
0.000000E+00 
0.000000E+00 
0.000000E+00 
0.000000E+00 
0.000000E+00 
0.000000E+00 
0.000000E+00 
0.000000E+00 
0.000000E+00 
0.000000E+00 
0.000000E+00 
0.000000E+00 
0.000000E+00 
0.000000E+00 
0.000000E+00 
0.000000E+00 
0.000000E+00 
0.000000E+00 
0.000000E+00 
8.330978E-04 
0.000000E+00 
0.000000E+00 
0.000000E+00 
0.000000E+00 
0.000000E+00 
0.000000E+00 
0.000000E+00 
9.110076E-04 
0.000000E+00 
0.000000E+00 
0.000000E+00 
0.000000E+00 
0.000000E+00 
0.000000E+00 
0.000000E+00 
0.000000E+00 
0.000000E+00 
0.000000E+00 
0.000000E+00 
0.000000E+00 
0.000000E+00 
0.000000E+00 
0.000000E+00 
0.000000E+00 
0.000000E+00 
0.000000E+00 
0.000000E+00 
0.000000E+00 
0.000000E+00 
0.000000E+00 
0.000000E+00 
0.000000E+00 
0.000000E+00 
0.000000E+00 
0.000000E+00 
0.000000E+00 
0.000000E+00 
0.000000E+00 
0.000000E+00 
0.000000E+00 
0.000000E+00 
0.000000E+00 
0.000000E+00 
0.000000E+00 
0.000000E+00 
0.000000E+00 
0.000000E+00 
0.000000E+00 
0.000000E+00 
0.000000E+00 
0.000000E+00 
0.000000E+00 
0.000000E+00 
0.000000E+00 
0.000000E+00 
0.000000E+00 
0.000000E+00 
0.000000E+00 
0.000000E+00 
0.000000E+00 
0.000000E+00 
0.000000E+00 
0.000000E+00 
0.000000E+00 
0.000000E+00 
0.000000E+00 
0.000000E+00 
0.000000E+00 
0.000000E+00 
0.000000E+00 
0.000000E+00 
0.000000E+00 
8.852783E-04 
0.000000E+00 
0.000000E+00 
0.000000E+00 
0.000000E+00 
0.000000E+00 
0.000000E+00 
0.000000E+00 
0.000000E+00 
0.000000E+00 
0.000000E+00 
0.000000E+00 
0.000000E+00 
0.000000E+00 
0.000000E+00 
0.000000E+00 
0.000000E+00 
0.000000E+00 
0.000000E+00 
0.000000E+00 
0.000000E+00 
0.000000E+00 
0.000000E+00 
0.000000E+00 
6.601994E-04 
0.000000E+00 
0.000000E+00 
0.000000E+00 
0.000000E+00 
0.000000E+00 
0.000000E+00 
0.000000E+00 
0.000000E+00 
0.000000E+00 
0.000000E+00 
0.000000E+00 
0.000000E+00 
0.000000E+00 
0.000000E+00 
0.000000E+00 
0.000000E+00 
0.000000E+00 
0.000000E+00 
0.000000E+00 
0.000000E+00 
0.000000E+00 
0.000000E+00 
0.000000E+00 
0.000000E+00 
0.000000E+00 
0.000000E+00 
0.000000E+00 
0.000000E+00 
0.000000E+00 
0.000000E+00 
0.000000E+00 
0.000000E+00 
0.000000E+00 
0.000000E+00 
0.000000E+00 
0.000000E+00 
0.000000E+00 
0.000000E+00 
0.000000E+00 
0.000000E+00 
0.000000E+00 
0.000000E+00 
0.000000E+00 
0.000000E+00 
0.000000E+00 
0.000000E+00 
0.000000E+00 
0.000000E+00 
0.000000E+00 
0.000000E+00 
0.000000E+00 
0.000000E+00 
0.000000E+00 
0.000000E+00 
0.000000E+00 
0.000000E+00 
0.000000E+00 
0.000000E+00 
0.000000E+00 
0.000000E+00 
0.000000E+00 
0.000000E+00 
0.000000E+00 
0.000000E+00 
0.000000E+00 
0.000000E+00 
0.000000E+00 
0.000000E+00 
0.000000E+00 
0.000000E+00 
0.000000E+00 
0.000000E+00 
0.000000E+00 
0.000000E+00 
0.000000E+00 
0.000000E+00 
0.000000E+00 
0.000000E+00 
0.000000E+00 
0.000000E+00 
0.000000E+00 
0.000000E+00 
0.000000E+00 
0.000000E+00 
0.000000E+00 
0.000000E+00 
0.000000E+00 
0.000000E+00 
0.000000E+00 
0.000000E+00 
0.000000E+00 
0.000000E+00 
0.000000E+00 
0.000000E+00 
0.000000E+00 
0.000000E+00 
0.000000E+00 
0.000000E+00 
0.000000E+00 
0.000000E+00 
0.000000E+00 
0.000000E+00 
0.000000E+00 
0.000000E+00 
0.000000E+00 
0.000000E+00 
0.000000E+00 
0.000000E+00 
0.000000E+00 
6.924300E-04 
0.000000E+00 
0.000000E+00 
0.000000E+00 
0.000000E+00 
0.000000E+00 
0.000000E+00 
0.000000E+00 
0.000000E+00 
0.000000E+00 
0.000000E+00 
0.000000E+00 
0.000000E+00 
0.000000E+00 
0.000000E+00 
0.000000E+00 
0.000000E+00 
0.000000E+00 
0.000000E+00 
0.000000E+00 
0.000000E+00 
1.872012E-03 
0.000000E+00 
0.000000E+00 
0.000000E+00 
0.000000E+00 
0.000000E+00 
0.000000E+00 
0.000000E+00 
0.000000E+00 
0.000000E+00 
0.000000E+00 
0.000000E+00 
0.000000E+00 
0.000000E+00 
0.000000E+00 
0.000000E+00 
0.000000E+00 
0.000000E+00 
0.000000E+00 
8.358728E-04 
0.000000E+00 
0.000000E+00 
0.000000E+00 
0.000000E+00 
0.000000E+00 
0.000000E+00 
0.000000E+00 
0.000000E+00 
0.000000E+00 
0.000000E+00 
0.000000E+00 
0.000000E+00 
0.000000E+00 
0.000000E+00 
0.000000E+00 
0.000000E+00 
0.000000E+00 
0.000000E+00 
0.000000E+00 
0.000000E+00 
9.734145E-04 
0.000000E+00 
0.000000E+00 
0.000000E+00 
0.000000E+00 
0.000000E+00 
0.000000E+00 
0.000000E+00 
0.000000E+00 
0.000000E+00 
0.000000E+00 
0.000000E+00 
0.000000E+00 
0.000000E+00 
0.000000E+00 
0.000000E+00 
0.000000E+00 
0.000000E+00 
0.000000E+00 
0.000000E+00 
0.000000E+00 
0.000000E+00 
0.000000E+00 
0.000000E+00 
0.000000E+00 
0.000000E+00 
0.000000E+00 
0.000000E+00 
0.000000E+00 
0.000000E+00 
0.000000E+00 
0.000000E+00 
0.000000E+00 
0.000000E+00 
0.000000E+00 
0.000000E+00 
0.000000E+00 
0.000000E+00 
0.000000E+00 
0.000000E+00 
0.000000E+00 
0.000000E+00 
0.000000E+00 
0.000000E+00 
0.000000E+00 
0.000000E+00 
0.000000E+00 
0.000000E+00 
0.000000E+00 
0.000000E+00 
0.000000E+00 
0.000000E+00 
0.000000E+00 
0.000000E+00 
0.000000E+00 
0.000000E+00 
0.000000E+00 
0.000000E+00 
1.181554E-03 
0.000000E+00 
0.000000E+00 
0.000000E+00 
0.000000E+00 
0.000000E+00 
0.000000E+00 
0.000000E+00 
0.000000E+00 
0.000000E+00 
0.000000E+00 
0.000000E+00 
0.000000E+00 
1.026086E-03 
0.000000E+00 
0.000000E+00 
0.000000E+00 
0.000000E+00 
0.000000E+00 
0.000000E+00 
0.000000E+00 
0.000000E+00 
0.000000E+00 
0.000000E+00 
0.000000E+00 
0.000000E+00 
0.000000E+00 
0.000000E+00 
0.000000E+00 
0.000000E+00 
0.000000E+00 
0.000000E+00 
0.000000E+00 
0.000000E+00 
0.000000E+00 
0.000000E+00 
0.000000E+00 
0.000000E+00 
0.000000E+00 
5.788908E-04 
0.000000E+00 
0.000000E+00 
0.000000E+00 
0.000000E+00 
0.000000E+00 
0.000000E+00 
0.000000E+00 
0.000000E+00 
0.000000E+00 
0.000000E+00 
0.000000E+00 
0.000000E+00 
0.000000E+00 
0.000000E+00 
0.000000E+00 
0.000000E+00 
0.000000E+00 
0.000000E+00 
0.000000E+00 
0.000000E+00 
0.000000E+00 
0.000000E+00 
0.000000E+00 
0.000000E+00 
0.000000E+00 
0.000000E+00 
0.000000E+00 
0.000000E+00 
0.000000E+00 
0.000000E+00 
0.000000E+00 
0.000000E+00 
0.000000E+00 
0.000000E+00 
0.000000E+00 
0.000000E+00 
0.000000E+00 
0.000000E+00 
0.000000E+00 
0.000000E+00 
0.000000E+00 
0.000000E+00 
0.000000E+00 
0.000000E+00 
0.000000E+00 
0.000000E+00 
0.000000E+00 
0.000000E+00 
0.000000E+00 
0.000000E+00 
0.000000E+00 
0.000000E+00 
0.000000E+00 
0.000000E+00 
0.000000E+00 
0.000000E+00 
0.000000E+00 
0.000000E+00 
0.000000E+00 
0.000000E+00 
0.000000E+00 
0.000000E+00 
0.000000E+00 
0.000000E+00 
0.000000E+00 
0.000000E+00 
0.000000E+00 
0.000000E+00 
0.000000E+00 
0.000000E+00 
0.000000E+00 
0.000000E+00 
0.000000E+00 
0.000000E+00 
2.152411E-03 
0.000000E+00 
0.000000E+00 
0.000000E+00 
0.000000E+00 
0.000000E+00 
0.000000E+00 
0.000000E+00 
0.000000E+00 
0.000000E+00 
0.000000E+00 
0.000000E+00 
0.000000E+00 
0.000000E+00 
0.000000E+00 
0.000000E+00 
0.000000E+00 
0.000000E+00 
0.000000E+00 
0.000000E+00 
0.000000E+00 
0.000000E+00 
0.000000E+00 
0.000000E+00 
0.000000E+00 
0.000000E+00 
0.000000E+00 
0.000000E+00 
0.000000E+00 
0.000000E+00 
0.000000E+00 
0.000000E+00 
0.000000E+00 
0.000000E+00 
0.000000E+00 
0.000000E+00 
0.000000E+00 
0.000000E+00 
0.000000E+00 
0.000000E+00 
0.000000E+00 
0.000000E+00 
0.000000E+00 
0.000000E+00 
0.000000E+00 
0.000000E+00 
1.046498E-03 
0.000000E+00 
0.000000E+00 
0.000000E+00 
0.000000E+00 
0.000000E+00 
0.000000E+00 
0.000000E+00 
0.000000E+00 
0.000000E+00 
0.000000E+00 
0.000000E+00 
0.000000E+00 
0.000000E+00 
0.000000E+00 
0.000000E+00 
0.000000E+00 
0.000000E+00 
0.000000E+00 
0.000000E+00 
0.000000E+00 
0.000000E+00 
0.000000E+00 
0.000000E+00 
0.000000E+00 
0.000000E+00 
0.000000E+00 
0.000000E+00 
0.000000E+00 
0.000000E+00 
0.000000E+00 
0.000000E+00 
0.000000E+00 
0.000000E+00 
0.000000E+00 
0.000000E+00 
0.000000E+00 
0.000000E+00 
0.000000E+00 
0.000000E+00 
0.000000E+00 
1.044897E-03 
0.000000E+00 
0.000000E+00 
0.000000E+00 
0.000000E+00 
0.000000E+00 
0.000000E+00 
0.000000E+00 
0.000000E+00 
0.000000E+00 
0.000000E+00 
0.000000E+00 
0.000000E+00 
0.000000E+00 
0.000000E+00 
0.000000E+00 
0.000000E+00 
0.000000E+00 
0.000000E+00 
0.000000E+00 
0.000000E+00 
0.000000E+00 
0.000000E+00 
0.000000E+00 
0.000000E+00 
0.000000E+00 
0.000000E+00 
0.000000E+00 
0.000000E+00 
0.000000E+00 
0.000000E+00 
0.000000E+00 
0.000000E+00 
0.000000E+00 
0.000000E+00 
0.000000E+00 
0.000000E+00 
0.000000E+00 
0.000000E+00 
0.000000E+00 
0.000000E+00 
0.000000E+00 
0.000000E+00 
0.000000E+00 
0.000000E+00 
0.000000E+00 
0.000000E+00 
0.000000E+00 
0.000000E+00 
0.000000E+00 
0.000000E+00 
0.000000E+00 
0.000000E+00 
0.000000E+00 
0.000000E+00 
0.000000E+00 
0.000000E+00 
0.000000E+00 
0.000000E+00 
0.000000E+00 
0.000000E+00 
0.000000E+00 
0.000000E+00 
0.000000E+00 
0.000000E+00 
0.000000E+00 
0.000000E+00 
0.000000E+00 
0.000000E+00 
0.000000E+00 
0.000000E+00 
0.000000E+00 
0.000000E+00 
9.213301E-04 
0.000000E+00 
0.000000E+00 
0.000000E+00 
0.000000E+00 
0.000000E+00 
0.000000E+00 
0.000000E+00 
0.000000E+00 
0.000000E+00 
0.000000E+00 
0.000000E+00 
0.000000E+00 
0.000000E+00 
0.000000E+00 
0.000000E+00 
0.000000E+00 
0.000000E+00 
0.000000E+00 
0.000000E+00 
0.000000E+00 
0.000000E+00 
0.000000E+00 
0.000000E+00 
0.000000E+00 
0.000000E+00 
0.000000E+00 
0.000000E+00 
0.000000E+00 
0.000000E+00 
0.000000E+00 
0.000000E+00 
0.000000E+00 
0.000000E+00 
0.000000E+00 
0.000000E+00 
0.000000E+00 
0.000000E+00 
0.000000E+00 
0.000000E+00 
0.000000E+00 
0.000000E+00 
0.000000E+00 
0.000000E+00 
0.000000E+00 
0.000000E+00 
0.000000E+00 
0.000000E+00 
0.000000E+00 
0.000000E+00 
0.000000E+00 
0.000000E+00 
0.000000E+00 
0.000000E+00 
0.000000E+00 
0.000000E+00 
0.000000E+00 
0.000000E+00 
0.000000E+00 
0.000000E+00 
0.000000E+00 
0.000000E+00 
0.000000E+00 
0.000000E+00 
0.000000E+00 
0.000000E+00 
0.000000E+00 
0.000000E+00 
0.000000E+00 
0.000000E+00 
0.000000E+00 
0.000000E+00 
0.000000E+00 
0.000000E+00 
0.000000E+00 
0.000000E+00 
0.000000E+00 
0.000000E+00 
0.000000E+00 
0.000000E+00 
0.000000E+00 
0.000000E+00 
0.000000E+00 
0.000000E+00 
0.000000E+00 
0.000000E+00 
0.000000E+00 
0.000000E+00 
0.000000E+00 
0.000000E+00 
0.000000E+00 
0.000000E+00 
0.000000E+00 
0.000000E+00 
0.000000E+00 
0.000000E+00 
0.000000E+00 
0.000000E+00 
0.000000E+00 
0.000000E+00 
0.000000E+00 
0.000000E+00 
0.000000E+00 
0.000000E+00 
0.000000E+00 
0.000000E+00 
0.000000E+00 
0.000000E+00 
0.000000E+00 
0.000000E+00 
0.000000E+00 
0.000000E+00 
0.000000E+00 
0.000000E+00 
0.000000E+00 
0.000000E+00 
0.000000E+00 
0.000000E+00 
0.000000E+00 
0.000000E+00 
0.000000E+00 
0.000000E+00 
0.000000E+00 
0.000000E+00 
0.000000E+00 
0.000000E+00 
0.000000E+00 
0.000000E+00 
0.000000E+00 
0.000000E+00 
0.000000E+00 
0.000000E+00 
0.000000E+00 
0.000000E+00 
0.000000E+00 
0.000000E+00 
0.000000E+00 
0.000000E+00 
0.000000E+00 
0.000000E+00 
0.000000E+00 
0.000000E+00 
0.000000E+00 
0.000000E+00 
0.000000E+00 
0.000000E+00 
0.000000E+00 
0.000000E+00 
0.000000E+00 
0.000000E+00 
0.000000E+00 
0.000000E+00 
0.000000E+00 
0.000000E+00 
0.000000E+00 
0.000000E+00 
0.000000E+00 
0.000000E+00 
0.000000E+00 
0.000000E+00 
0.000000E+00 
0.000000E+00 
0.000000E+00 
0.000000E+00 
6.688449E-04 
0.000000E+00 
0.000000E+00 
0.000000E+00 
0.000000E+00 
0.000000E+00 
0.000000E+00 
0.000000E+00 
0.000000E+00 
0.000000E+00 
0.000000E+00 
0.000000E+00 
0.000000E+00 
0.000000E+00 
0.000000E+00 
0.000000E+00 
0.000000E+00 
0.000000E+00 
9.460636E-04 
0.000000E+00 
0.000000E+00 
0.000000E+00 
0.000000E+00 
0.000000E+00 
0.000000E+00 
0.000000E+00 
0.000000E+00 
0.000000E+00 
0.000000E+00 
0.000000E+00 
0.000000E+00 
0.000000E+00 
0.000000E+00 
0.000000E+00 
0.000000E+00 
0.000000E+00 
0.000000E+00 
0.000000E+00 
0.000000E+00 
0.000000E+00 
0.000000E+00 
0.000000E+00 
0.000000E+00 
0.000000E+00 
0.000000E+00 
0.000000E+00 
0.000000E+00 
0.000000E+00 
0.000000E+00 
0.000000E+00 
0.000000E+00 
0.000000E+00 
0.000000E+00 
0.000000E+00 
0.000000E+00 
0.000000E+00 
0.000000E+00 
0.000000E+00 
0.000000E+00 
0.000000E+00 
0.000000E+00 
0.000000E+00 
0.000000E+00 
0.000000E+00 
0.000000E+00 
0.000000E+00 
0.000000E+00 
0.000000E+00 
0.000000E+00 
0.000000E+00 
0.000000E+00 
0.000000E+00 
0.000000E+00 
0.000000E+00 
0.000000E+00 
0.000000E+00 
0.000000E+00 
0.000000E+00 
0.000000E+00 
0.000000E+00 
0.000000E+00 
0.000000E+00 
0.000000E+00 
0.000000E+00 
0.000000E+00 
0.000000E+00 
0.000000E+00 
0.000000E+00 
0.000000E+00 
0.000000E+00 
0.000000E+00 
0.000000E+00 
0.000000E+00 
0.000000E+00 
0.000000E+00 
0.000000E+00 
0.000000E+00 
0.000000E+00 
0.000000E+00 
0.000000E+00 
0.000000E+00 
0.000000E+00 
0.000000E+00 
0.000000E+00 
0.000000E+00 
0.000000E+00 
0.000000E+00 
0.000000E+00 
0.000000E+00 
0.000000E+00 
0.000000E+00 
0.000000E+00 
0.000000E+00 
0.000000E+00 
0.000000E+00 
0.000000E+00 
0.000000E+00 
0.000000E+00 
0.000000E+00 
0.000000E+00 
0.000000E+00 
0.000000E+00 
0.000000E+00 
0.000000E+00 
0.000000E+00 
0.000000E+00 
0.000000E+00 
0.000000E+00 
0.000000E+00 
0.000000E+00 
0.000000E+00 
0.000000E+00 
0.000000E+00 
0.000000E+00 
0.000000E+00 
0.000000E+00 
0.000000E+00 
0.000000E+00 
0.000000E+00 
0.000000E+00 
0.000000E+00 
0.000000E+00 
0.000000E+00 
0.000000E+00 
0.000000E+00 
0.000000E+00 
0.000000E+00 
0.000000E+00 
0.000000E+00 
0.000000E+00 
0.000000E+00 
0.000000E+00 
0.000000E+00 
0.000000E+00 
0.000000E+00 
0.000000E+00 
0.000000E+00 
0.000000E+00 
0.000000E+00 
0.000000E+00 
0.000000E+00 
0.000000E+00 
0.000000E+00 
0.000000E+00 
0.000000E+00 
0.000000E+00 
0.000000E+00 
0.000000E+00 
0.000000E+00 
0.000000E+00 
0.000000E+00 
0.000000E+00 
0.000000E+00 
0.000000E+00 
0.000000E+00 
0.000000E+00 
0.000000E+00 
0.000000E+00 
7.117750E-04 
0.000000E+00 
0.000000E+00 
0.000000E+00 
0.000000E+00 
0.000000E+00 
0.000000E+00 
0.000000E+00 
0.000000E+00 
0.000000E+00 
0.000000E+00 
0.000000E+00 
0.000000E+00 
0.000000E+00 
0.000000E+00 
0.000000E+00 
0.000000E+00 
0.000000E+00 
0.000000E+00 
0.000000E+00 
0.000000E+00 
0.000000E+00 
0.000000E+00 
0.000000E+00 
0.000000E+00 
0.000000E+00 
0.000000E+00 
0.000000E+00 
0.000000E+00 
0.000000E+00 
0.000000E+00 
0.000000E+00 
0.000000E+00 
0.000000E+00 
0.000000E+00 
0.000000E+00 
0.000000E+00 
0.000000E+00 
0.000000E+00 
0.000000E+00 
0.000000E+00 
0.000000E+00 
0.000000E+00 
0.000000E+00 
0.000000E+00 
0.000000E+00 
0.000000E+00 
0.000000E+00 
0.000000E+00 
0.000000E+00 
0.000000E+00 
0.000000E+00 
0.000000E+00 
0.000000E+00 
0.000000E+00 
0.000000E+00 
0.000000E+00 
0.000000E+00 
0.000000E+00 
0.000000E+00 
0.000000E+00 
0.000000E+00 
0.000000E+00 
0.000000E+00 
0.000000E+00 
0.000000E+00 
0.000000E+00 
0.000000E+00 
0.000000E+00 
0.000000E+00 
0.000000E+00 
0.000000E+00 
0.000000E+00 
0.000000E+00 
0.000000E+00 
0.000000E+00 
0.000000E+00 
0.000000E+00 
0.000000E+00 
0.000000E+00 
0.000000E+00 
0.000000E+00 
0.000000E+00 
0.000000E+00 
0.000000E+00 
0.000000E+00 
0.000000E+00 
0.000000E+00 
0.000000E+00 
0.000000E+00 
0.000000E+00 
0.000000E+00 
0.000000E+00 
0.000000E+00 
0.000000E+00 
0.000000E+00 
0.000000E+00 
0.000000E+00 
0.000000E+00 
0.000000E+00 
0.000000E+00 
0.000000E+00 
0.000000E+00 
0.000000E+00 
0.000000E+00 
0.000000E+00 
0.000000E+00 
0.000000E+00 
0.000000E+00 
0.000000E+00 
0.000000E+00 
0.000000E+00 
0.000000E+00 
0.000000E+00 
0.000000E+00 
0.000000E+00 
0.000000E+00 
0.000000E+00 
0.000000E+00 
0.000000E+00 
0.000000E+00 
0.000000E+00 
0.000000E+00 
0.000000E+00 
0.000000E+00 
0.000000E+00 
0.000000E+00 
0.000000E+00 
0.000000E+00 
0.000000E+00 
0.000000E+00 
0.000000E+00 
0.000000E+00 
0.000000E+00 
0.000000E+00 
0.000000E+00 
5.994086E-04 
0.000000E+00 
0.000000E+00 
0.000000E+00 
0.000000E+00 
0.000000E+00 
0.000000E+00 
0.000000E+00 
0.000000E+00 
0.000000E+00 
0.000000E+00 
0.000000E+00 
9.082314E-05 
0.000000E+00 
9.442095E-04 
0.000000E+00 
0.000000E+00 
0.000000E+00 
0.000000E+00 
0.000000E+00 
0.000000E+00 
0.000000E+00 
0.000000E+00 
0.000000E+00 
0.000000E+00 
0.000000E+00 
0.000000E+00 
0.000000E+00 
0.000000E+00 
0.000000E+00 
0.000000E+00 
0.000000E+00 
0.000000E+00 
0.000000E+00 
0.000000E+00 
0.000000E+00 
0.000000E+00 
0.000000E+00 
0.000000E+00 
0.000000E+00 
0.000000E+00 
0.000000E+00 
0.000000E+00 
0.000000E+00 
0.000000E+00 
0.000000E+00 
0.000000E+00 
0.000000E+00 
0.000000E+00 
0.000000E+00 
0.000000E+00 
0.000000E+00 
0.000000E+00 
7.910752E-04 
0.000000E+00 
0.000000E+00 
0.000000E+00 
0.000000E+00 
0.000000E+00 
0.000000E+00 
0.000000E+00 
0.000000E+00 
0.000000E+00 
0.000000E+00 
0.000000E+00 
0.000000E+00 
0.000000E+00 
0.000000E+00 
0.000000E+00 
0.000000E+00 
0.000000E+00 
0.000000E+00 
0.000000E+00 
0.000000E+00 
0.000000E+00 
0.000000E+00 
0.000000E+00 
0.000000E+00 
0.000000E+00 
0.000000E+00 
0.000000E+00 
0.000000E+00 
0.000000E+00 
0.000000E+00 
0.000000E+00 
0.000000E+00 
0.000000E+00 
0.000000E+00 
0.000000E+00 
0.000000E+00 
0.000000E+00 
0.000000E+00 
0.000000E+00 
0.000000E+00 
0.000000E+00 
0.000000E+00 
0.000000E+00 
0.000000E+00 
0.000000E+00 
0.000000E+00 
0.000000E+00 
0.000000E+00 
0.000000E+00 
0.000000E+00 
0.000000E+00 
0.000000E+00 
0.000000E+00 
0.000000E+00 
