16.345125, 1.827438, 1.000000 
32.690250, 3.654875, 2.000000 
49.049339, 5.475331, 3.000000 
65.427844, 7.286078, 4.000000 
81.806349, 9.096826, 5.000000 
98.184854, 10.907573, 6.000000 
114.563359, 12.718321, 7.000000 
130.928299, 14.535850, 8.000000 
147.293239, 16.353380, 9.000000 
163.668180, 18.165910, 10.000000 
180.007085, 19.996458, 11.000000 
196.365506, 21.817247, 12.000000 
212.671416, 23.664292, 13.000000 
228.998627, 25.500687, 14.000000 
245.288953, 27.355524, 15.000000 
261.585218, 29.207391, 16.000000 
277.881482, 31.059259, 17.000000 
294.178118, 32.910941, 18.000000 
310.602229, 34.698886, 19.000000 
327.025957, 36.487021, 20.000000 
343.379581, 38.310209, 21.000000 
359.739262, 40.130369, 22.000000 
376.098978, 41.950511, 23.000000 
392.426998, 43.786501, 24.000000 
408.734799, 45.632601, 25.000000 
425.022399, 47.488800, 26.000000 
441.310018, 49.344991, 27.000000 
457.597636, 51.201182, 28.000000 
473.843278, 53.078361, 29.000000 
490.051730, 54.974135, 30.000000 
506.258653, 56.870674, 31.000000 
522.464986, 58.767507, 32.000000 
538.671320, 60.664340, 33.000000 
554.673662, 62.663169, 34.000000 
570.679584, 64.660208, 35.000000 
586.695493, 66.652253, 36.000000 
602.770390, 68.614805, 37.000000 
618.845286, 70.577357, 38.000000 
634.915962, 72.542019, 39.000000 
651.002472, 74.498764, 40.000000 
667.082455, 76.458772, 41.000000 
683.154971, 78.422514, 42.000000 
699.285536, 80.357232, 43.000000 
715.416101, 82.291950, 44.000000 
731.546657, 84.226672, 45.000000 
747.677213, 86.161394, 46.000000 
763.807769, 88.096116, 47.000000 
779.884087, 90.057957, 48.000000 
795.960085, 92.019957, 49.000000 
812.014058, 93.992971, 50.000000 
828.068031, 95.965984, 51.000000 
844.122004, 97.938998, 52.000000 
860.195838, 99.902081, 53.000000 
876.273226, 101.863387, 54.000000 
892.383128, 103.808436, 55.000000 
908.445730, 105.777135, 56.000000 
924.508333, 107.745834, 57.000000 
940.455101, 109.772449, 58.000000 
956.396976, 111.801512, 59.000000 
972.338851, 113.830575, 60.000000 
988.280725, 115.859637, 61.000000 
1004.222600, 117.888700, 62.000000 
1020.081203, 119.959398, 63.000000 
1035.939802, 122.030099, 64.000000 
1051.817245, 124.091377, 65.000000 
1067.694497, 126.152752, 66.000000 
1083.571748, 128.214126, 67.000000 
1099.477770, 130.261115, 68.000000 
1115.383791, 132.308105, 69.000000 
1131.373820, 134.313090, 70.000000 
1147.363849, 136.318076, 71.000000 
1163.353878, 138.323061, 72.000000 
1179.343907, 140.328047, 73.000000 
1195.333936, 142.333032, 74.000000 
1211.342809, 144.328595, 75.000000 
1227.380485, 146.309757, 76.000000 
1243.453099, 148.273450, 77.000000 
1259.525713, 150.237143, 78.000000 
1275.560787, 152.219607, 79.000000 
1291.653806, 154.173097, 80.000000 
1307.746528, 156.126736, 81.000000 
1323.893682, 158.053159, 82.000000 
1340.040836, 159.979582, 83.000000 
1356.224929, 161.887536, 84.000000 
1372.409022, 163.795489, 85.000000 
1388.548191, 165.725905, 86.000000 
1404.673028, 167.663486, 87.000000 
1420.797866, 169.601067, 88.000000 
1436.922703, 171.538649, 89.000000 
1453.048406, 173.475797, 90.000000 
1469.174110, 175.412945, 91.000000 
1485.299814, 177.350093, 92.000000 
1501.425517, 179.287241, 93.000000 
1517.551221, 181.224390, 94.000000 
1533.676924, 183.161538, 95.000000 
1549.802628, 185.098686, 96.000000 
1565.928332, 187.035834, 97.000000 
1582.054035, 188.972982, 98.000000 
1598.179739, 190.910131, 99.000000 
1614.305442, 192.847279, 100.000000 
1630.488686, 194.755657, 101.000000 
1646.601164, 196.699418, 102.000000 
1662.713642, 198.643179, 103.000000 
1678.828732, 200.585634, 104.000000 
1694.860848, 202.569576, 105.000000 
1710.892964, 204.553518, 106.000000 
1726.929399, 206.535300, 107.000000 
1742.965835, 208.517083, 108.000000 
1759.002261, 210.498870, 109.000000 
1775.038696, 212.480652, 110.000000 
1791.075323, 214.462338, 111.000000 
1807.028977, 216.485511, 112.000000 
1822.982631, 218.508685, 113.000000 
1838.898510, 220.550745, 114.000000 
1854.827265, 222.586367, 115.000000 
1870.754919, 224.622540, 116.000000 
1886.683675, 226.658162, 117.000000 
1902.618869, 228.690565, 118.000000 
1918.554063, 230.722968, 119.000000 
1934.460489, 232.769756, 120.000000 
1950.328265, 234.835868, 121.000000 
1966.153492, 236.923254, 122.000000 
1981.985550, 239.007225, 123.000000 
1997.817608, 241.091196, 124.000000 
2013.693827, 243.153087, 125.000000 
2029.570045, 245.214978, 126.000000 
2045.446263, 247.276868, 127.000000 
2061.322482, 249.338759, 128.000000 
2077.198700, 251.400650, 129.000000 
2093.074919, 253.462541, 130.000000 
2108.951137, 255.524431, 131.000000 
2124.793295, 257.603352, 132.000000 
2140.712860, 259.643570, 133.000000 
2156.632424, 261.683788, 134.000000 
2172.542604, 263.728698, 135.000000 
2188.452784, 265.773608, 136.000000 
2204.362963, 267.818518, 137.000000 
2220.273143, 269.863428, 138.000000 
2236.191120, 271.904440, 139.000000 
2252.063314, 273.968343, 140.000000 
2267.955252, 276.022374, 141.000000 
2283.871948, 278.064026, 142.000000 
2299.788645, 280.105677, 143.000000 
2315.690957, 282.154521, 144.000000 
2331.592628, 284.203686, 145.000000 
2347.494298, 286.252851, 146.000000 
2363.368823, 288.315589, 147.000000 
2379.234386, 290.382807, 148.000000 
2395.139316, 292.430342, 149.000000 
2411.044029, 294.477986, 150.000000 
2426.961572, 296.519214, 151.000000 
2442.879115, 298.560443, 152.000000 
2458.796657, 300.601671, 153.000000 
2474.714200, 302.642900, 154.000000 
2490.631166, 304.684417, 155.000000 
2506.548132, 306.725934, 156.000000 
2522.464521, 308.767739, 157.000000 
2538.270629, 310.864685, 158.000000 
2554.074438, 312.962781, 159.000000 
2569.878248, 315.060876, 160.000000 
2585.682057, 317.158972, 161.000000 
2601.473617, 319.263192, 162.000000 
2617.264936, 321.367532, 163.000000 
2633.056256, 323.471872, 164.000000 
2648.801000, 325.599500, 165.000000 
2664.473119, 327.763440, 166.000000 
2680.111861, 329.944070, 167.000000 
2695.750603, 332.124699, 168.000000 
2711.313424, 334.343288, 169.000000 
2726.859459, 336.570270, 170.000000 
2742.405494, 338.797253, 171.000000 
2757.951529, 341.024235, 172.000000 
2773.497565, 343.251218, 173.000000 
2789.066840, 345.466580, 174.000000 
2804.636115, 347.681942, 175.000000 
2820.205391, 349.897305, 176.000000 
2835.774666, 352.112667, 177.000000 
2851.343942, 354.328029, 178.000000 
2866.913217, 356.543392, 179.000000 
2882.473994, 358.763003, 180.000000 
2898.007880, 360.996060, 181.000000 
2913.541765, 363.229117, 182.000000 
2929.075651, 365.462175, 183.000000 
2944.609536, 367.695232, 184.000000 
2960.143421, 369.928289, 185.000000 
2975.677026, 372.161487, 186.000000 
2991.196266, 374.401867, 187.000000 
3006.787631, 376.606184, 188.000000 
3022.372197, 378.813902, 189.000000 
3037.962129, 381.018935, 190.000000 
3053.563698, 383.218151, 191.000000 
3069.165267, 385.417366, 192.000000 
3084.712156, 387.643922, 193.000000 
3100.317419, 389.841291, 194.000000 
3115.922681, 392.038659, 195.000000 
3131.505870, 394.247065, 196.000000 
3147.082364, 396.458818, 197.000000 
3162.661541, 398.669230, 198.000000 
3178.240718, 400.879641, 199.000000 
3193.819895, 403.090053, 200.000000 
3209.403669, 405.298165, 201.000000 
3224.992042, 407.503979, 202.000000 
3240.580414, 409.709793, 203.000000 
3256.168638, 411.915681, 204.000000 
3271.749152, 414.125424, 205.000000 
3287.321957, 416.339022, 206.000000 
3302.894762, 418.552619, 207.000000 
3318.467567, 420.766217, 208.000000 
3334.040359, 422.979821, 209.000000 
3349.613151, 425.193425, 210.000000 
3365.185943, 427.407029, 211.000000 
3380.681759, 429.659120, 212.000000 
3396.185121, 431.907439, 213.000000 
3411.688484, 434.155758, 214.000000 
3427.191593, 436.404204, 215.000000 
3442.678712, 438.660644, 216.000000 
3458.109217, 440.945392, 217.000000 
3473.539722, 443.230139, 218.000000 
3488.931390, 445.534305, 219.000000 
3504.323058, 447.838471, 220.000000 
3519.714726, 450.142637, 221.000000 
3535.135298, 452.432351, 222.000000 
3550.555869, 454.722065, 223.000000 
3566.036930, 456.981535, 224.000000 
3581.517976, 459.241012, 225.000000 
3597.059525, 461.470237, 226.000000 
3612.611310, 463.694345, 227.000000 
3628.191076, 465.904462, 228.000000 
3643.701850, 468.149075, 229.000000 
3659.213967, 470.393017, 230.000000 
3674.687246, 472.656377, 231.000000 
3690.170760, 474.914620, 232.000000 
3705.688684, 477.155658, 233.000000 
3721.197286, 479.401357, 234.000000 
3736.667123, 481.666438, 235.000000 
3752.136945, 483.931527, 236.000000 
3767.606767, 486.196616, 237.000000 
3783.030883, 488.484558, 238.000000 
3798.461055, 490.769472, 239.000000 
3813.891227, 493.054387, 240.000000 
3829.321399, 495.339301, 241.000000 
3844.751570, 497.624215, 242.000000 
3860.171536, 499.914232, 243.000000 
3875.591503, 502.204249, 244.000000 
3890.998145, 504.500928, 245.000000 
3906.421915, 506.789043, 246.000000 
3921.880493, 509.059753, 247.000000 
3937.339068, 511.330466, 248.000000 
3952.759218, 513.620391, 249.000000 
3968.179368, 515.910316, 250.000000 
3983.634474, 518.182763, 251.000000 
3999.084716, 520.457642, 252.000000 
4014.597318, 522.701341, 253.000000 
4030.039604, 524.980198, 254.000000 
4045.477309, 527.261346, 255.000000 
4060.911159, 529.544420, 256.000000 
4076.365858, 531.817071, 257.000000 
4091.819155, 534.090422, 258.000000 
4107.331240, 536.334380, 259.000000 
4122.883840, 538.558080, 260.000000 
4138.431857, 540.784072, 261.000000 
4153.979872, 543.010064, 262.000000 
4169.527887, 545.236057, 263.000000 
4185.075902, 547.462049, 264.000000 
4200.623916, 549.688042, 265.000000 
4216.171930, 551.914035, 266.000000 
4231.720110, 554.139945, 267.000000 
4247.268291, 556.365855, 268.000000 
4262.816471, 558.591764, 269.000000 
4278.364821, 560.817590, 270.000000 
4293.802803, 563.098598, 271.000000 
4309.240785, 565.379607, 272.000000 
4324.652542, 567.673729, 273.000000 
4340.063749, 569.968126, 274.000000 
4355.474955, 572.262523, 275.000000 
4370.918991, 574.540505, 276.000000 
4386.363027, 576.818487, 277.000000 
4401.881129, 579.059436, 278.000000 
4417.357673, 581.321163, 279.000000 
4432.833886, 583.583057, 280.000000 
4448.309436, 585.845282, 281.000000 
4463.783571, 588.108215, 282.000000 
4479.180609, 590.409695, 283.000000 
4494.577648, 592.711176, 284.000000 
4509.903690, 595.048155, 285.000000 
4525.338566, 597.330717, 286.000000 
4540.756164, 599.621918, 287.000000 
4556.201018, 601.899491, 288.000000 
4571.645871, 604.177064, 289.000000 
4587.125573, 606.437213, 290.000000 
4602.671342, 608.664329, 291.000000 
4618.187194, 610.906403, 292.000000 
4633.703047, 613.148476, 293.000000 
4649.216339, 615.391830, 294.000000 
4664.729631, 617.635184, 295.000000 
4680.228681, 619.885659, 296.000000 
4695.697815, 622.151093, 297.000000 
4711.128937, 624.435531, 298.000000 
4726.560069, 626.719966, 299.000000 
4741.991200, 629.004400, 300.000000 
4757.422331, 631.288834, 301.000000 
4772.853462, 633.573269, 302.000000 
4788.302601, 635.848700, 303.000000 
4803.748518, 638.125741, 304.000000 
4819.197442, 640.401279, 305.000000 
4834.646366, 642.676817, 306.000000 
4850.099356, 644.950322, 307.000000 
4865.552347, 647.223826, 308.000000 
4881.005338, 649.497331, 309.000000 
4896.458329, 651.770835, 310.000000 
4911.875871, 654.062065, 311.000000 
4927.293413, 656.353294, 312.000000 
4942.705610, 658.647195, 313.000000 
4958.118436, 660.940782, 314.000000 
4973.531118, 663.234441, 315.000000 
4988.943801, 665.528100, 316.000000 
5004.433703, 667.783149, 317.000000 
5019.923605, 670.038197, 318.000000 
5035.413508, 672.293246, 319.000000 
5050.903410, 674.548295, 320.000000 
5066.393312, 676.803344, 321.000000 
5081.883215, 679.058393, 322.000000 
5097.372488, 681.313756, 323.000000 
5112.862391, 683.568805, 324.000000 
5128.352293, 685.823854, 325.000000 
5143.842195, 688.078902, 326.000000 
5159.331929, 690.334035, 327.000000 
5174.821663, 692.589168, 328.000000 
5190.311711, 694.844144, 329.000000 
5205.801760, 697.099120, 330.000000 
5221.291808, 699.354096, 331.000000 
5236.839322, 701.580339, 332.000000 
5252.386834, 703.806583, 333.000000 
5267.934348, 706.032826, 334.000000 
5283.447136, 708.276432, 335.000000 
5298.959924, 710.520038, 336.000000 
5314.472712, 712.763644, 337.000000 
5329.985500, 715.007250, 338.000000 
5345.546460, 717.226770, 339.000000 
5361.107419, 719.446290, 340.000000 
5376.668379, 721.665811, 341.000000 
5392.229338, 723.885331, 342.000000 
5407.790298, 726.104851, 343.000000 
5423.351258, 728.324371, 344.000000 
5438.912217, 730.543891, 345.000000 
5454.473175, 732.763412, 346.000000 
5470.034133, 734.982934, 347.000000 
5485.595091, 737.202455, 348.000000 
5501.156048, 739.421976, 349.000000 
5516.717006, 741.641497, 350.000000 
5532.277964, 743.861018, 351.000000 
5547.838922, 746.080539, 352.000000 
5563.399879, 748.300060, 353.000000 
5578.960642, 750.519679, 354.000000 
5594.521404, 752.739298, 355.000000 
5610.082166, 754.958917, 356.000000 
5625.681580, 757.159210, 357.000000 
5641.280993, 759.359503, 358.000000 
5656.880407, 761.559796, 359.000000 
5672.479821, 763.760089, 360.000000 
5688.050025, 765.974987, 361.000000 
5703.744068, 768.127966, 362.000000 
5719.475726, 770.262137, 363.000000 
5735.126499, 772.436751, 364.000000 
5750.777272, 774.611364, 365.000000 
5766.428045, 776.785977, 366.000000 
5782.078818, 778.960591, 367.000000 
5797.729623, 781.135188, 368.000000 
5813.380428, 783.309786, 369.000000 
5829.031233, 785.484383, 370.000000 
5844.682038, 787.658981, 371.000000 
5860.332843, 789.833578, 372.000000 
5875.983648, 792.008176, 373.000000 
5891.634453, 794.182773, 374.000000 
5907.285258, 796.357371, 375.000000 
5922.903232, 798.548384, 376.000000 
5938.520859, 800.739571, 377.000000 
5954.140148, 802.929926, 378.000000 
5969.759437, 805.120281, 379.000000 
5985.378727, 807.310637, 380.000000 
6000.998016, 809.500992, 381.000000 
6016.617462, 811.691269, 382.000000 
6032.236909, 813.881546, 383.000000 
6047.856355, 816.071822, 384.000000 
6063.439740, 818.280130, 385.000000 
6078.985804, 820.507098, 386.000000 
6094.531867, 822.734066, 387.000000 
6110.077931, 824.961035, 388.000000 
6125.625248, 827.187376, 389.000000 
6141.172564, 829.413718, 390.000000 
6156.719880, 831.640060, 391.000000 
6172.307639, 833.846181, 392.000000 
6187.896712, 836.051644, 393.000000 
6203.505509, 838.247245, 394.000000 
6219.068553, 840.465724, 395.000000 
6234.631595, 842.684202, 396.000000 
6250.177360, 844.911320, 397.000000 
6265.723126, 847.138437, 398.000000 
6281.268891, 849.365555, 399.000000 
6296.814656, 851.592672, 400.000000 
6312.360422, 853.819789, 401.000000 
6327.906187, 856.046907, 402.000000 
6343.451952, 858.274024, 403.000000 
6358.997717, 860.501141, 404.000000 
6374.543273, 862.728364, 405.000000 
6390.087270, 864.956365, 406.000000 
6405.634383, 867.182808, 407.000000 
6421.180119, 869.409940, 408.000000 
6436.725856, 871.637072, 409.000000 
6452.206114, 873.896943, 410.000000 
6467.685139, 876.157430, 411.000000 
6483.098608, 878.450696, 412.000000 
6498.512077, 880.743962, 413.000000 
6513.928449, 883.035776, 414.000000 
6529.344821, 885.327590, 415.000000 
6544.716094, 887.641953, 416.000000 
6560.094875, 889.952562, 417.000000 
6575.473656, 892.263172, 418.000000 
6590.852436, 894.573782, 419.000000 
6606.231216, 896.884392, 420.000000 
6621.609996, 899.195002, 421.000000 
6636.988776, 901.505612, 422.000000 
6652.367556, 903.816222, 423.000000 
6667.746336, 906.126832, 424.000000 
6683.122556, 908.438722, 425.000000 
6698.498775, 910.750613, 426.000000 
6713.874994, 913.062503, 427.000000 
6729.305631, 915.347185, 428.000000 
6744.703187, 917.648407, 429.000000 
6760.095477, 919.952261, 430.000000 
6775.488808, 922.255596, 431.000000 
6790.882140, 924.558930, 432.000000 
6806.275471, 926.862265, 433.000000 
6821.666846, 929.166577, 434.000000 
6837.058220, 931.470890, 435.000000 
6852.449594, 933.775203, 436.000000 
6867.840968, 936.079516, 437.000000 
6883.314052, 938.342974, 438.000000 
6898.838659, 940.580670, 439.000000 
6914.363266, 942.818367, 440.000000 
6929.887873, 945.056063, 441.000000 
6945.416612, 947.291694, 442.000000 
6960.957116, 949.521442, 443.000000 
6976.497620, 951.751190, 444.000000 
6992.038124, 953.980938, 445.000000 
7007.578628, 956.210686, 446.000000 
7023.119132, 958.440434, 447.000000 
7038.659636, 960.670182, 448.000000 
7054.232804, 962.883598, 449.000000 
7069.808336, 965.095832, 450.000000 
7085.383869, 967.308066, 451.000000 
7100.975279, 969.512360, 452.000000 
7116.587681, 971.706159, 453.000000 
7132.200083, 973.899958, 454.000000 
7147.812485, 976.093758, 455.000000 
7163.424887, 978.287557, 456.000000 
7179.033796, 980.483102, 457.000000 
7194.643230, 982.678385, 458.000000 
7210.252665, 984.873667, 459.000000 
7225.854392, 987.072804, 460.000000 
7241.456118, 989.271941, 461.000000 
7257.057845, 991.471078, 462.000000 
7272.620855, 993.689573, 463.000000 
7288.179411, 995.910295, 464.000000 
7303.733716, 998.133142, 465.000000 
7319.288039, 1000.355980, 466.000000 
7334.842678, 1002.578661, 467.000000 
7350.448869, 1004.775566, 468.000000 
7366.055060, 1006.972470, 469.000000 
7381.657758, 1009.171121, 470.000000 
7397.260455, 1011.369772, 471.000000 
7412.863153, 1013.568424, 472.000000 
7428.457584, 1015.771208, 473.000000 
7444.052014, 1017.973993, 474.000000 
7459.591229, 1020.204385, 475.000000 
7475.106916, 1022.446542, 476.000000 
7490.619907, 1024.690047, 477.000000 
7506.132897, 1026.933551, 478.000000 
7521.645888, 1029.177056, 479.000000 
7537.158878, 1031.420561, 480.000000 
7552.671790, 1033.664105, 481.000000 
7568.136745, 1035.931627, 482.000000 
7583.601700, 1038.199150, 483.000000 
7599.070300, 1040.464850, 484.000000 
7614.540918, 1042.729541, 485.000000 
7630.000707, 1044.999646, 486.000000 
7645.460496, 1047.269752, 487.000000 
7660.920285, 1049.539858, 488.000000 
7676.367669, 1051.816166, 489.000000 
7691.815052, 1054.092474, 490.000000 
7707.223762, 1056.388119, 491.000000 
7722.632473, 1058.683764, 492.000000 
7738.041183, 1060.979409, 493.000000 
7753.449893, 1063.275054, 494.000000 
7768.858603, 1065.570698, 495.000000 
7784.238704, 1067.880648, 496.000000 
7799.618805, 1070.190597, 497.000000 
7814.998906, 1072.500547, 498.000000 
7830.379007, 1074.810496, 499.000000 
17.891924, 1.054038, 1.000000 
35.728589, 2.135706, 2.000000 
53.493840, 3.253080, 3.000000 
71.201487, 4.399257, 4.000000 
