0.000000E+00 
2.599454E-05 
0.000000E+00 
2.021418E-05 
0.000000E+00 
0.000000E+00 
0.000000E+00 
0.000000E+00 
0.000000E+00 
0.000000E+00 
0.000000E+00 
0.000000E+00 
3.565092E-05 
0.000000E+00 
0.000000E+00 
0.000000E+00 
2.045008E-05 
0.000000E+00 
0.000000E+00 
0.000000E+00 
0.000000E+00 
2.688061E-05 
0.000000E+00 
0.000000E+00 
0.000000E+00 
0.000000E+00 
0.000000E+00 
0.000000E+00 
0.000000E+00 
0.000000E+00 
0.000000E+00 
0.000000E+00 
0.000000E+00 
0.000000E+00 
0.000000E+00 
0.000000E+00 
0.000000E+00 
0.000000E+00 
0.000000E+00 
2.599790E-05 
3.410398E-05 
0.000000E+00 
0.000000E+00 
0.000000E+00 
1.587353E-05 
0.000000E+00 
1.779843E-05 
0.000000E+00 
0.000000E+00 
0.000000E+00 
0.000000E+00 
0.000000E+00 
4.272068E-05 
0.000000E+00 
0.000000E+00 
0.000000E+00 
0.000000E+00 
1.981252E-05 
1.977566E-05 
0.000000E+00 
0.000000E+00 
0.000000E+00 
0.000000E+00 
0.000000E+00 
0.000000E+00 
0.000000E+00 
0.000000E+00 
0.000000E+00 
1.763144E-05 
0.000000E+00 
0.000000E+00 
0.000000E+00 
0.000000E+00 
0.000000E+00 
0.000000E+00 
0.000000E+00 
0.000000E+00 
0.000000E+00 
0.000000E+00 
0.000000E+00 
0.000000E+00 
0.000000E+00 
0.000000E+00 
0.000000E+00 
0.000000E+00 
0.000000E+00 
0.000000E+00 
2.053604E-05 
0.000000E+00 
0.000000E+00 
0.000000E+00 
0.000000E+00 
0.000000E+00 
2.060415E-05 
0.000000E+00 
0.000000E+00 
0.000000E+00 
0.000000E+00 
0.000000E+00 
0.000000E+00 
3.710055E-05 
0.000000E+00 
3.167624E-05 
0.000000E+00 
0.000000E+00 
0.000000E+00 
0.000000E+00 
3.506263E-05 
0.000000E+00 
0.000000E+00 
2.119336E-05 
0.000000E+00 
0.000000E+00 
0.000000E+00 
0.000000E+00 
0.000000E+00 
0.000000E+00 
0.000000E+00 
0.000000E+00 
0.000000E+00 
1.796778E-05 
0.000000E+00 
0.000000E+00 
0.000000E+00 
0.000000E+00 
0.000000E+00 
0.000000E+00 
0.000000E+00 
0.000000E+00 
0.000000E+00 
1.862845E-05 
0.000000E+00 
2.130264E-05 
0.000000E+00 
0.000000E+00 
0.000000E+00 
0.000000E+00 
0.000000E+00 
0.000000E+00 
0.000000E+00 
2.085568E-05 
1.639303E-05 
0.000000E+00 
1.559844E-05 
0.000000E+00 
0.000000E+00 
0.000000E+00 
0.000000E+00 
0.000000E+00 
0.000000E+00 
0.000000E+00 
0.000000E+00 
0.000000E+00 
0.000000E+00 
0.000000E+00 
0.000000E+00 
1.691458E-05 
0.000000E+00 
0.000000E+00 
0.000000E+00 
2.339770E-05 
0.000000E+00 
0.000000E+00 
1.433448E-05 
0.000000E+00 
0.000000E+00 
2.201679E-05 
0.000000E+00 
2.339910E-05 
0.000000E+00 
0.000000E+00 
0.000000E+00 
2.349492E-05 
0.000000E+00 
0.000000E+00 
0.000000E+00 
0.000000E+00 
2.363893E-05 
4.018911E-05 
0.000000E+00 
2.120013E-05 
0.000000E+00 
0.000000E+00 
2.607053E-05 
2.267648E-05 
0.000000E+00 
0.000000E+00 
1.670111E-05 
0.000000E+00 
2.061508E-05 
1.742600E-05 
0.000000E+00 
0.000000E+00 
1.955186E-05 
0.000000E+00 
0.000000E+00 
0.000000E+00 
0.000000E+00 
0.000000E+00 
0.000000E+00 
0.000000E+00 
0.000000E+00 
0.000000E+00 
0.000000E+00 
0.000000E+00 
0.000000E+00 
0.000000E+00 
2.603306E-05 
0.000000E+00 
0.000000E+00 
2.094697E-05 
0.000000E+00 
0.000000E+00 
0.000000E+00 
2.094741E-05 
0.000000E+00 
0.000000E+00 
0.000000E+00 
0.000000E+00 
0.000000E+00 
0.000000E+00 
0.000000E+00 
0.000000E+00 
0.000000E+00 
0.000000E+00 
0.000000E+00 
0.000000E+00 
2.272559E-05 
0.000000E+00 
0.000000E+00 
0.000000E+00 
0.000000E+00 
0.000000E+00 
2.119487E-05 
0.000000E+00 
0.000000E+00 
0.000000E+00 
0.000000E+00 
0.000000E+00 
0.000000E+00 
0.000000E+00 
0.000000E+00 
0.000000E+00 
1.808221E-05 
0.000000E+00 
0.000000E+00 
0.000000E+00 
0.000000E+00 
0.000000E+00 
0.000000E+00 
0.000000E+00 
0.000000E+00 
0.000000E+00 
0.000000E+00 
2.199420E-05 
0.000000E+00 
0.000000E+00 
0.000000E+00 
0.000000E+00 
0.000000E+00 
0.000000E+00 
0.000000E+00 
0.000000E+00 
0.000000E+00 
0.000000E+00 
0.000000E+00 
0.000000E+00 
0.000000E+00 
0.000000E+00 
0.000000E+00 
0.000000E+00 
0.000000E+00 
0.000000E+00 
1.955521E-05 
0.000000E+00 
1.775295E-05 
0.000000E+00 
0.000000E+00 
1.775326E-05 
0.000000E+00 
0.000000E+00 
0.000000E+00 
0.000000E+00 
0.000000E+00 
0.000000E+00 
0.000000E+00 
0.000000E+00 
1.834897E-05 
0.000000E+00 
4.498724E-05 
0.000000E+00 
0.000000E+00 
0.000000E+00 
0.000000E+00 
0.000000E+00 
0.000000E+00 
0.000000E+00 
0.000000E+00 
0.000000E+00 
0.000000E+00 
0.000000E+00 
0.000000E+00 
0.000000E+00 
0.000000E+00 
0.000000E+00 
0.000000E+00 
0.000000E+00 
0.000000E+00 
0.000000E+00 
0.000000E+00 
0.000000E+00 
0.000000E+00 
0.000000E+00 
0.000000E+00 
0.000000E+00 
0.000000E+00 
0.000000E+00 
0.000000E+00 
0.000000E+00 
0.000000E+00 
0.000000E+00 
0.000000E+00 
0.000000E+00 
0.000000E+00 
0.000000E+00 
0.000000E+00 
0.000000E+00 
0.000000E+00 
0.000000E+00 
0.000000E+00 
0.000000E+00 
0.000000E+00 
0.000000E+00 
0.000000E+00 
1.538540E-05 
1.416545E-05 
0.000000E+00 
0.000000E+00 
0.000000E+00 
0.000000E+00 
0.000000E+00 
0.000000E+00 
0.000000E+00 
0.000000E+00 
0.000000E+00 
0.000000E+00 
0.000000E+00 
0.000000E+00 
0.000000E+00 
0.000000E+00 
0.000000E+00 
0.000000E+00 
0.000000E+00 
0.000000E+00 
0.000000E+00 
0.000000E+00 
0.000000E+00 
0.000000E+00 
0.000000E+00 
0.000000E+00 
0.000000E+00 
0.000000E+00 
0.000000E+00 
0.000000E+00 
0.000000E+00 
3.236406E-05 
2.048854E-05 
0.000000E+00 
0.000000E+00 
0.000000E+00 
0.000000E+00 
0.000000E+00 
0.000000E+00 
0.000000E+00 
0.000000E+00 
0.000000E+00 
0.000000E+00 
1.796336E-05 
0.000000E+00 
0.000000E+00 
0.000000E+00 
0.000000E+00 
0.000000E+00 
0.000000E+00 
0.000000E+00 
0.000000E+00 
0.000000E+00 
0.000000E+00 
1.814256E-05 
0.000000E+00 
0.000000E+00 
0.000000E+00 
0.000000E+00 
0.000000E+00 
0.000000E+00 
0.000000E+00 
0.000000E+00 
0.000000E+00 
0.000000E+00 
1.998703E-05 
0.000000E+00 
0.000000E+00 
0.000000E+00 
0.000000E+00 
0.000000E+00 
0.000000E+00 
0.000000E+00 
0.000000E+00 
0.000000E+00 
0.000000E+00 
0.000000E+00 
1.706613E-05 
0.000000E+00 
0.000000E+00 
0.000000E+00 
0.000000E+00 
0.000000E+00 
0.000000E+00 
0.000000E+00 
0.000000E+00 
0.000000E+00 
0.000000E+00 
1.871096E-05 
0.000000E+00 
1.784918E-05 
0.000000E+00 
0.000000E+00 
0.000000E+00 
0.000000E+00 
0.000000E+00 
2.022643E-05 
2.022684E-05 
0.000000E+00 
0.000000E+00 
1.845456E-05 
0.000000E+00 
1.623471E-05 
0.000000E+00 
0.000000E+00 
0.000000E+00 
0.000000E+00 
0.000000E+00 
0.000000E+00 
0.000000E+00 
1.699061E-05 
0.000000E+00 
3.247051E-05 
0.000000E+00 
2.333375E-05 
1.623616E-05 
1.623642E-05 
0.000000E+00 
0.000000E+00 
0.000000E+00 
0.000000E+00 
0.000000E+00 
0.000000E+00 
1.889089E-05 
0.000000E+00 
0.000000E+00 
0.000000E+00 
0.000000E+00 
0.000000E+00 
0.000000E+00 
1.753935E-05 
0.000000E+00 
0.000000E+00 
0.000000E+00 
0.000000E+00 
0.000000E+00 
0.000000E+00 
0.000000E+00 
1.852170E-05 
0.000000E+00 
0.000000E+00 
0.000000E+00 
5.450435E-05 
0.000000E+00 
0.000000E+00 
0.000000E+00 
0.000000E+00 
2.113850E-05 
0.000000E+00 
1.505877E-05 
0.000000E+00 
0.000000E+00 
1.545421E-05 
0.000000E+00 
0.000000E+00 
0.000000E+00 
0.000000E+00 
0.000000E+00 
0.000000E+00 
0.000000E+00 
0.000000E+00 
0.000000E+00 
0.000000E+00 
0.000000E+00 
0.000000E+00 
0.000000E+00 
0.000000E+00 
1.879405E-05 
0.000000E+00 
0.000000E+00 
0.000000E+00 
0.000000E+00 
0.000000E+00 
0.000000E+00 
0.000000E+00 
0.000000E+00 
0.000000E+00 
1.380859E-05 
0.000000E+00 
0.000000E+00 
0.000000E+00 
0.000000E+00 
0.000000E+00 
0.000000E+00 
2.379118E-05 
0.000000E+00 
0.000000E+00 
0.000000E+00 
0.000000E+00 
0.000000E+00 
0.000000E+00 
0.000000E+00 
0.000000E+00 
4.737938E-05 
0.000000E+00 
0.000000E+00 
0.000000E+00 
0.000000E+00 
1.358852E-05 
0.000000E+00 
0.000000E+00 
0.000000E+00 
0.000000E+00 
0.000000E+00 
0.000000E+00 
4.107918E-05 
0.000000E+00 
0.000000E+00 
0.000000E+00 
1.299441E-05 
0.000000E+00 
0.000000E+00 
0.000000E+00 
0.000000E+00 
0.000000E+00 
0.000000E+00 
0.000000E+00 
0.000000E+00 
0.000000E+00 
0.000000E+00 
0.000000E+00 
0.000000E+00 
0.000000E+00 
0.000000E+00 
0.000000E+00 
0.000000E+00 
0.000000E+00 
0.000000E+00 
0.000000E+00 
1.698073E-05 
0.000000E+00 
0.000000E+00 
2.334321E-05 
0.000000E+00 
0.000000E+00 
0.000000E+00 
0.000000E+00 
2.420039E-05 
0.000000E+00 
1.967733E-05 
0.000000E+00 
0.000000E+00 
0.000000E+00 
0.000000E+00 
0.000000E+00 
0.000000E+00 
2.518673E-05 
0.000000E+00 
0.000000E+00 
0.000000E+00 
0.000000E+00 
0.000000E+00 
0.000000E+00 
1.874523E-05 
0.000000E+00 
0.000000E+00 
0.000000E+00 
0.000000E+00 
0.000000E+00 
0.000000E+00 
0.000000E+00 
0.000000E+00 
0.000000E+00 
0.000000E+00 
1.645399E-05 
0.000000E+00 
0.000000E+00 
0.000000E+00 
0.000000E+00 
0.000000E+00 
0.000000E+00 
0.000000E+00 
0.000000E+00 
0.000000E+00 
0.000000E+00 
0.000000E+00 
0.000000E+00 
0.000000E+00 
1.763047E-05 
0.000000E+00 
0.000000E+00 
0.000000E+00 
0.000000E+00 
0.000000E+00 
0.000000E+00 
0.000000E+00 
0.000000E+00 
1.763078E-05 
0.000000E+00 
0.000000E+00 
0.000000E+00 
0.000000E+00 
0.000000E+00 
0.000000E+00 
0.000000E+00 
1.181336E-05 
0.000000E+00 
0.000000E+00 
0.000000E+00 
0.000000E+00 
1.181349E-05 
0.000000E+00 
0.000000E+00 
0.000000E+00 
0.000000E+00 
1.369257E-05 
0.000000E+00 
0.000000E+00 
0.000000E+00 
0.000000E+00 
0.000000E+00 
0.000000E+00 
1.813273E-05 
0.000000E+00 
0.000000E+00 
0.000000E+00 
0.000000E+00 
0.000000E+00 
0.000000E+00 
0.000000E+00 
0.000000E+00 
0.000000E+00 
0.000000E+00 
0.000000E+00 
0.000000E+00 
0.000000E+00 
0.000000E+00 
0.000000E+00 
0.000000E+00 
0.000000E+00 
0.000000E+00 
0.000000E+00 
0.000000E+00 
0.000000E+00 
1.731466E-05 
0.000000E+00 
0.000000E+00 
0.000000E+00 
0.000000E+00 
0.000000E+00 
0.000000E+00 
0.000000E+00 
0.000000E+00 
0.000000E+00 
0.000000E+00 
0.000000E+00 
0.000000E+00 
0.000000E+00 
0.000000E+00 
0.000000E+00 
0.000000E+00 
0.000000E+00 
0.000000E+00 
0.000000E+00 
0.000000E+00 
0.000000E+00 
0.000000E+00 
0.000000E+00 
0.000000E+00 
1.386392E-05 
0.000000E+00 
0.000000E+00 
1.788892E-05 
0.000000E+00 
0.000000E+00 
0.000000E+00 
0.000000E+00 
0.000000E+00 
2.016084E-05 
0.000000E+00 
0.000000E+00 
0.000000E+00 
0.000000E+00 
0.000000E+00 
1.766089E-05 
0.000000E+00 
0.000000E+00 
0.000000E+00 
1.893424E-05 
1.969302E-05 
1.229423E-05 
0.000000E+00 
0.000000E+00 
0.000000E+00 
0.000000E+00 
0.000000E+00 
0.000000E+00 
0.000000E+00 
0.000000E+00 
0.000000E+00 
0.000000E+00 
0.000000E+00 
0.000000E+00 
0.000000E+00 
0.000000E+00 
0.000000E+00 
0.000000E+00 
0.000000E+00 
0.000000E+00 
0.000000E+00 
0.000000E+00 
0.000000E+00 
0.000000E+00 
0.000000E+00 
0.000000E+00 
0.000000E+00 
1.435217E-05 
2.048803E-05 
5.317120E-05 
0.000000E+00 
0.000000E+00 
0.000000E+00 
0.000000E+00 
0.000000E+00 
0.000000E+00 
0.000000E+00 
3.936667E-05 
0.000000E+00 
0.000000E+00 
0.000000E+00 
0.000000E+00 
0.000000E+00 
0.000000E+00 
0.000000E+00 
0.000000E+00 
0.000000E+00 
0.000000E+00 
0.000000E+00 
2.442067E-05 
0.000000E+00 
0.000000E+00 
0.000000E+00 
0.000000E+00 
0.000000E+00 
2.154052E-05 
0.000000E+00 
0.000000E+00 
0.000000E+00 
0.000000E+00 
0.000000E+00 
0.000000E+00 
1.221090E-05 
0.000000E+00 
0.000000E+00 
0.000000E+00 
0.000000E+00 
0.000000E+00 
2.012181E-05 
0.000000E+00 
0.000000E+00 
0.000000E+00 
0.000000E+00 
3.709290E-05 
3.998528E-05 
0.000000E+00 
0.000000E+00 
0.000000E+00 
0.000000E+00 
0.000000E+00 
0.000000E+00 
0.000000E+00 
2.006221E-05 
1.399786E-05 
0.000000E+00 
0.000000E+00 
0.000000E+00 
0.000000E+00 
0.000000E+00 
0.000000E+00 
1.603777E-05 
0.000000E+00 
2.005064E-05 
0.000000E+00 
0.000000E+00 
0.000000E+00 
0.000000E+00 
3.202677E-05 
0.000000E+00 
0.000000E+00 
0.000000E+00 
0.000000E+00 
0.000000E+00 
0.000000E+00 
0.000000E+00 
2.015808E-05 
0.000000E+00 
0.000000E+00 
0.000000E+00 
0.000000E+00 
0.000000E+00 
1.561663E-05 
0.000000E+00 
0.000000E+00 
0.000000E+00 
0.000000E+00 
0.000000E+00 
0.000000E+00 
0.000000E+00 
0.000000E+00 
0.000000E+00 
0.000000E+00 
0.000000E+00 
1.850633E-05 
0.000000E+00 
0.000000E+00 
0.000000E+00 
0.000000E+00 
0.000000E+00 
0.000000E+00 
1.929812E-05 
0.000000E+00 
1.187122E-05 
0.000000E+00 
0.000000E+00 
0.000000E+00 
0.000000E+00 
0.000000E+00 
0.000000E+00 
0.000000E+00 
0.000000E+00 
0.000000E+00 
0.000000E+00 
0.000000E+00 
0.000000E+00 
0.000000E+00 
0.000000E+00 
1.546650E-05 
0.000000E+00 
0.000000E+00 
0.000000E+00 
0.000000E+00 
0.000000E+00 
1.961613E-05 
0.000000E+00 
0.000000E+00 
0.000000E+00 
1.204532E-05 
5.384587E-05 
2.112015E-05 
0.000000E+00 
0.000000E+00 
0.000000E+00 
0.000000E+00 
0.000000E+00 
0.000000E+00 
0.000000E+00 
0.000000E+00 
0.000000E+00 
0.000000E+00 
0.000000E+00 
0.000000E+00 
0.000000E+00 
2.328918E-05 
0.000000E+00 
0.000000E+00 
2.328972E-05 
0.000000E+00 
0.000000E+00 
2.329027E-05 
0.000000E+00 
0.000000E+00 
0.000000E+00 
0.000000E+00 
0.000000E+00 
0.000000E+00 
0.000000E+00 
1.900782E-05 
0.000000E+00 
0.000000E+00 
0.000000E+00 
1.970425E-05 
0.000000E+00 
1.191093E-05 
0.000000E+00 
1.689173E-05 
0.000000E+00 
0.000000E+00 
0.000000E+00 
0.000000E+00 
0.000000E+00 
0.000000E+00 
0.000000E+00 
0.000000E+00 
0.000000E+00 
0.000000E+00 
0.000000E+00 
0.000000E+00 
0.000000E+00 
0.000000E+00 
0.000000E+00 
0.000000E+00 
0.000000E+00 
0.000000E+00 
0.000000E+00 
1.856881E-05 
0.000000E+00 
0.000000E+00 
0.000000E+00 
0.000000E+00 
0.000000E+00 
1.499696E-05 
0.000000E+00 
0.000000E+00 
0.000000E+00 
0.000000E+00 
1.695218E-05 
0.000000E+00 
0.000000E+00 
0.000000E+00 
0.000000E+00 
0.000000E+00 
0.000000E+00 
0.000000E+00 
0.000000E+00 
0.000000E+00 
0.000000E+00 
0.000000E+00 
0.000000E+00 
0.000000E+00 
0.000000E+00 
0.000000E+00 
0.000000E+00 
0.000000E+00 
0.000000E+00 
0.000000E+00 
0.000000E+00 
0.000000E+00 
0.000000E+00 
0.000000E+00 
0.000000E+00 
0.000000E+00 
0.000000E+00 
0.000000E+00 
0.000000E+00 
0.000000E+00 
0.000000E+00 
0.000000E+00 
0.000000E+00 
0.000000E+00 
0.000000E+00 
0.000000E+00 
1.695246E-05 
0.000000E+00 
0.000000E+00 
0.000000E+00 
0.000000E+00 
0.000000E+00 
0.000000E+00 
0.000000E+00 
0.000000E+00 
0.000000E+00 
0.000000E+00 
0.000000E+00 
0.000000E+00 
0.000000E+00 
0.000000E+00 
1.788170E-05 
0.000000E+00 
0.000000E+00 
0.000000E+00 
0.000000E+00 
0.000000E+00 
0.000000E+00 
0.000000E+00 
0.000000E+00 
0.000000E+00 
1.334811E-05 
1.782237E-05 
0.000000E+00 
0.000000E+00 
0.000000E+00 
0.000000E+00 
0.000000E+00 
0.000000E+00 
0.000000E+00 
0.000000E+00 
0.000000E+00 
0.000000E+00 
0.000000E+00 
0.000000E+00 
0.000000E+00 
0.000000E+00 
0.000000E+00 
0.000000E+00 
0.000000E+00 
0.000000E+00 
0.000000E+00 
0.000000E+00 
0.000000E+00 
1.931176E-05 
0.000000E+00 
0.000000E+00 
0.000000E+00 
0.000000E+00 
0.000000E+00 
0.000000E+00 
0.000000E+00 
0.000000E+00 
3.245834E-05 
0.000000E+00 
0.000000E+00 
0.000000E+00 
0.000000E+00 
0.000000E+00 
0.000000E+00 
0.000000E+00 
0.000000E+00 
0.000000E+00 
0.000000E+00 
0.000000E+00 
0.000000E+00 
0.000000E+00 
0.000000E+00 
0.000000E+00 
0.000000E+00 
0.000000E+00 
0.000000E+00 
0.000000E+00 
0.000000E+00 
0.000000E+00 
0.000000E+00 
0.000000E+00 
0.000000E+00 
0.000000E+00 
0.000000E+00 
1.402583E-05 
0.000000E+00 
0.000000E+00 
0.000000E+00 
0.000000E+00 
0.000000E+00 
1.338521E-05 
0.000000E+00 
0.000000E+00 
0.000000E+00 
0.000000E+00 
0.000000E+00 
0.000000E+00 
1.143755E-05 
0.000000E+00 
0.000000E+00 
0.000000E+00 
0.000000E+00 
0.000000E+00 
0.000000E+00 
0.000000E+00 
0.000000E+00 
1.999352E-05 
0.000000E+00 
0.000000E+00 
0.000000E+00 
0.000000E+00 
0.000000E+00 
0.000000E+00 
0.000000E+00 
0.000000E+00 
0.000000E+00 
0.000000E+00 
0.000000E+00 
0.000000E+00 
0.000000E+00 
1.068793E-05 
0.000000E+00 
0.000000E+00 
0.000000E+00 
0.000000E+00 
0.000000E+00 
0.000000E+00 
0.000000E+00 
0.000000E+00 
0.000000E+00 
0.000000E+00 
0.000000E+00 
1.405974E-05 
1.068820E-05 
0.000000E+00 
0.000000E+00 
0.000000E+00 
0.000000E+00 
0.000000E+00 
0.000000E+00 
0.000000E+00 
0.000000E+00 
0.000000E+00 
1.216381E-05 
0.000000E+00 
0.000000E+00 
0.000000E+00 
0.000000E+00 
0.000000E+00 
0.000000E+00 
0.000000E+00 
0.000000E+00 
1.612653E-05 
0.000000E+00 
0.000000E+00 
0.000000E+00 
0.000000E+00 
0.000000E+00 
0.000000E+00 
0.000000E+00 
0.000000E+00 
0.000000E+00 
0.000000E+00 
0.000000E+00 
0.000000E+00 
0.000000E+00 
0.000000E+00 
0.000000E+00 
0.000000E+00 
0.000000E+00 
0.000000E+00 
0.000000E+00 
0.000000E+00 
0.000000E+00 
1.265987E-05 
0.000000E+00 
0.000000E+00 
0.000000E+00 
0.000000E+00 
0.000000E+00 
0.000000E+00 
3.848676E-05 
0.000000E+00 
0.000000E+00 
0.000000E+00 
1.924412E-05 
0.000000E+00 
0.000000E+00 
0.000000E+00 
0.000000E+00 
0.000000E+00 
0.000000E+00 
0.000000E+00 
0.000000E+00 
1.901233E-05 
0.000000E+00 
0.000000E+00 
0.000000E+00 
0.000000E+00 
0.000000E+00 
0.000000E+00 
0.000000E+00 
0.000000E+00 
1.395964E-05 
0.000000E+00 
0.000000E+00 
0.000000E+00 
0.000000E+00 
0.000000E+00 
0.000000E+00 
0.000000E+00 
0.000000E+00 
1.117670E-05 
0.000000E+00 
0.000000E+00 
0.000000E+00 
1.328488E-05 
0.000000E+00 
0.000000E+00 
0.000000E+00 
1.921329E-05 
0.000000E+00 
0.000000E+00 
1.923888E-05 
0.000000E+00 
0.000000E+00 
0.000000E+00 
1.923925E-05 
0.000000E+00 
0.000000E+00 
0.000000E+00 
0.000000E+00 
0.000000E+00 
0.000000E+00 
0.000000E+00 
0.000000E+00 
0.000000E+00 
5.411829E-05 
0.000000E+00 
0.000000E+00 
0.000000E+00 
0.000000E+00 
0.000000E+00 
0.000000E+00 
0.000000E+00 
0.000000E+00 
0.000000E+00 
0.000000E+00 
0.000000E+00 
0.000000E+00 
0.000000E+00 
0.000000E+00 
0.000000E+00 
0.000000E+00 
0.000000E+00 
1.117822E-05 
0.000000E+00 
0.000000E+00 
1.982451E-05 
1.957929E-05 
1.575461E-05 
0.000000E+00 
0.000000E+00 
1.575486E-05 
0.000000E+00 
0.000000E+00 
0.000000E+00 
0.000000E+00 
1.298010E-05 
0.000000E+00 
0.000000E+00 
0.000000E+00 
0.000000E+00 
0.000000E+00 
0.000000E+00 
0.000000E+00 
0.000000E+00 
0.000000E+00 
0.000000E+00 
0.000000E+00 
0.000000E+00 
0.000000E+00 
0.000000E+00 
0.000000E+00 
0.000000E+00 
0.000000E+00 
0.000000E+00 
0.000000E+00 
0.000000E+00 
0.000000E+00 
0.000000E+00 
1.337930E-05 
0.000000E+00 
3.283058E-05 
0.000000E+00 
0.000000E+00 
0.000000E+00 
0.000000E+00 
0.000000E+00 
0.000000E+00 
0.000000E+00 
0.000000E+00 
0.000000E+00 
1.347604E-05 
0.000000E+00 
0.000000E+00 
0.000000E+00 
0.000000E+00 
0.000000E+00 
0.000000E+00 
0.000000E+00 
0.000000E+00 
1.386676E-05 
1.091091E-05 
0.000000E+00 
0.000000E+00 
0.000000E+00 
0.000000E+00 
0.000000E+00 
0.000000E+00 
5.794466E-05 
0.000000E+00 
5.794801E-05 
1.862421E-05 
0.000000E+00 
0.000000E+00 
0.000000E+00 
0.000000E+00 
0.000000E+00 
0.000000E+00 
0.000000E+00 
1.076647E-05 
0.000000E+00 
0.000000E+00 
0.000000E+00 
2.792960E-05 
1.448867E-05 
0.000000E+00 
0.000000E+00 
0.000000E+00 
1.621878E-05 
0.000000E+00 
0.000000E+00 
0.000000E+00 
0.000000E+00 
0.000000E+00 
0.000000E+00 
0.000000E+00 
1.186698E-05 
0.000000E+00 
0.000000E+00 
0.000000E+00 
0.000000E+00 
0.000000E+00 
0.000000E+00 
0.000000E+00 
1.219120E-05 
0.000000E+00 
0.000000E+00 
0.000000E+00 
0.000000E+00 
0.000000E+00 
0.000000E+00 
0.000000E+00 
0.000000E+00 
1.736321E-05 
0.000000E+00 
0.000000E+00 
0.000000E+00 
0.000000E+00 
0.000000E+00 
0.000000E+00 
0.000000E+00 
1.288292E-05 
0.000000E+00 
0.000000E+00 
1.568470E-05 
0.000000E+00 
0.000000E+00 
0.000000E+00 
0.000000E+00 
0.000000E+00 
0.000000E+00 
0.000000E+00 
0.000000E+00 
0.000000E+00 
0.000000E+00 
0.000000E+00 
1.280034E-05 
0.000000E+00 
1.364541E-05 
0.000000E+00 
0.000000E+00 
0.000000E+00 
0.000000E+00 
0.000000E+00 
1.262667E-05 
1.772975E-05 
0.000000E+00 
0.000000E+00 
1.288402E-05 
0.000000E+00 
0.000000E+00 
1.502823E-05 
0.000000E+00 
0.000000E+00 
1.174643E-05 
1.543673E-05 
0.000000E+00 
1.217395E-05 
0.000000E+00 
0.000000E+00 
0.000000E+00 
0.000000E+00 
0.000000E+00 
0.000000E+00 
0.000000E+00 
0.000000E+00 
0.000000E+00 
0.000000E+00 
0.000000E+00 
0.000000E+00 
0.000000E+00 
0.000000E+00 
0.000000E+00 
0.000000E+00 
0.000000E+00 
1.946325E-05 
0.000000E+00 
1.444733E-05 
0.000000E+00 
1.246883E-05 
1.417969E-05 
0.000000E+00 
0.000000E+00 
0.000000E+00 
0.000000E+00 
1.437562E-05 
0.000000E+00 
2.844798E-05 
0.000000E+00 
0.000000E+00 
1.610133E-05 
0.000000E+00 
0.000000E+00 
0.000000E+00 
0.000000E+00 
0.000000E+00 
0.000000E+00 
0.000000E+00 
2.412879E-05 
0.000000E+00 
0.000000E+00 
0.000000E+00 
0.000000E+00 
0.000000E+00 
0.000000E+00 
0.000000E+00 
0.000000E+00 
0.000000E+00 
0.000000E+00 
0.000000E+00 
0.000000E+00 
1.037160E-05 
0.000000E+00 
0.000000E+00 
0.000000E+00 
0.000000E+00 
0.000000E+00 
1.830472E-05 
0.000000E+00 
0.000000E+00 
0.000000E+00 
0.000000E+00 
0.000000E+00 
0.000000E+00 
0.000000E+00 
0.000000E+00 
0.000000E+00 
0.000000E+00 
0.000000E+00 
0.000000E+00 
2.016316E-05 
0.000000E+00 
0.000000E+00 
0.000000E+00 
0.000000E+00 
0.000000E+00 
0.000000E+00 
0.000000E+00 
0.000000E+00 
0.000000E+00 
1.483858E-05 
0.000000E+00 
0.000000E+00 
0.000000E+00 
0.000000E+00 
0.000000E+00 
0.000000E+00 
0.000000E+00 
0.000000E+00 
1.154802E-05 
0.000000E+00 
0.000000E+00 
0.000000E+00 
0.000000E+00 
0.000000E+00 
0.000000E+00 
0.000000E+00 
0.000000E+00 
0.000000E+00 
0.000000E+00 
0.000000E+00 
0.000000E+00 
0.000000E+00 
1.229354E-05 
0.000000E+00 
2.704601E-05 
0.000000E+00 
0.000000E+00 
0.000000E+00 
0.000000E+00 
0.000000E+00 
0.000000E+00 
0.000000E+00 
0.000000E+00 
0.000000E+00 
0.000000E+00 
1.215314E-05 
0.000000E+00 
0.000000E+00 
0.000000E+00 
2.004670E-05 
0.000000E+00 
1.516177E-05 
1.946920E-05 
0.000000E+00 
0.000000E+00 
0.000000E+00 
0.000000E+00 
1.907289E-05 
0.000000E+00 
0.000000E+00 
0.000000E+00 
0.000000E+00 
0.000000E+00 
0.000000E+00 
0.000000E+00 
0.000000E+00 
0.000000E+00 
0.000000E+00 
0.000000E+00 
0.000000E+00 
0.000000E+00 
0.000000E+00 
0.000000E+00 
1.435610E-05 
0.000000E+00 
0.000000E+00 
0.000000E+00 
0.000000E+00 
0.000000E+00 
1.578601E-05 
0.000000E+00 
0.000000E+00 
0.000000E+00 
0.000000E+00 
1.881451E-05 
0.000000E+00 
0.000000E+00 
0.000000E+00 
1.147156E-05 
0.000000E+00 
0.000000E+00 
0.000000E+00 
0.000000E+00 
0.000000E+00 
0.000000E+00 
0.000000E+00 
0.000000E+00 
0.000000E+00 
0.000000E+00 
1.536007E-05 
0.000000E+00 
0.000000E+00 
0.000000E+00 
0.000000E+00 
0.000000E+00 
0.000000E+00 
0.000000E+00 
1.252980E-05 
0.000000E+00 
0.000000E+00 
0.000000E+00 
0.000000E+00 
0.000000E+00 
1.120758E-05 
1.447353E-05 
0.000000E+00 
1.090431E-05 
0.000000E+00 
0.000000E+00 
0.000000E+00 
0.000000E+00 
1.424155E-05 
0.000000E+00 
0.000000E+00 
0.000000E+00 
0.000000E+00 
0.000000E+00 
1.310764E-05 
0.000000E+00 
0.000000E+00 
0.000000E+00 
0.000000E+00 
0.000000E+00 
0.000000E+00 
0.000000E+00 
0.000000E+00 
0.000000E+00 
1.349130E-05 
0.000000E+00 
0.000000E+00 
0.000000E+00 
1.029498E-05 
0.000000E+00 
0.000000E+00 
0.000000E+00 
0.000000E+00 
0.000000E+00 
0.000000E+00 
0.000000E+00 
0.000000E+00 
0.000000E+00 
0.000000E+00 
0.000000E+00 
0.000000E+00 
0.000000E+00 
0.000000E+00 
0.000000E+00 
0.000000E+00 
0.000000E+00 
0.000000E+00 
1.218304E-05 
0.000000E+00 
0.000000E+00 
0.000000E+00 
0.000000E+00 
0.000000E+00 
0.000000E+00 
0.000000E+00 
1.482697E-05 
0.000000E+00 
0.000000E+00 
0.000000E+00 
0.000000E+00 
0.000000E+00 
0.000000E+00 
0.000000E+00 
0.000000E+00 
0.000000E+00 
0.000000E+00 
0.000000E+00 
0.000000E+00 
1.680299E-05 
0.000000E+00 
0.000000E+00 
0.000000E+00 
1.026420E-05 
0.000000E+00 
0.000000E+00 
0.000000E+00 
0.000000E+00 
0.000000E+00 
0.000000E+00 
0.000000E+00 
0.000000E+00 
0.000000E+00 
0.000000E+00 
0.000000E+00 
0.000000E+00 
0.000000E+00 
0.000000E+00 
0.000000E+00 
0.000000E+00 
0.000000E+00 
0.000000E+00 
0.000000E+00 
0.000000E+00 
0.000000E+00 
1.087678E-05 
0.000000E+00 
0.000000E+00 
0.000000E+00 
1.087690E-05 
0.000000E+00 
2.274667E-05 
0.000000E+00 
0.000000E+00 
0.000000E+00 
0.000000E+00 
0.000000E+00 
0.000000E+00 
0.000000E+00 
0.000000E+00 
0.000000E+00 
1.716353E-05 
0.000000E+00 
0.000000E+00 
0.000000E+00 
1.196692E-05 
0.000000E+00 
0.000000E+00 
0.000000E+00 
0.000000E+00 
0.000000E+00 
0.000000E+00 
0.000000E+00 
1.074165E-05 
0.000000E+00 
0.000000E+00 
0.000000E+00 
0.000000E+00 
0.000000E+00 
0.000000E+00 
0.000000E+00 
0.000000E+00 
1.886679E-05 
0.000000E+00 
0.000000E+00 
0.000000E+00 
0.000000E+00 
0.000000E+00 
0.000000E+00 
0.000000E+00 
0.000000E+00 
0.000000E+00 
1.437917E-05 
0.000000E+00 
0.000000E+00 
0.000000E+00 
0.000000E+00 
0.000000E+00 
1.223066E-05 
0.000000E+00 
0.000000E+00 
0.000000E+00 
1.490252E-05 
0.000000E+00 
0.000000E+00 
0.000000E+00 
0.000000E+00 
0.000000E+00 
2.276690E-05 
0.000000E+00 
2.339362E-05 
0.000000E+00 
0.000000E+00 
0.000000E+00 
0.000000E+00 
0.000000E+00 
0.000000E+00 
0.000000E+00 
0.000000E+00 
0.000000E+00 
0.000000E+00 
0.000000E+00 
0.000000E+00 
0.000000E+00 
0.000000E+00 
1.220012E-05 
0.000000E+00 
0.000000E+00 
0.000000E+00 
1.235469E-05 
0.000000E+00 
0.000000E+00 
3.302821E-05 
2.434087E-05 
0.000000E+00 
0.000000E+00 
2.096281E-05 
0.000000E+00 
0.000000E+00 
0.000000E+00 
0.000000E+00 
0.000000E+00 
0.000000E+00 
0.000000E+00 
0.000000E+00 
0.000000E+00 
0.000000E+00 
0.000000E+00 
0.000000E+00 
0.000000E+00 
4.297323E-05 
0.000000E+00 
0.000000E+00 
0.000000E+00 
0.000000E+00 
0.000000E+00 
0.000000E+00 
3.150581E-05 
0.000000E+00 
1.511672E-05 
0.000000E+00 
0.000000E+00 
0.000000E+00 
0.000000E+00 
0.000000E+00 
0.000000E+00 
0.000000E+00 
0.000000E+00 
0.000000E+00 
0.000000E+00 
0.000000E+00 
0.000000E+00 
0.000000E+00 
0.000000E+00 
1.461860E-05 
0.000000E+00 
1.459502E-05 
0.000000E+00 
0.000000E+00 
0.000000E+00 
0.000000E+00 
0.000000E+00 
1.474906E-05 
0.000000E+00 
0.000000E+00 
1.222395E-05 
0.000000E+00 
0.000000E+00 
0.000000E+00 
0.000000E+00 
0.000000E+00 
0.000000E+00 
2.226894E-05 
0.000000E+00 
0.000000E+00 
0.000000E+00 
0.000000E+00 
0.000000E+00 
0.000000E+00 
0.000000E+00 
0.000000E+00 
0.000000E+00 
0.000000E+00 
0.000000E+00 
0.000000E+00 
0.000000E+00 
0.000000E+00 
0.000000E+00 
0.000000E+00 
0.000000E+00 
1.467750E-05 
0.000000E+00 
0.000000E+00 
0.000000E+00 
0.000000E+00 
0.000000E+00 
0.000000E+00 
3.512305E-05 
0.000000E+00 
0.000000E+00 
0.000000E+00 
0.000000E+00 
0.000000E+00 
0.000000E+00 
0.000000E+00 
0.000000E+00 
0.000000E+00 
0.000000E+00 
0.000000E+00 
0.000000E+00 
0.000000E+00 
0.000000E+00 
0.000000E+00 
0.000000E+00 
0.000000E+00 
0.000000E+00 
0.000000E+00 
1.409595E-05 
0.000000E+00 
0.000000E+00 
2.675983E-05 
0.000000E+00 
0.000000E+00 
0.000000E+00 
0.000000E+00 
0.000000E+00 
0.000000E+00 
0.000000E+00 
0.000000E+00 
0.000000E+00 
0.000000E+00 
0.000000E+00 
0.000000E+00 
0.000000E+00 
0.000000E+00 
0.000000E+00 
0.000000E+00 
0.000000E+00 
0.000000E+00 
0.000000E+00 
0.000000E+00 
0.000000E+00 
0.000000E+00 
0.000000E+00 
0.000000E+00 
0.000000E+00 
0.000000E+00 
0.000000E+00 
0.000000E+00 
0.000000E+00 
0.000000E+00 
0.000000E+00 
0.000000E+00 
0.000000E+00 
0.000000E+00 
1.405758E-05 
1.915199E-05 
0.000000E+00 
1.718740E-05 
1.387162E-05 
0.000000E+00 
0.000000E+00 
0.000000E+00 
0.000000E+00 
1.205123E-05 
1.233268E-05 
0.000000E+00 
0.000000E+00 
0.000000E+00 
1.484508E-05 
0.000000E+00 
2.064984E-05 
1.795704E-05 
0.000000E+00 
0.000000E+00 
0.000000E+00 
0.000000E+00 
0.000000E+00 
0.000000E+00 
0.000000E+00 
0.000000E+00 
0.000000E+00 
2.046439E-05 
0.000000E+00 
0.000000E+00 
1.559976E-05 
0.000000E+00 
0.000000E+00 
0.000000E+00 
0.000000E+00 
0.000000E+00 
0.000000E+00 
0.000000E+00 
0.000000E+00 
2.602378E-05 
0.000000E+00 
0.000000E+00 
0.000000E+00 
1.205291E-05 
0.000000E+00 
0.000000E+00 
0.000000E+00 
1.567510E-05 
0.000000E+00 
0.000000E+00 
0.000000E+00 
2.151960E-05 
2.018507E-05 
2.065336E-05 
0.000000E+00 
0.000000E+00 
0.000000E+00 
1.427739E-05 
0.000000E+00 
0.000000E+00 
0.000000E+00 
1.180921E-05 
0.000000E+00 
0.000000E+00 
0.000000E+00 
0.000000E+00 
0.000000E+00 
0.000000E+00 
0.000000E+00 
0.000000E+00 
0.000000E+00 
0.000000E+00 
0.000000E+00 
2.401265E-05 
0.000000E+00 
0.000000E+00 
8.745927E-05 
0.000000E+00 
1.347509E-05 
0.000000E+00 
0.000000E+00 
0.000000E+00 
0.000000E+00 
0.000000E+00 
0.000000E+00 
2.177588E-05 
0.000000E+00 
0.000000E+00 
3.601975E-05 
0.000000E+00 
0.000000E+00 
0.000000E+00 
0.000000E+00 
0.000000E+00 
0.000000E+00 
1.770443E-05 
0.000000E+00 
0.000000E+00 
0.000000E+00 
0.000000E+00 
0.000000E+00 
0.000000E+00 
0.000000E+00 
0.000000E+00 
0.000000E+00 
0.000000E+00 
0.000000E+00 
0.000000E+00 
0.000000E+00 
0.000000E+00 
0.000000E+00 
0.000000E+00 
0.000000E+00 
0.000000E+00 
0.000000E+00 
0.000000E+00 
0.000000E+00 
0.000000E+00 
7.315087E-05 
0.000000E+00 
0.000000E+00 
0.000000E+00 
0.000000E+00 
0.000000E+00 
0.000000E+00 
0.000000E+00 
0.000000E+00 
0.000000E+00 
0.000000E+00 
1.322243E-05 
0.000000E+00 
0.000000E+00 
0.000000E+00 
2.925674E-05 
0.000000E+00 
0.000000E+00 
0.000000E+00 
0.000000E+00 
0.000000E+00 
0.000000E+00 
1.487300E-05 
0.000000E+00 
1.322318E-05 
0.000000E+00 
0.000000E+00 
0.000000E+00 
0.000000E+00 
0.000000E+00 
0.000000E+00 
0.000000E+00 
0.000000E+00 
0.000000E+00 
0.000000E+00 
0.000000E+00 
0.000000E+00 
0.000000E+00 
0.000000E+00 
0.000000E+00 
0.000000E+00 
0.000000E+00 
4.440152E-05 
0.000000E+00 
0.000000E+00 
1.194445E-05 
0.000000E+00 
1.345906E-05 
0.000000E+00 
0.000000E+00 
0.000000E+00 
0.000000E+00 
0.000000E+00 
0.000000E+00 
0.000000E+00 
2.086560E-05 
1.345952E-05 
2.086631E-05 
1.308659E-05 
0.000000E+00 
1.723254E-05 
1.723283E-05 
0.000000E+00 
1.723313E-05 
0.000000E+00 
0.000000E+00 
0.000000E+00 
0.000000E+00 
0.000000E+00 
0.000000E+00 
0.000000E+00 
0.000000E+00 
1.343800E-05 
2.389270E-05 
0.000000E+00 
0.000000E+00 
0.000000E+00 
0.000000E+00 
0.000000E+00 
0.000000E+00 
0.000000E+00 
0.000000E+00 
0.000000E+00 
0.000000E+00 
0.000000E+00 
0.000000E+00 
1.619196E-04 
0.000000E+00 
0.000000E+00 
0.000000E+00 
0.000000E+00 
0.000000E+00 
0.000000E+00 
0.000000E+00 
0.000000E+00 
0.000000E+00 
0.000000E+00 
0.000000E+00 
0.000000E+00 
0.000000E+00 
0.000000E+00 
0.000000E+00 
0.000000E+00 
0.000000E+00 
0.000000E+00 
0.000000E+00 
0.000000E+00 
0.000000E+00 
0.000000E+00 
0.000000E+00 
0.000000E+00 
0.000000E+00 
0.000000E+00 
0.000000E+00 
0.000000E+00 
3.529944E-05 
0.000000E+00 
0.000000E+00 
0.000000E+00 
0.000000E+00 
0.000000E+00 
0.000000E+00 
0.000000E+00 
0.000000E+00 
0.000000E+00 
0.000000E+00 
1.586176E-05 
0.000000E+00 
0.000000E+00 
0.000000E+00 
0.000000E+00 
0.000000E+00 
0.000000E+00 
0.000000E+00 
0.000000E+00 
0.000000E+00 
0.000000E+00 
0.000000E+00 
0.000000E+00 
1.784904E-05 
0.000000E+00 
0.000000E+00 
0.000000E+00 
0.000000E+00 
1.236474E-05 
0.000000E+00 
0.000000E+00 
1.478842E-05 
0.000000E+00 
0.000000E+00 
0.000000E+00 
0.000000E+00 
0.000000E+00 
0.000000E+00 
0.000000E+00 
0.000000E+00 
0.000000E+00 
1.852023E-05 
0.000000E+00 
4.816117E-05 
0.000000E+00 
0.000000E+00 
0.000000E+00 
0.000000E+00 
0.000000E+00 
0.000000E+00 
0.000000E+00 
0.000000E+00 
0.000000E+00 
0.000000E+00 
0.000000E+00 
0.000000E+00 
1.313877E-05 
0.000000E+00 
0.000000E+00 
0.000000E+00 
0.000000E+00 
0.000000E+00 
0.000000E+00 
0.000000E+00 
0.000000E+00 
0.000000E+00 
0.000000E+00 
0.000000E+00 
0.000000E+00 
0.000000E+00 
0.000000E+00 
0.000000E+00 
0.000000E+00 
0.000000E+00 
0.000000E+00 
0.000000E+00 
0.000000E+00 
0.000000E+00 
0.000000E+00 
0.000000E+00 
1.441994E-05 
0.000000E+00 
2.100037E-05 
0.000000E+00 
3.281187E-05 
0.000000E+00 
0.000000E+00 
0.000000E+00 
0.000000E+00 
0.000000E+00 
0.000000E+00 
0.000000E+00 
0.000000E+00 
0.000000E+00 
0.000000E+00 
0.000000E+00 
0.000000E+00 
0.000000E+00 
0.000000E+00 
0.000000E+00 
0.000000E+00 
0.000000E+00 
0.000000E+00 
1.370587E-05 
0.000000E+00 
0.000000E+00 
0.000000E+00 
0.000000E+00 
1.322298E-05 
1.479300E-05 
0.000000E+00 
1.206355E-05 
0.000000E+00 
0.000000E+00 
0.000000E+00 
0.000000E+00 
0.000000E+00 
0.000000E+00 
0.000000E+00 
0.000000E+00 
0.000000E+00 
2.188899E-05 
0.000000E+00 
0.000000E+00 
0.000000E+00 
0.000000E+00 
0.000000E+00 
0.000000E+00 
0.000000E+00 
1.323599E-05 
0.000000E+00 
0.000000E+00 
0.000000E+00 
0.000000E+00 
0.000000E+00 
0.000000E+00 
0.000000E+00 
0.000000E+00 
0.000000E+00 
0.000000E+00 
0.000000E+00 
0.000000E+00 
0.000000E+00 
0.000000E+00 
0.000000E+00 
0.000000E+00 
0.000000E+00 
0.000000E+00 
0.000000E+00 
0.000000E+00 
0.000000E+00 
0.000000E+00 
0.000000E+00 
0.000000E+00 
0.000000E+00 
0.000000E+00 
0.000000E+00 
0.000000E+00 
0.000000E+00 
0.000000E+00 
0.000000E+00 
0.000000E+00 
1.954528E-05 
0.000000E+00 
0.000000E+00 
0.000000E+00 
0.000000E+00 
0.000000E+00 
0.000000E+00 
0.000000E+00 
0.000000E+00 
0.000000E+00 
0.000000E+00 
0.000000E+00 
1.535357E-05 
0.000000E+00 
0.000000E+00 
0.000000E+00 
0.000000E+00 
0.000000E+00 
0.000000E+00 
0.000000E+00 
0.000000E+00 
0.000000E+00 
0.000000E+00 
0.000000E+00 
0.000000E+00 
0.000000E+00 
0.000000E+00 
0.000000E+00 
0.000000E+00 
0.000000E+00 
1.433660E-05 
2.192298E-05 
0.000000E+00 
0.000000E+00 
0.000000E+00 
0.000000E+00 
2.505804E-05 
1.734411E-05 
0.000000E+00 
0.000000E+00 
3.798165E-05 
3.874825E-07 
0.000000E+00 
0.000000E+00 
0.000000E+00 
5.182128E-05 
0.000000E+00 
2.141244E-05 
2.141289E-05 
0.000000E+00 
1.589034E-05 
0.000000E+00 
0.000000E+00 
0.000000E+00 
1.479780E-05 
0.000000E+00 
1.985872E-05 
0.000000E+00 
0.000000E+00 
0.000000E+00 
0.000000E+00 
2.493309E-05 
0.000000E+00 
1.832739E-05 
4.048488E-05 
0.000000E+00 
0.000000E+00 
0.000000E+00 
0.000000E+00 
0.000000E+00 
1.182678E-05 
0.000000E+00 
0.000000E+00 
0.000000E+00 
0.000000E+00 
0.000000E+00 
0.000000E+00 
0.000000E+00 
0.000000E+00 
0.000000E+00 
0.000000E+00 
0.000000E+00 
2.024350E-05 
0.000000E+00 
0.000000E+00 
0.000000E+00 
0.000000E+00 
0.000000E+00 
0.000000E+00 
1.775564E-05 
0.000000E+00 
0.000000E+00 
0.000000E+00 
0.000000E+00 
0.000000E+00 
0.000000E+00 
0.000000E+00 
0.000000E+00 
0.000000E+00 
0.000000E+00 
2.024427E-05 
0.000000E+00 
0.000000E+00 
0.000000E+00 
2.046021E-05 
0.000000E+00 
1.604739E-05 
0.000000E+00 
0.000000E+00 
0.000000E+00 
0.000000E+00 
0.000000E+00 
0.000000E+00 
0.000000E+00 
0.000000E+00 
0.000000E+00 
0.000000E+00 
0.000000E+00 
0.000000E+00 
1.427860E-05 
0.000000E+00 
0.000000E+00 
0.000000E+00 
0.000000E+00 
0.000000E+00 
1.411012E-05 
0.000000E+00 
0.000000E+00 
0.000000E+00 
0.000000E+00 
0.000000E+00 
0.000000E+00 
0.000000E+00 
2.669734E-05 
1.241867E-05 
0.000000E+00 
0.000000E+00 
0.000000E+00 
0.000000E+00 
1.918795E-05 
1.671593E-05 
0.000000E+00 
0.000000E+00 
0.000000E+00 
0.000000E+00 
0.000000E+00 
0.000000E+00 
0.000000E+00 
0.000000E+00 
0.000000E+00 
0.000000E+00 
0.000000E+00 
0.000000E+00 
0.000000E+00 
1.966063E-05 
0.000000E+00 
0.000000E+00 
0.000000E+00 
0.000000E+00 
2.056677E-05 
0.000000E+00 
0.000000E+00 
1.923564E-05 
0.000000E+00 
0.000000E+00 
0.000000E+00 
1.411222E-05 
0.000000E+00 
0.000000E+00 
1.778105E-05 
0.000000E+00 
3.713266E-05 
2.101918E-05 
0.000000E+00 
1.603492E-05 
0.000000E+00 
0.000000E+00 
1.675513E-05 
1.483209E-05 
1.242324E-05 
0.000000E+00 
0.000000E+00 
0.000000E+00 
0.000000E+00 
1.957582E-05 
0.000000E+00 
0.000000E+00 
0.000000E+00 
0.000000E+00 
0.000000E+00 
0.000000E+00 
0.000000E+00 
0.000000E+00 
0.000000E+00 
0.000000E+00 
0.000000E+00 
0.000000E+00 
1.599469E-05 
1.936494E-05 
0.000000E+00 
0.000000E+00 
0.000000E+00 
0.000000E+00 
3.258295E-05 
1.985882E-05 
0.000000E+00 
0.000000E+00 
0.000000E+00 
0.000000E+00 
0.000000E+00 
0.000000E+00 
0.000000E+00 
0.000000E+00 
0.000000E+00 
0.000000E+00 
0.000000E+00 
1.926012E-05 
0.000000E+00 
0.000000E+00 
0.000000E+00 
0.000000E+00 
0.000000E+00 
0.000000E+00 
0.000000E+00 
0.000000E+00 
1.483437E-05 
0.000000E+00 
0.000000E+00 
0.000000E+00 
0.000000E+00 
0.000000E+00 
0.000000E+00 
0.000000E+00 
0.000000E+00 
0.000000E+00 
0.000000E+00 
0.000000E+00 
0.000000E+00 
0.000000E+00 
0.000000E+00 
0.000000E+00 
0.000000E+00 
0.000000E+00 
0.000000E+00 
0.000000E+00 
0.000000E+00 
1.431875E-05 
0.000000E+00 
0.000000E+00 
0.000000E+00 
0.000000E+00 
0.000000E+00 
0.000000E+00 
0.000000E+00 
0.000000E+00 
0.000000E+00 
0.000000E+00 
0.000000E+00 
0.000000E+00 
0.000000E+00 
0.000000E+00 
0.000000E+00 
0.000000E+00 
0.000000E+00 
2.031078E-05 
0.000000E+00 
0.000000E+00 
0.000000E+00 
0.000000E+00 
0.000000E+00 
0.000000E+00 
0.000000E+00 
0.000000E+00 
0.000000E+00 
0.000000E+00 
0.000000E+00 
0.000000E+00 
1.686036E-05 
0.000000E+00 
0.000000E+00 
0.000000E+00 
0.000000E+00 
0.000000E+00 
0.000000E+00 
0.000000E+00 
0.000000E+00 
0.000000E+00 
0.000000E+00 
0.000000E+00 
1.939333E-05 
0.000000E+00 
0.000000E+00 
2.099048E-05 
0.000000E+00 
0.000000E+00 
1.681355E-05 
4.841255E-05 
0.000000E+00 
0.000000E+00 
0.000000E+00 
0.000000E+00 
0.000000E+00 
0.000000E+00 
0.000000E+00 
0.000000E+00 
0.000000E+00 
0.000000E+00 
2.099677E-05 
2.355860E-05 
0.000000E+00 
0.000000E+00 
0.000000E+00 
2.040551E-05 
0.000000E+00 
0.000000E+00 
0.000000E+00 
0.000000E+00 
0.000000E+00 
0.000000E+00 
1.822595E-05 
0.000000E+00 
0.000000E+00 
1.679981E-05 
0.000000E+00 
0.000000E+00 
0.000000E+00 
0.000000E+00 
0.000000E+00 
0.000000E+00 
0.000000E+00 
0.000000E+00 
0.000000E+00 
0.000000E+00 
1.534420E-05 
0.000000E+00 
0.000000E+00 
0.000000E+00 
0.000000E+00 
0.000000E+00 
0.000000E+00 
0.000000E+00 
0.000000E+00 
0.000000E+00 
0.000000E+00 
0.000000E+00 
0.000000E+00 
0.000000E+00 
0.000000E+00 
0.000000E+00 
0.000000E+00 
0.000000E+00 
6.831073E-05 
0.000000E+00 
0.000000E+00 
1.707885E-05 
0.000000E+00 
1.707914E-05 
2.041677E-05 
0.000000E+00 
1.707978E-05 
0.000000E+00 
0.000000E+00 
0.000000E+00 
2.196652E-05 
0.000000E+00 
3.679246E-05 
0.000000E+00 
2.196781E-05 
1.934320E-05 
0.000000E+00 
0.000000E+00 
1.934358E-05 
0.000000E+00 
0.000000E+00 
0.000000E+00 
0.000000E+00 
0.000000E+00 
0.000000E+00 
0.000000E+00 
0.000000E+00 
0.000000E+00 
0.000000E+00 
0.000000E+00 
0.000000E+00 
0.000000E+00 
0.000000E+00 
3.330597E-05 
1.752629E-05 
0.000000E+00 
0.000000E+00 
0.000000E+00 
0.000000E+00 
0.000000E+00 
0.000000E+00 
0.000000E+00 
0.000000E+00 
2.552139E-05 
0.000000E+00 
1.887815E-05 
0.000000E+00 
3.235415E-05 
0.000000E+00 
0.000000E+00 
0.000000E+00 
0.000000E+00 
0.000000E+00 
0.000000E+00 
0.000000E+00 
0.000000E+00 
0.000000E+00 
0.000000E+00 
0.000000E+00 
1.075354E-04 
0.000000E+00 
0.000000E+00 
0.000000E+00 
4.015464E-05 
0.000000E+00 
0.000000E+00 
0.000000E+00 
0.000000E+00 
0.000000E+00 
0.000000E+00 
0.000000E+00 
0.000000E+00 
0.000000E+00 
0.000000E+00 
0.000000E+00 
0.000000E+00 
0.000000E+00 
0.000000E+00 
0.000000E+00 
0.000000E+00 
0.000000E+00 
0.000000E+00 
0.000000E+00 
0.000000E+00 
0.000000E+00 
0.000000E+00 
0.000000E+00 
0.000000E+00 
0.000000E+00 
0.000000E+00 
0.000000E+00 
0.000000E+00 
0.000000E+00 
0.000000E+00 
0.000000E+00 
0.000000E+00 
1.704401E-05 
0.000000E+00 
0.000000E+00 
0.000000E+00 
0.000000E+00 
0.000000E+00 
0.000000E+00 
0.000000E+00 
0.000000E+00 
0.000000E+00 
0.000000E+00 
0.000000E+00 
0.000000E+00 
2.747210E-05 
0.000000E+00 
0.000000E+00 
0.000000E+00 
0.000000E+00 
0.000000E+00 
0.000000E+00 
0.000000E+00 
1.497442E-05 
0.000000E+00 
0.000000E+00 
0.000000E+00 
0.000000E+00 
0.000000E+00 
0.000000E+00 
0.000000E+00 
0.000000E+00 
0.000000E+00 
0.000000E+00 
0.000000E+00 
0.000000E+00 
0.000000E+00 
0.000000E+00 
0.000000E+00 
0.000000E+00 
1.683658E-05 
0.000000E+00 
0.000000E+00 
0.000000E+00 
0.000000E+00 
0.000000E+00 
0.000000E+00 
0.000000E+00 
0.000000E+00 
0.000000E+00 
0.000000E+00 
0.000000E+00 
0.000000E+00 
0.000000E+00 
0.000000E+00 
0.000000E+00 
0.000000E+00 
0.000000E+00 
0.000000E+00 
0.000000E+00 
0.000000E+00 
0.000000E+00 
0.000000E+00 
0.000000E+00 
2.985713E-05 
0.000000E+00 
0.000000E+00 
0.000000E+00 
0.000000E+00 
0.000000E+00 
0.000000E+00 
0.000000E+00 
0.000000E+00 
0.000000E+00 
0.000000E+00 
0.000000E+00 
0.000000E+00 
0.000000E+00 
0.000000E+00 
0.000000E+00 
0.000000E+00 
0.000000E+00 
0.000000E+00 
0.000000E+00 
0.000000E+00 
0.000000E+00 
0.000000E+00 
0.000000E+00 
0.000000E+00 
0.000000E+00 
0.000000E+00 
0.000000E+00 
0.000000E+00 
0.000000E+00 
0.000000E+00 
0.000000E+00 
0.000000E+00 
0.000000E+00 
0.000000E+00 
0.000000E+00 
0.000000E+00 
0.000000E+00 
0.000000E+00 
0.000000E+00 
0.000000E+00 
0.000000E+00 
0.000000E+00 
0.000000E+00 
0.000000E+00 
0.000000E+00 
0.000000E+00 
0.000000E+00 
0.000000E+00 
0.000000E+00 
0.000000E+00 
0.000000E+00 
0.000000E+00 
0.000000E+00 
0.000000E+00 
0.000000E+00 
1.811072E-05 
0.000000E+00 
0.000000E+00 
0.000000E+00 
0.000000E+00 
0.000000E+00 
0.000000E+00 
1.927453E-05 
1.270551E-05 
0.000000E+00 
2.176090E-05 
0.000000E+00 
0.000000E+00 
0.000000E+00 
0.000000E+00 
0.000000E+00 
2.562285E-05 
0.000000E+00 
0.000000E+00 
0.000000E+00 
1.291724E-05 
0.000000E+00 
0.000000E+00 
0.000000E+00 
0.000000E+00 
0.000000E+00 
1.291741E-05 
0.000000E+00 
0.000000E+00 
0.000000E+00 
0.000000E+00 
0.000000E+00 
0.000000E+00 
0.000000E+00 
0.000000E+00 
0.000000E+00 
0.000000E+00 
0.000000E+00 
0.000000E+00 
0.000000E+00 
0.000000E+00 
0.000000E+00 
0.000000E+00 
0.000000E+00 
0.000000E+00 
0.000000E+00 
0.000000E+00 
0.000000E+00 
0.000000E+00 
0.000000E+00 
0.000000E+00 
0.000000E+00 
0.000000E+00 
0.000000E+00 
0.000000E+00 
0.000000E+00 
0.000000E+00 
0.000000E+00 
0.000000E+00 
0.000000E+00 
0.000000E+00 
0.000000E+00 
0.000000E+00 
0.000000E+00 
0.000000E+00 
0.000000E+00 
0.000000E+00 
0.000000E+00 
0.000000E+00 
0.000000E+00 
0.000000E+00 
0.000000E+00 
0.000000E+00 
0.000000E+00 
0.000000E+00 
0.000000E+00 
0.000000E+00 
0.000000E+00 
0.000000E+00 
0.000000E+00 
0.000000E+00 
0.000000E+00 
0.000000E+00 
0.000000E+00 
0.000000E+00 
0.000000E+00 
0.000000E+00 
0.000000E+00 
0.000000E+00 
0.000000E+00 
0.000000E+00 
0.000000E+00 
0.000000E+00 
0.000000E+00 
0.000000E+00 
0.000000E+00 
0.000000E+00 
0.000000E+00 
0.000000E+00 
0.000000E+00 
0.000000E+00 
0.000000E+00 
0.000000E+00 
0.000000E+00 
0.000000E+00 
0.000000E+00 
0.000000E+00 
0.000000E+00 
2.221514E-05 
0.000000E+00 
1.714127E-05 
0.000000E+00 
0.000000E+00 
0.000000E+00 
0.000000E+00 
0.000000E+00 
0.000000E+00 
0.000000E+00 
0.000000E+00 
0.000000E+00 
0.000000E+00 
0.000000E+00 
0.000000E+00 
0.000000E+00 
0.000000E+00 
0.000000E+00 
0.000000E+00 
0.000000E+00 
1.570421E-05 
0.000000E+00 
0.000000E+00 
0.000000E+00 
0.000000E+00 
0.000000E+00 
0.000000E+00 
0.000000E+00 
0.000000E+00 
0.000000E+00 
0.000000E+00 
0.000000E+00 
0.000000E+00 
0.000000E+00 
0.000000E+00 
0.000000E+00 
0.000000E+00 
0.000000E+00 
0.000000E+00 
0.000000E+00 
0.000000E+00 
0.000000E+00 
0.000000E+00 
0.000000E+00 
0.000000E+00 
0.000000E+00 
0.000000E+00 
0.000000E+00 
0.000000E+00 
0.000000E+00 
2.101634E-05 
0.000000E+00 
0.000000E+00 
0.000000E+00 
0.000000E+00 
0.000000E+00 
0.000000E+00 
0.000000E+00 
2.202918E-05 
0.000000E+00 
0.000000E+00 
0.000000E+00 
0.000000E+00 
0.000000E+00 
0.000000E+00 
0.000000E+00 
0.000000E+00 
0.000000E+00 
2.202967E-05 
0.000000E+00 
0.000000E+00 
0.000000E+00 
0.000000E+00 
0.000000E+00 
0.000000E+00 
0.000000E+00 
0.000000E+00 
1.215684E-05 
0.000000E+00 
0.000000E+00 
2.097965E-05 
0.000000E+00 
0.000000E+00 
0.000000E+00 
0.000000E+00 
0.000000E+00 
0.000000E+00 
0.000000E+00 
0.000000E+00 
0.000000E+00 
0.000000E+00 
0.000000E+00 
0.000000E+00 
0.000000E+00 
0.000000E+00 
0.000000E+00 
0.000000E+00 
0.000000E+00 
0.000000E+00 
1.898667E-05 
0.000000E+00 
0.000000E+00 
0.000000E+00 
0.000000E+00 
0.000000E+00 
1.535209E-05 
0.000000E+00 
0.000000E+00 
0.000000E+00 
0.000000E+00 
0.000000E+00 
0.000000E+00 
0.000000E+00 
0.000000E+00 
0.000000E+00 
0.000000E+00 
0.000000E+00 
0.000000E+00 
0.000000E+00 
0.000000E+00 
0.000000E+00 
0.000000E+00 
5.768327E-05 
0.000000E+00 
0.000000E+00 
0.000000E+00 
0.000000E+00 
1.227796E-05 
0.000000E+00 
0.000000E+00 
0.000000E+00 
1.578354E-05 
0.000000E+00 
0.000000E+00 
2.054087E-05 
0.000000E+00 
0.000000E+00 
0.000000E+00 
0.000000E+00 
0.000000E+00 
0.000000E+00 
0.000000E+00 
0.000000E+00 
2.049665E-04 
0.000000E+00 
0.000000E+00 
0.000000E+00 
0.000000E+00 
0.000000E+00 
0.000000E+00 
0.000000E+00 
0.000000E+00 
0.000000E+00 
0.000000E+00 
0.000000E+00 
1.338622E-05 
0.000000E+00 
0.000000E+00 
0.000000E+00 
1.455246E-05 
0.000000E+00 
0.000000E+00 
0.000000E+00 
0.000000E+00 
0.000000E+00 
0.000000E+00 
1.954979E-05 
0.000000E+00 
0.000000E+00 
0.000000E+00 
0.000000E+00 
0.000000E+00 
0.000000E+00 
0.000000E+00 
0.000000E+00 
0.000000E+00 
0.000000E+00 
0.000000E+00 
0.000000E+00 
0.000000E+00 
0.000000E+00 
0.000000E+00 
0.000000E+00 
0.000000E+00 
0.000000E+00 
0.000000E+00 
0.000000E+00 
0.000000E+00 
0.000000E+00 
0.000000E+00 
0.000000E+00 
0.000000E+00 
0.000000E+00 
0.000000E+00 
0.000000E+00 
0.000000E+00 
0.000000E+00 
0.000000E+00 
0.000000E+00 
0.000000E+00 
0.000000E+00 
0.000000E+00 
0.000000E+00 
0.000000E+00 
0.000000E+00 
0.000000E+00 
0.000000E+00 
1.829176E-05 
0.000000E+00 
0.000000E+00 
0.000000E+00 
0.000000E+00 
0.000000E+00 
0.000000E+00 
1.291899E-05 
0.000000E+00 
0.000000E+00 
0.000000E+00 
0.000000E+00 
0.000000E+00 
0.000000E+00 
0.000000E+00 
0.000000E+00 
0.000000E+00 
0.000000E+00 
0.000000E+00 
0.000000E+00 
0.000000E+00 
0.000000E+00 
0.000000E+00 
0.000000E+00 
0.000000E+00 
0.000000E+00 
0.000000E+00 
0.000000E+00 
0.000000E+00 
0.000000E+00 
0.000000E+00 
0.000000E+00 
0.000000E+00 
0.000000E+00 
0.000000E+00 
0.000000E+00 
0.000000E+00 
0.000000E+00 
2.097612E-05 
0.000000E+00 
0.000000E+00 
0.000000E+00 
0.000000E+00 
0.000000E+00 
0.000000E+00 
0.000000E+00 
0.000000E+00 
0.000000E+00 
0.000000E+00 
0.000000E+00 
0.000000E+00 
0.000000E+00 
0.000000E+00 
0.000000E+00 
0.000000E+00 
0.000000E+00 
0.000000E+00 
0.000000E+00 
0.000000E+00 
0.000000E+00 
0.000000E+00 
1.750206E-05 
0.000000E+00 
0.000000E+00 
0.000000E+00 
0.000000E+00 
0.000000E+00 
0.000000E+00 
0.000000E+00 
0.000000E+00 
0.000000E+00 
0.000000E+00 
0.000000E+00 
0.000000E+00 
0.000000E+00 
0.000000E+00 
0.000000E+00 
0.000000E+00 
0.000000E+00 
2.119323E-05 
0.000000E+00 
0.000000E+00 
0.000000E+00 
0.000000E+00 
0.000000E+00 
0.000000E+00 
0.000000E+00 
0.000000E+00 
0.000000E+00 
0.000000E+00 
0.000000E+00 
0.000000E+00 
0.000000E+00 
0.000000E+00 
0.000000E+00 
0.000000E+00 
0.000000E+00 
0.000000E+00 
0.000000E+00 
1.766224E-05 
0.000000E+00 
1.766255E-05 
0.000000E+00 
0.000000E+00 
0.000000E+00 
0.000000E+00 
0.000000E+00 
0.000000E+00 
0.000000E+00 
0.000000E+00 
0.000000E+00 
0.000000E+00 
0.000000E+00 
0.000000E+00 
0.000000E+00 
0.000000E+00 
1.981960E-05 
0.000000E+00 
0.000000E+00 
0.000000E+00 
0.000000E+00 
0.000000E+00 
0.000000E+00 
0.000000E+00 
0.000000E+00 
0.000000E+00 
0.000000E+00 
0.000000E+00 
0.000000E+00 
0.000000E+00 
0.000000E+00 
0.000000E+00 
0.000000E+00 
0.000000E+00 
0.000000E+00 
0.000000E+00 
2.046991E-05 
0.000000E+00 
0.000000E+00 
0.000000E+00 
0.000000E+00 
0.000000E+00 
0.000000E+00 
0.000000E+00 
0.000000E+00 
0.000000E+00 
0.000000E+00 
0.000000E+00 
0.000000E+00 
0.000000E+00 
0.000000E+00 
0.000000E+00 
0.000000E+00 
0.000000E+00 
0.000000E+00 
0.000000E+00 
0.000000E+00 
0.000000E+00 
0.000000E+00 
1.299364E-05 
0.000000E+00 
0.000000E+00 
0.000000E+00 
0.000000E+00 
0.000000E+00 
0.000000E+00 
0.000000E+00 
0.000000E+00 
0.000000E+00 
0.000000E+00 
0.000000E+00 
0.000000E+00 
0.000000E+00 
0.000000E+00 
0.000000E+00 
0.000000E+00 
0.000000E+00 
0.000000E+00 
0.000000E+00 
0.000000E+00 
0.000000E+00 
0.000000E+00 
0.000000E+00 
0.000000E+00 
0.000000E+00 
0.000000E+00 
0.000000E+00 
0.000000E+00 
0.000000E+00 
0.000000E+00 
0.000000E+00 
0.000000E+00 
0.000000E+00 
0.000000E+00 
0.000000E+00 
0.000000E+00 
1.528005E-05 
0.000000E+00 
0.000000E+00 
0.000000E+00 
0.000000E+00 
0.000000E+00 
0.000000E+00 
0.000000E+00 
1.919912E-05 
0.000000E+00 
0.000000E+00 
0.000000E+00 
0.000000E+00 
0.000000E+00 
0.000000E+00 
0.000000E+00 
0.000000E+00 
0.000000E+00 
0.000000E+00 
0.000000E+00 
0.000000E+00 
0.000000E+00 
0.000000E+00 
0.000000E+00 
2.378053E-05 
0.000000E+00 
1.542663E-05 
0.000000E+00 
0.000000E+00 
0.000000E+00 
0.000000E+00 
0.000000E+00 
0.000000E+00 
0.000000E+00 
0.000000E+00 
0.000000E+00 
0.000000E+00 
0.000000E+00 
0.000000E+00 
0.000000E+00 
0.000000E+00 
0.000000E+00 
1.211480E-05 
0.000000E+00 
0.000000E+00 
0.000000E+00 
0.000000E+00 
0.000000E+00 
1.355693E-05 
1.511116E-05 
0.000000E+00 
1.961133E-05 
0.000000E+00 
0.000000E+00 
0.000000E+00 
0.000000E+00 
0.000000E+00 
0.000000E+00 
0.000000E+00 
0.000000E+00 
0.000000E+00 
0.000000E+00 
0.000000E+00 
0.000000E+00 
0.000000E+00 
0.000000E+00 
0.000000E+00 
0.000000E+00 
0.000000E+00 
1.961172E-05 
0.000000E+00 
0.000000E+00 
0.000000E+00 
0.000000E+00 
0.000000E+00 
0.000000E+00 
0.000000E+00 
0.000000E+00 
0.000000E+00 
0.000000E+00 
0.000000E+00 
0.000000E+00 
0.000000E+00 
0.000000E+00 
0.000000E+00 
0.000000E+00 
0.000000E+00 
0.000000E+00 
0.000000E+00 
0.000000E+00 
0.000000E+00 
0.000000E+00 
0.000000E+00 
0.000000E+00 
0.000000E+00 
0.000000E+00 
0.000000E+00 
0.000000E+00 
0.000000E+00 
0.000000E+00 
0.000000E+00 
0.000000E+00 
0.000000E+00 
0.000000E+00 
0.000000E+00 
0.000000E+00 
0.000000E+00 
0.000000E+00 
0.000000E+00 
0.000000E+00 
0.000000E+00 
0.000000E+00 
0.000000E+00 
0.000000E+00 
0.000000E+00 
0.000000E+00 
0.000000E+00 
0.000000E+00 
0.000000E+00 
0.000000E+00 
0.000000E+00 
0.000000E+00 
1.261928E-05 
0.000000E+00 
1.463669E-05 
0.000000E+00 
0.000000E+00 
1.463690E-05 
0.000000E+00 
0.000000E+00 
0.000000E+00 
0.000000E+00 
0.000000E+00 
0.000000E+00 
0.000000E+00 
1.737691E-05 
0.000000E+00 
0.000000E+00 
0.000000E+00 
0.000000E+00 
0.000000E+00 
0.000000E+00 
0.000000E+00 
0.000000E+00 
0.000000E+00 
0.000000E+00 
0.000000E+00 
0.000000E+00 
0.000000E+00 
0.000000E+00 
0.000000E+00 
0.000000E+00 
0.000000E+00 
0.000000E+00 
0.000000E+00 
0.000000E+00 
0.000000E+00 
0.000000E+00 
0.000000E+00 
0.000000E+00 
0.000000E+00 
0.000000E+00 
0.000000E+00 
0.000000E+00 
0.000000E+00 
0.000000E+00 
0.000000E+00 
0.000000E+00 
0.000000E+00 
0.000000E+00 
0.000000E+00 
0.000000E+00 
1.594717E-05 
0.000000E+00 
0.000000E+00 
0.000000E+00 
0.000000E+00 
0.000000E+00 
0.000000E+00 
0.000000E+00 
0.000000E+00 
0.000000E+00 
0.000000E+00 
0.000000E+00 
0.000000E+00 
0.000000E+00 
0.000000E+00 
0.000000E+00 
0.000000E+00 
1.367137E-05 
0.000000E+00 
0.000000E+00 
0.000000E+00 
0.000000E+00 
0.000000E+00 
0.000000E+00 
0.000000E+00 
0.000000E+00 
0.000000E+00 
0.000000E+00 
0.000000E+00 
2.015987E-05 
0.000000E+00 
0.000000E+00 
0.000000E+00 
0.000000E+00 
0.000000E+00 
0.000000E+00 
0.000000E+00 
0.000000E+00 
0.000000E+00 
0.000000E+00 
0.000000E+00 
0.000000E+00 
0.000000E+00 
0.000000E+00 
0.000000E+00 
0.000000E+00 
0.000000E+00 
0.000000E+00 
0.000000E+00 
0.000000E+00 
0.000000E+00 
0.000000E+00 
0.000000E+00 
0.000000E+00 
0.000000E+00 
0.000000E+00 
0.000000E+00 
0.000000E+00 
0.000000E+00 
0.000000E+00 
0.000000E+00 
0.000000E+00 
0.000000E+00 
0.000000E+00 
2.981739E-05 
0.000000E+00 
0.000000E+00 
0.000000E+00 
0.000000E+00 
0.000000E+00 
0.000000E+00 
0.000000E+00 
0.000000E+00 
0.000000E+00 
0.000000E+00 
1.384823E-05 
0.000000E+00 
0.000000E+00 
0.000000E+00 
0.000000E+00 
0.000000E+00 
0.000000E+00 
0.000000E+00 
0.000000E+00 
0.000000E+00 
0.000000E+00 
0.000000E+00 
0.000000E+00 
0.000000E+00 
0.000000E+00 
0.000000E+00 
0.000000E+00 
0.000000E+00 
0.000000E+00 
0.000000E+00 
0.000000E+00 
0.000000E+00 
1.849559E-05 
0.000000E+00 
0.000000E+00 
0.000000E+00 
0.000000E+00 
0.000000E+00 
0.000000E+00 
0.000000E+00 
1.396271E-05 
0.000000E+00 
1.264972E-05 
0.000000E+00 
0.000000E+00 
0.000000E+00 
0.000000E+00 
0.000000E+00 
0.000000E+00 
0.000000E+00 
0.000000E+00 
0.000000E+00 
0.000000E+00 
0.000000E+00 
0.000000E+00 
0.000000E+00 
0.000000E+00 
0.000000E+00 
0.000000E+00 
1.396308E-05 
0.000000E+00 
0.000000E+00 
0.000000E+00 
0.000000E+00 
0.000000E+00 
0.000000E+00 
0.000000E+00 
0.000000E+00 
0.000000E+00 
0.000000E+00 
0.000000E+00 
0.000000E+00 
0.000000E+00 
0.000000E+00 
0.000000E+00 
0.000000E+00 
0.000000E+00 
0.000000E+00 
0.000000E+00 
0.000000E+00 
0.000000E+00 
0.000000E+00 
0.000000E+00 
0.000000E+00 
0.000000E+00 
1.090944E-05 
0.000000E+00 
0.000000E+00 
0.000000E+00 
0.000000E+00 
0.000000E+00 
0.000000E+00 
0.000000E+00 
1.415734E-05 
0.000000E+00 
0.000000E+00 
0.000000E+00 
0.000000E+00 
0.000000E+00 
0.000000E+00 
0.000000E+00 
0.000000E+00 
0.000000E+00 
0.000000E+00 
0.000000E+00 
0.000000E+00 
0.000000E+00 
1.799317E-05 
0.000000E+00 
0.000000E+00 
0.000000E+00 
0.000000E+00 
0.000000E+00 
0.000000E+00 
0.000000E+00 
0.000000E+00 
0.000000E+00 
0.000000E+00 
0.000000E+00 
0.000000E+00 
0.000000E+00 
0.000000E+00 
0.000000E+00 
0.000000E+00 
0.000000E+00 
2.105037E-05 
0.000000E+00 
0.000000E+00 
0.000000E+00 
1.449275E-05 
0.000000E+00 
0.000000E+00 
0.000000E+00 
0.000000E+00 
0.000000E+00 
0.000000E+00 
0.000000E+00 
0.000000E+00 
0.000000E+00 
0.000000E+00 
2.896442E-05 
1.449338E-05 
0.000000E+00 
0.000000E+00 
0.000000E+00 
0.000000E+00 
0.000000E+00 
0.000000E+00 
0.000000E+00 
0.000000E+00 
0.000000E+00 
1.266551E-05 
0.000000E+00 
0.000000E+00 
0.000000E+00 
0.000000E+00 
0.000000E+00 
0.000000E+00 
0.000000E+00 
0.000000E+00 
0.000000E+00 
0.000000E+00 
0.000000E+00 
0.000000E+00 
0.000000E+00 
0.000000E+00 
0.000000E+00 
0.000000E+00 
0.000000E+00 
0.000000E+00 
0.000000E+00 
0.000000E+00 
0.000000E+00 
0.000000E+00 
0.000000E+00 
1.814031E-05 
0.000000E+00 
1.449404E-05 
0.000000E+00 
0.000000E+00 
0.000000E+00 
0.000000E+00 
0.000000E+00 
0.000000E+00 
0.000000E+00 
0.000000E+00 
1.275760E-05 
0.000000E+00 
0.000000E+00 
0.000000E+00 
0.000000E+00 
0.000000E+00 
1.097465E-05 
2.234740E-05 
0.000000E+00 
0.000000E+00 
1.256280E-05 
0.000000E+00 
0.000000E+00 
0.000000E+00 
0.000000E+00 
0.000000E+00 
0.000000E+00 
0.000000E+00 
0.000000E+00 
0.000000E+00 
0.000000E+00 
0.000000E+00 
0.000000E+00 
0.000000E+00 
0.000000E+00 
0.000000E+00 
2.299236E-05 
0.000000E+00 
1.137329E-05 
0.000000E+00 
0.000000E+00 
0.000000E+00 
0.000000E+00 
0.000000E+00 
0.000000E+00 
0.000000E+00 
0.000000E+00 
0.000000E+00 
1.580406E-05 
0.000000E+00 
0.000000E+00 
0.000000E+00 
0.000000E+00 
0.000000E+00 
1.593570E-05 
1.608828E-05 
2.299425E-05 
0.000000E+00 
1.553024E-05 
0.000000E+00 
0.000000E+00 
0.000000E+00 
1.652400E-05 
0.000000E+00 
4.020839E-05 
1.694923E-05 
0.000000E+00 
0.000000E+00 
0.000000E+00 
0.000000E+00 
0.000000E+00 
0.000000E+00 
0.000000E+00 
0.000000E+00 
0.000000E+00 
0.000000E+00 
0.000000E+00 
0.000000E+00 
0.000000E+00 
0.000000E+00 
0.000000E+00 
0.000000E+00 
0.000000E+00 
0.000000E+00 
1.417290E-05 
0.000000E+00 
1.264116E-05 
0.000000E+00 
0.000000E+00 
2.642858E-05 
0.000000E+00 
1.320192E-05 
0.000000E+00 
0.000000E+00 
0.000000E+00 
0.000000E+00 
0.000000E+00 
0.000000E+00 
0.000000E+00 
0.000000E+00 
1.839514E-05 
0.000000E+00 
0.000000E+00 
0.000000E+00 
0.000000E+00 
0.000000E+00 
0.000000E+00 
0.000000E+00 
0.000000E+00 
0.000000E+00 
0.000000E+00 
0.000000E+00 
0.000000E+00 
0.000000E+00 
0.000000E+00 
0.000000E+00 
0.000000E+00 
0.000000E+00 
0.000000E+00 
0.000000E+00 
0.000000E+00 
0.000000E+00 
0.000000E+00 
0.000000E+00 
0.000000E+00 
0.000000E+00 
0.000000E+00 
2.068619E-05 
0.000000E+00 
0.000000E+00 
0.000000E+00 
0.000000E+00 
0.000000E+00 
0.000000E+00 
0.000000E+00 
0.000000E+00 
0.000000E+00 
0.000000E+00 
0.000000E+00 
0.000000E+00 
0.000000E+00 
0.000000E+00 
0.000000E+00 
0.000000E+00 
0.000000E+00 
0.000000E+00 
0.000000E+00 
2.734948E-05 
0.000000E+00 
0.000000E+00 
0.000000E+00 
0.000000E+00 
0.000000E+00 
0.000000E+00 
0.000000E+00 
0.000000E+00 
0.000000E+00 
0.000000E+00 
0.000000E+00 
1.402005E-05 
0.000000E+00 
0.000000E+00 
0.000000E+00 
0.000000E+00 
0.000000E+00 
0.000000E+00 
0.000000E+00 
0.000000E+00 
0.000000E+00 
0.000000E+00 
0.000000E+00 
0.000000E+00 
0.000000E+00 
0.000000E+00 
0.000000E+00 
0.000000E+00 
0.000000E+00 
0.000000E+00 
1.377342E-05 
0.000000E+00 
0.000000E+00 
0.000000E+00 
1.359053E-05 
0.000000E+00 
1.920755E-05 
0.000000E+00 
0.000000E+00 
0.000000E+00 
0.000000E+00 
0.000000E+00 
0.000000E+00 
0.000000E+00 
0.000000E+00 
0.000000E+00 
0.000000E+00 
0.000000E+00 
0.000000E+00 
0.000000E+00 
0.000000E+00 
0.000000E+00 
0.000000E+00 
0.000000E+00 
0.000000E+00 
0.000000E+00 
0.000000E+00 
0.000000E+00 
0.000000E+00 
0.000000E+00 
0.000000E+00 
0.000000E+00 
0.000000E+00 
0.000000E+00 
0.000000E+00 
0.000000E+00 
0.000000E+00 
0.000000E+00 
0.000000E+00 
0.000000E+00 
0.000000E+00 
0.000000E+00 
0.000000E+00 
0.000000E+00 
0.000000E+00 
0.000000E+00 
0.000000E+00 
0.000000E+00 
1.682434E-05 
0.000000E+00 
0.000000E+00 
0.000000E+00 
1.430599E-05 
0.000000E+00 
0.000000E+00 
0.000000E+00 
0.000000E+00 
0.000000E+00 
0.000000E+00 
0.000000E+00 
0.000000E+00 
1.430620E-05 
0.000000E+00 
0.000000E+00 
0.000000E+00 
0.000000E+00 
0.000000E+00 
0.000000E+00 
0.000000E+00 
0.000000E+00 
0.000000E+00 
0.000000E+00 
0.000000E+00 
0.000000E+00 
0.000000E+00 
0.000000E+00 
0.000000E+00 
1.265035E-05 
0.000000E+00 
0.000000E+00 
0.000000E+00 
0.000000E+00 
0.000000E+00 
0.000000E+00 
0.000000E+00 
0.000000E+00 
0.000000E+00 
0.000000E+00 
0.000000E+00 
0.000000E+00 
0.000000E+00 
0.000000E+00 
0.000000E+00 
0.000000E+00 
0.000000E+00 
0.000000E+00 
0.000000E+00 
0.000000E+00 
1.523857E-05 
1.803755E-05 
0.000000E+00 
0.000000E+00 
0.000000E+00 
0.000000E+00 
0.000000E+00 
0.000000E+00 
0.000000E+00 
0.000000E+00 
0.000000E+00 
0.000000E+00 
0.000000E+00 
0.000000E+00 
0.000000E+00 
0.000000E+00 
0.000000E+00 
2.056571E-05 
0.000000E+00 
0.000000E+00 
0.000000E+00 
0.000000E+00 
0.000000E+00 
0.000000E+00 
0.000000E+00 
0.000000E+00 
0.000000E+00 
0.000000E+00 
0.000000E+00 
0.000000E+00 
1.096745E-05 
0.000000E+00 
0.000000E+00 
0.000000E+00 
0.000000E+00 
0.000000E+00 
1.831522E-05 
0.000000E+00 
0.000000E+00 
0.000000E+00 
0.000000E+00 
0.000000E+00 
0.000000E+00 
0.000000E+00 
0.000000E+00 
0.000000E+00 
0.000000E+00 
0.000000E+00 
0.000000E+00 
0.000000E+00 
0.000000E+00 
0.000000E+00 
0.000000E+00 
0.000000E+00 
0.000000E+00 
0.000000E+00 
0.000000E+00 
0.000000E+00 
0.000000E+00 
0.000000E+00 
0.000000E+00 
0.000000E+00 
1.740145E-05 
0.000000E+00 
0.000000E+00 
0.000000E+00 
0.000000E+00 
1.183019E-05 
0.000000E+00 
0.000000E+00 
0.000000E+00 
0.000000E+00 
1.675758E-05 
0.000000E+00 
0.000000E+00 
0.000000E+00 
0.000000E+00 
0.000000E+00 
0.000000E+00 
0.000000E+00 
0.000000E+00 
0.000000E+00 
0.000000E+00 
0.000000E+00 
0.000000E+00 
0.000000E+00 
0.000000E+00 
0.000000E+00 
0.000000E+00 
0.000000E+00 
0.000000E+00 
0.000000E+00 
0.000000E+00 
0.000000E+00 
1.502424E-05 
0.000000E+00 
0.000000E+00 
0.000000E+00 
0.000000E+00 
0.000000E+00 
0.000000E+00 
0.000000E+00 
0.000000E+00 
0.000000E+00 
0.000000E+00 
0.000000E+00 
0.000000E+00 
0.000000E+00 
0.000000E+00 
1.540575E-05 
0.000000E+00 
0.000000E+00 
0.000000E+00 
0.000000E+00 
0.000000E+00 
2.987135E-05 
0.000000E+00 
0.000000E+00 
0.000000E+00 
0.000000E+00 
0.000000E+00 
0.000000E+00 
0.000000E+00 
0.000000E+00 
0.000000E+00 
0.000000E+00 
0.000000E+00 
0.000000E+00 
0.000000E+00 
0.000000E+00 
2.128503E-05 
0.000000E+00 
0.000000E+00 
0.000000E+00 
0.000000E+00 
0.000000E+00 
0.000000E+00 
0.000000E+00 
0.000000E+00 
0.000000E+00 
0.000000E+00 
0.000000E+00 
0.000000E+00 
0.000000E+00 
0.000000E+00 
0.000000E+00 
1.467826E-05 
0.000000E+00 
0.000000E+00 
0.000000E+00 
0.000000E+00 
0.000000E+00 
0.000000E+00 
0.000000E+00 
0.000000E+00 
0.000000E+00 
0.000000E+00 
0.000000E+00 
0.000000E+00 
0.000000E+00 
0.000000E+00 
0.000000E+00 
1.916162E-05 
0.000000E+00 
0.000000E+00 
0.000000E+00 
0.000000E+00 
0.000000E+00 
0.000000E+00 
0.000000E+00 
0.000000E+00 
0.000000E+00 
0.000000E+00 
0.000000E+00 
0.000000E+00 
0.000000E+00 
0.000000E+00 
0.000000E+00 
0.000000E+00 
0.000000E+00 
0.000000E+00 
0.000000E+00 
0.000000E+00 
0.000000E+00 
0.000000E+00 
1.344265E-05 
0.000000E+00 
0.000000E+00 
0.000000E+00 
0.000000E+00 
0.000000E+00 
0.000000E+00 
1.438299E-05 
0.000000E+00 
0.000000E+00 
1.438319E-05 
0.000000E+00 
0.000000E+00 
0.000000E+00 
0.000000E+00 
0.000000E+00 
0.000000E+00 
0.000000E+00 
0.000000E+00 
0.000000E+00 
0.000000E+00 
0.000000E+00 
0.000000E+00 
0.000000E+00 
0.000000E+00 
0.000000E+00 
0.000000E+00 
0.000000E+00 
0.000000E+00 
0.000000E+00 
0.000000E+00 
0.000000E+00 
0.000000E+00 
1.286619E-05 
1.443430E-05 
0.000000E+00 
0.000000E+00 
0.000000E+00 
0.000000E+00 
0.000000E+00 
0.000000E+00 
0.000000E+00 
0.000000E+00 
0.000000E+00 
0.000000E+00 
0.000000E+00 
0.000000E+00 
0.000000E+00 
0.000000E+00 
0.000000E+00 
0.000000E+00 
0.000000E+00 
0.000000E+00 
1.998831E-05 
0.000000E+00 
0.000000E+00 
0.000000E+00 
0.000000E+00 
0.000000E+00 
0.000000E+00 
0.000000E+00 
0.000000E+00 
0.000000E+00 
0.000000E+00 
0.000000E+00 
0.000000E+00 
0.000000E+00 
0.000000E+00 
0.000000E+00 
1.274707E-05 
0.000000E+00 
0.000000E+00 
0.000000E+00 
0.000000E+00 
0.000000E+00 
0.000000E+00 
0.000000E+00 
0.000000E+00 
0.000000E+00 
0.000000E+00 
0.000000E+00 
0.000000E+00 
0.000000E+00 
1.357965E-05 
0.000000E+00 
0.000000E+00 
0.000000E+00 
0.000000E+00 
0.000000E+00 
0.000000E+00 
0.000000E+00 
0.000000E+00 
0.000000E+00 
0.000000E+00 
0.000000E+00 
0.000000E+00 
0.000000E+00 
0.000000E+00 
0.000000E+00 
0.000000E+00 
0.000000E+00 
0.000000E+00 
0.000000E+00 
0.000000E+00 
0.000000E+00 
0.000000E+00 
0.000000E+00 
0.000000E+00 
0.000000E+00 
0.000000E+00 
0.000000E+00 
0.000000E+00 
0.000000E+00 
0.000000E+00 
0.000000E+00 
0.000000E+00 
0.000000E+00 
0.000000E+00 
1.252721E-05 
0.000000E+00 
0.000000E+00 
0.000000E+00 
0.000000E+00 
0.000000E+00 
0.000000E+00 
0.000000E+00 
0.000000E+00 
0.000000E+00 
0.000000E+00 
0.000000E+00 
0.000000E+00 
0.000000E+00 
0.000000E+00 
0.000000E+00 
0.000000E+00 
0.000000E+00 
0.000000E+00 
0.000000E+00 
1.696864E-05 
0.000000E+00 
0.000000E+00 
0.000000E+00 
0.000000E+00 
0.000000E+00 
1.696892E-05 
0.000000E+00 
0.000000E+00 
0.000000E+00 
0.000000E+00 
0.000000E+00 
0.000000E+00 
0.000000E+00 
0.000000E+00 
0.000000E+00 
0.000000E+00 
0.000000E+00 
0.000000E+00 
0.000000E+00 
0.000000E+00 
0.000000E+00 
0.000000E+00 
0.000000E+00 
0.000000E+00 
0.000000E+00 
0.000000E+00 
0.000000E+00 
0.000000E+00 
0.000000E+00 
0.000000E+00 
0.000000E+00 
0.000000E+00 
0.000000E+00 
0.000000E+00 
0.000000E+00 
0.000000E+00 
0.000000E+00 
0.000000E+00 
0.000000E+00 
0.000000E+00 
0.000000E+00 
0.000000E+00 
0.000000E+00 
0.000000E+00 
0.000000E+00 
0.000000E+00 
0.000000E+00 
0.000000E+00 
2.673484E-05 
0.000000E+00 
0.000000E+00 
0.000000E+00 
0.000000E+00 
0.000000E+00 
0.000000E+00 
0.000000E+00 
0.000000E+00 
0.000000E+00 
0.000000E+00 
0.000000E+00 
0.000000E+00 
0.000000E+00 
0.000000E+00 
0.000000E+00 
0.000000E+00 
0.000000E+00 
0.000000E+00 
0.000000E+00 
0.000000E+00 
0.000000E+00 
0.000000E+00 
0.000000E+00 
0.000000E+00 
0.000000E+00 
0.000000E+00 
0.000000E+00 
0.000000E+00 
0.000000E+00 
0.000000E+00 
0.000000E+00 
0.000000E+00 
1.311952E-05 
0.000000E+00 
0.000000E+00 
0.000000E+00 
0.000000E+00 
0.000000E+00 
0.000000E+00 
0.000000E+00 
0.000000E+00 
0.000000E+00 
0.000000E+00 
1.457403E-05 
0.000000E+00 
0.000000E+00 
0.000000E+00 
0.000000E+00 
0.000000E+00 
0.000000E+00 
0.000000E+00 
0.000000E+00 
0.000000E+00 
0.000000E+00 
0.000000E+00 
0.000000E+00 
0.000000E+00 
0.000000E+00 
0.000000E+00 
0.000000E+00 
0.000000E+00 
0.000000E+00 
0.000000E+00 
0.000000E+00 
0.000000E+00 
0.000000E+00 
0.000000E+00 
0.000000E+00 
0.000000E+00 
0.000000E+00 
0.000000E+00 
0.000000E+00 
1.028188E-05 
1.028199E-05 
0.000000E+00 
0.000000E+00 
0.000000E+00 
0.000000E+00 
0.000000E+00 
1.081043E-05 
0.000000E+00 
0.000000E+00 
0.000000E+00 
0.000000E+00 
0.000000E+00 
0.000000E+00 
0.000000E+00 
0.000000E+00 
0.000000E+00 
0.000000E+00 
0.000000E+00 
0.000000E+00 
0.000000E+00 
0.000000E+00 
0.000000E+00 
0.000000E+00 
0.000000E+00 
0.000000E+00 
0.000000E+00 
0.000000E+00 
1.043224E-05 
1.685691E-05 
0.000000E+00 
1.073640E-06 
0.000000E+00 
0.000000E+00 
0.000000E+00 
0.000000E+00 
0.000000E+00 
0.000000E+00 
0.000000E+00 
1.563794E-05 
0.000000E+00 
0.000000E+00 
1.834757E-05 
0.000000E+00 
0.000000E+00 
0.000000E+00 
3.130852E-05 
0.000000E+00 
0.000000E+00 
1.834848E-05 
0.000000E+00 
0.000000E+00 
0.000000E+00 
0.000000E+00 
1.094073E-05 
0.000000E+00 
0.000000E+00 
0.000000E+00 
0.000000E+00 
0.000000E+00 
0.000000E+00 
0.000000E+00 
1.094085E-05 
0.000000E+00 
1.397516E-05 
0.000000E+00 
0.000000E+00 
1.457686E-05 
0.000000E+00 
0.000000E+00 
1.269072E-05 
0.000000E+00 
0.000000E+00 
0.000000E+00 
0.000000E+00 
0.000000E+00 
0.000000E+00 
0.000000E+00 
1.252244E-05 
0.000000E+00 
0.000000E+00 
0.000000E+00 
0.000000E+00 
1.094156E-05 
0.000000E+00 
0.000000E+00 
0.000000E+00 
1.749903E-05 
0.000000E+00 
0.000000E+00 
0.000000E+00 
0.000000E+00 
0.000000E+00 
0.000000E+00 
0.000000E+00 
0.000000E+00 
4.182730E-05 
3.510662E-05 
0.000000E+00 
0.000000E+00 
0.000000E+00 
0.000000E+00 
0.000000E+00 
0.000000E+00 
0.000000E+00 
0.000000E+00 
0.000000E+00 
0.000000E+00 
0.000000E+00 
0.000000E+00 
0.000000E+00 
0.000000E+00 
0.000000E+00 
0.000000E+00 
0.000000E+00 
0.000000E+00 
0.000000E+00 
0.000000E+00 
0.000000E+00 
0.000000E+00 
1.803176E-05 
0.000000E+00 
0.000000E+00 
0.000000E+00 
1.091109E-05 
0.000000E+00 
0.000000E+00 
0.000000E+00 
0.000000E+00 
0.000000E+00 
0.000000E+00 
0.000000E+00 
0.000000E+00 
0.000000E+00 
0.000000E+00 
0.000000E+00 
0.000000E+00 
0.000000E+00 
0.000000E+00 
0.000000E+00 
0.000000E+00 
0.000000E+00 
0.000000E+00 
0.000000E+00 
0.000000E+00 
0.000000E+00 
0.000000E+00 
0.000000E+00 
0.000000E+00 
0.000000E+00 
1.957332E-05 
2.077856E-05 
0.000000E+00 
0.000000E+00 
0.000000E+00 
0.000000E+00 
0.000000E+00 
0.000000E+00 
1.662040E-05 
0.000000E+00 
0.000000E+00 
0.000000E+00 
0.000000E+00 
0.000000E+00 
0.000000E+00 
0.000000E+00 
0.000000E+00 
0.000000E+00 
0.000000E+00 
0.000000E+00 
0.000000E+00 
0.000000E+00 
0.000000E+00 
0.000000E+00 
0.000000E+00 
0.000000E+00 
1.233702E-05 
0.000000E+00 
0.000000E+00 
0.000000E+00 
0.000000E+00 
0.000000E+00 
0.000000E+00 
0.000000E+00 
0.000000E+00 
0.000000E+00 
0.000000E+00 
0.000000E+00 
0.000000E+00 
0.000000E+00 
0.000000E+00 
1.334705E-05 
0.000000E+00 
0.000000E+00 
0.000000E+00 
0.000000E+00 
0.000000E+00 
0.000000E+00 
0.000000E+00 
0.000000E+00 
0.000000E+00 
0.000000E+00 
0.000000E+00 
0.000000E+00 
0.000000E+00 
0.000000E+00 
0.000000E+00 
0.000000E+00 
0.000000E+00 
0.000000E+00 
1.383996E-05 
0.000000E+00 
0.000000E+00 
0.000000E+00 
0.000000E+00 
0.000000E+00 
0.000000E+00 
0.000000E+00 
0.000000E+00 
0.000000E+00 
0.000000E+00 
0.000000E+00 
0.000000E+00 
0.000000E+00 
0.000000E+00 
0.000000E+00 
0.000000E+00 
0.000000E+00 
0.000000E+00 
0.000000E+00 
0.000000E+00 
0.000000E+00 
0.000000E+00 
0.000000E+00 
0.000000E+00 
0.000000E+00 
0.000000E+00 
0.000000E+00 
1.064337E-05 
0.000000E+00 
0.000000E+00 
0.000000E+00 
0.000000E+00 
0.000000E+00 
0.000000E+00 
0.000000E+00 
0.000000E+00 
0.000000E+00 
0.000000E+00 
0.000000E+00 
0.000000E+00 
0.000000E+00 
0.000000E+00 
0.000000E+00 
0.000000E+00 
0.000000E+00 
0.000000E+00 
0.000000E+00 
0.000000E+00 
1.268949E-05 
0.000000E+00 
0.000000E+00 
0.000000E+00 
0.000000E+00 
0.000000E+00 
0.000000E+00 
0.000000E+00 
0.000000E+00 
0.000000E+00 
0.000000E+00 
2.464853E-05 
0.000000E+00 
0.000000E+00 
0.000000E+00 
0.000000E+00 
0.000000E+00 
0.000000E+00 
1.134509E-05 
0.000000E+00 
0.000000E+00 
0.000000E+00 
0.000000E+00 
0.000000E+00 
0.000000E+00 
0.000000E+00 
0.000000E+00 
0.000000E+00 
0.000000E+00 
0.000000E+00 
0.000000E+00 
0.000000E+00 
0.000000E+00 
1.269011E-05 
0.000000E+00 
0.000000E+00 
0.000000E+00 
0.000000E+00 
0.000000E+00 
0.000000E+00 
0.000000E+00 
0.000000E+00 
0.000000E+00 
0.000000E+00 
0.000000E+00 
0.000000E+00 
0.000000E+00 
0.000000E+00 
0.000000E+00 
0.000000E+00 
0.000000E+00 
0.000000E+00 
0.000000E+00 
0.000000E+00 
0.000000E+00 
0.000000E+00 
0.000000E+00 
1.136949E-05 
0.000000E+00 
0.000000E+00 
0.000000E+00 
0.000000E+00 
0.000000E+00 
0.000000E+00 
2.361838E-05 
0.000000E+00 
0.000000E+00 
0.000000E+00 
0.000000E+00 
0.000000E+00 
0.000000E+00 
0.000000E+00 
0.000000E+00 
0.000000E+00 
0.000000E+00 
0.000000E+00 
0.000000E+00 
0.000000E+00 
0.000000E+00 
0.000000E+00 
0.000000E+00 
0.000000E+00 
0.000000E+00 
0.000000E+00 
1.144400E-05 
0.000000E+00 
1.191020E-05 
0.000000E+00 
0.000000E+00 
0.000000E+00 
0.000000E+00 
0.000000E+00 
0.000000E+00 
0.000000E+00 
0.000000E+00 
0.000000E+00 
0.000000E+00 
0.000000E+00 
0.000000E+00 
0.000000E+00 
0.000000E+00 
0.000000E+00 
0.000000E+00 
0.000000E+00 
0.000000E+00 
0.000000E+00 
0.000000E+00 
2.407307E-05 
0.000000E+00 
0.000000E+00 
0.000000E+00 
0.000000E+00 
0.000000E+00 
0.000000E+00 
0.000000E+00 
0.000000E+00 
2.234532E-05 
0.000000E+00 
0.000000E+00 
2.565723E-05 
6.239590E-05 
3.119990E-05 
0.000000E+00 
0.000000E+00 
0.000000E+00 
0.000000E+00 
0.000000E+00 
0.000000E+00 
0.000000E+00 
0.000000E+00 
0.000000E+00 
0.000000E+00 
0.000000E+00 
0.000000E+00 
3.388089E-05 
0.000000E+00 
4.614698E-05 
0.000000E+00 
1.560168E-05 
9.350206E-05 
0.000000E+00 
1.188798E-05 
0.000000E+00 
0.000000E+00 
0.000000E+00 
0.000000E+00 
0.000000E+00 
0.000000E+00 
1.530547E-05 
0.000000E+00 
0.000000E+00 
0.000000E+00 
0.000000E+00 
0.000000E+00 
0.000000E+00 
0.000000E+00 
0.000000E+00 
0.000000E+00 
1.704060E-05 
0.000000E+00 
0.000000E+00 
0.000000E+00 
0.000000E+00 
0.000000E+00 
0.000000E+00 
0.000000E+00 
1.166636E-05 
0.000000E+00 
0.000000E+00 
0.000000E+00 
0.000000E+00 
0.000000E+00 
0.000000E+00 
3.181960E-05 
3.534292E-05 
0.000000E+00 
0.000000E+00 
0.000000E+00 
0.000000E+00 
0.000000E+00 
1.537079E-05 
0.000000E+00 
0.000000E+00 
0.000000E+00 
0.000000E+00 
0.000000E+00 
0.000000E+00 
0.000000E+00 
0.000000E+00 
0.000000E+00 
0.000000E+00 
0.000000E+00 
0.000000E+00 
0.000000E+00 
0.000000E+00 
0.000000E+00 
0.000000E+00 
0.000000E+00 
0.000000E+00 
0.000000E+00 
0.000000E+00 
2.847301E-05 
0.000000E+00 
0.000000E+00 
0.000000E+00 
0.000000E+00 
0.000000E+00 
0.000000E+00 
0.000000E+00 
0.000000E+00 
0.000000E+00 
0.000000E+00 
0.000000E+00 
0.000000E+00 
2.247272E-05 
0.000000E+00 
0.000000E+00 
0.000000E+00 
0.000000E+00 
0.000000E+00 
0.000000E+00 
0.000000E+00 
0.000000E+00 
0.000000E+00 
0.000000E+00 
0.000000E+00 
0.000000E+00 
0.000000E+00 
0.000000E+00 
0.000000E+00 
0.000000E+00 
0.000000E+00 
0.000000E+00 
0.000000E+00 
0.000000E+00 
0.000000E+00 
0.000000E+00 
0.000000E+00 
0.000000E+00 
0.000000E+00 
0.000000E+00 
0.000000E+00 
0.000000E+00 
1.397078E-04 
0.000000E+00 
0.000000E+00 
0.000000E+00 
0.000000E+00 
0.000000E+00 
0.000000E+00 
0.000000E+00 
0.000000E+00 
0.000000E+00 
0.000000E+00 
0.000000E+00 
0.000000E+00 
0.000000E+00 
3.063054E-05 
0.000000E+00 
0.000000E+00 
0.000000E+00 
0.000000E+00 
0.000000E+00 
0.000000E+00 
0.000000E+00 
0.000000E+00 
1.177958E-05 
0.000000E+00 
0.000000E+00 
0.000000E+00 
1.628881E-05 
1.628908E-05 
0.000000E+00 
1.195329E-05 
0.000000E+00 
0.000000E+00 
0.000000E+00 
0.000000E+00 
1.184530E-05 
0.000000E+00 
0.000000E+00 
0.000000E+00 
0.000000E+00 
0.000000E+00 
0.000000E+00 
0.000000E+00 
0.000000E+00 
0.000000E+00 
0.000000E+00 
0.000000E+00 
0.000000E+00 
0.000000E+00 
0.000000E+00 
2.338771E-05 
0.000000E+00 
1.746804E-05 
0.000000E+00 
0.000000E+00 
0.000000E+00 
0.000000E+00 
0.000000E+00 
0.000000E+00 
0.000000E+00 
1.887515E-05 
0.000000E+00 
0.000000E+00 
0.000000E+00 
0.000000E+00 
0.000000E+00 
0.000000E+00 
1.629070E-05 
0.000000E+00 
0.000000E+00 
0.000000E+00 
0.000000E+00 
0.000000E+00 
0.000000E+00 
0.000000E+00 
0.000000E+00 
0.000000E+00 
0.000000E+00 
0.000000E+00 
0.000000E+00 
0.000000E+00 
0.000000E+00 
0.000000E+00 
0.000000E+00 
0.000000E+00 
0.000000E+00 
0.000000E+00 
0.000000E+00 
1.571176E-05 
1.571201E-05 
0.000000E+00 
0.000000E+00 
0.000000E+00 
0.000000E+00 
0.000000E+00 
0.000000E+00 
0.000000E+00 
0.000000E+00 
0.000000E+00 
0.000000E+00 
0.000000E+00 
0.000000E+00 
0.000000E+00 
0.000000E+00 
0.000000E+00 
0.000000E+00 
0.000000E+00 
0.000000E+00 
0.000000E+00 
0.000000E+00 
0.000000E+00 
0.000000E+00 
0.000000E+00 
0.000000E+00 
0.000000E+00 
0.000000E+00 
0.000000E+00 
0.000000E+00 
0.000000E+00 
0.000000E+00 
0.000000E+00 
0.000000E+00 
0.000000E+00 
0.000000E+00 
0.000000E+00 
0.000000E+00 
2.304389E-05 
0.000000E+00 
0.000000E+00 
0.000000E+00 
0.000000E+00 
0.000000E+00 
0.000000E+00 
0.000000E+00 
0.000000E+00 
0.000000E+00 
0.000000E+00 
0.000000E+00 
0.000000E+00 
0.000000E+00 
0.000000E+00 
0.000000E+00 
0.000000E+00 
0.000000E+00 
0.000000E+00 
0.000000E+00 
0.000000E+00 
0.000000E+00 
0.000000E+00 
0.000000E+00 
0.000000E+00 
0.000000E+00 
0.000000E+00 
0.000000E+00 
0.000000E+00 
0.000000E+00 
0.000000E+00 
0.000000E+00 
0.000000E+00 
0.000000E+00 
0.000000E+00 
0.000000E+00 
0.000000E+00 
0.000000E+00 
0.000000E+00 
0.000000E+00 
0.000000E+00 
0.000000E+00 
0.000000E+00 
0.000000E+00 
0.000000E+00 
0.000000E+00 
0.000000E+00 
0.000000E+00 
0.000000E+00 
0.000000E+00 
0.000000E+00 
0.000000E+00 
0.000000E+00 
0.000000E+00 
0.000000E+00 
0.000000E+00 
0.000000E+00 
0.000000E+00 
0.000000E+00 
0.000000E+00 
1.315711E-05 
0.000000E+00 
0.000000E+00 
0.000000E+00 
0.000000E+00 
0.000000E+00 
0.000000E+00 
0.000000E+00 
1.480631E-05 
0.000000E+00 
0.000000E+00 
0.000000E+00 
0.000000E+00 
0.000000E+00 
0.000000E+00 
0.000000E+00 
0.000000E+00 
0.000000E+00 
0.000000E+00 
0.000000E+00 
0.000000E+00 
0.000000E+00 
0.000000E+00 
0.000000E+00 
0.000000E+00 
0.000000E+00 
0.000000E+00 
0.000000E+00 
0.000000E+00 
0.000000E+00 
0.000000E+00 
0.000000E+00 
0.000000E+00 
0.000000E+00 
0.000000E+00 
0.000000E+00 
0.000000E+00 
0.000000E+00 
0.000000E+00 
0.000000E+00 
0.000000E+00 
0.000000E+00 
0.000000E+00 
0.000000E+00 
0.000000E+00 
0.000000E+00 
0.000000E+00 
0.000000E+00 
0.000000E+00 
0.000000E+00 
0.000000E+00 
0.000000E+00 
0.000000E+00 
0.000000E+00 
0.000000E+00 
1.549597E-05 
0.000000E+00 
0.000000E+00 
0.000000E+00 
0.000000E+00 
1.496174E-05 
0.000000E+00 
0.000000E+00 
0.000000E+00 
0.000000E+00 
0.000000E+00 
0.000000E+00 
0.000000E+00 
0.000000E+00 
0.000000E+00 
0.000000E+00 
0.000000E+00 
0.000000E+00 
0.000000E+00 
0.000000E+00 
0.000000E+00 
0.000000E+00 
0.000000E+00 
0.000000E+00 
0.000000E+00 
0.000000E+00 
0.000000E+00 
0.000000E+00 
0.000000E+00 
0.000000E+00 
0.000000E+00 
0.000000E+00 
0.000000E+00 
0.000000E+00 
0.000000E+00 
0.000000E+00 
0.000000E+00 
0.000000E+00 
0.000000E+00 
0.000000E+00 
0.000000E+00 
0.000000E+00 
0.000000E+00 
0.000000E+00 
1.193819E-05 
1.511033E-05 
0.000000E+00 
0.000000E+00 
0.000000E+00 
0.000000E+00 
0.000000E+00 
0.000000E+00 
0.000000E+00 
0.000000E+00 
0.000000E+00 
0.000000E+00 
0.000000E+00 
0.000000E+00 
0.000000E+00 
0.000000E+00 
0.000000E+00 
0.000000E+00 
0.000000E+00 
0.000000E+00 
0.000000E+00 
0.000000E+00 
0.000000E+00 
0.000000E+00 
0.000000E+00 
0.000000E+00 
0.000000E+00 
0.000000E+00 
0.000000E+00 
0.000000E+00 
0.000000E+00 
0.000000E+00 
0.000000E+00 
0.000000E+00 
0.000000E+00 
0.000000E+00 
0.000000E+00 
0.000000E+00 
0.000000E+00 
0.000000E+00 
0.000000E+00 
0.000000E+00 
0.000000E+00 
0.000000E+00 
0.000000E+00 
0.000000E+00 
0.000000E+00 
0.000000E+00 
0.000000E+00 
0.000000E+00 
0.000000E+00 
0.000000E+00 
0.000000E+00 
0.000000E+00 
0.000000E+00 
0.000000E+00 
0.000000E+00 
0.000000E+00 
0.000000E+00 
0.000000E+00 
0.000000E+00 
0.000000E+00 
0.000000E+00 
0.000000E+00 
0.000000E+00 
0.000000E+00 
1.504236E-05 
0.000000E+00 
0.000000E+00 
0.000000E+00 
1.757437E-05 
0.000000E+00 
1.315866E-05 
0.000000E+00 
0.000000E+00 
0.000000E+00 
0.000000E+00 
0.000000E+00 
0.000000E+00 
0.000000E+00 
0.000000E+00 
0.000000E+00 
0.000000E+00 
0.000000E+00 
0.000000E+00 
0.000000E+00 
0.000000E+00 
0.000000E+00 
0.000000E+00 
0.000000E+00 
0.000000E+00 
0.000000E+00 
0.000000E+00 
0.000000E+00 
0.000000E+00 
0.000000E+00 
0.000000E+00 
0.000000E+00 
0.000000E+00 
0.000000E+00 
0.000000E+00 
0.000000E+00 
0.000000E+00 
0.000000E+00 
0.000000E+00 
0.000000E+00 
0.000000E+00 
0.000000E+00 
0.000000E+00 
0.000000E+00 
0.000000E+00 
0.000000E+00 
0.000000E+00 
3.840113E-05 
0.000000E+00 
0.000000E+00 
0.000000E+00 
0.000000E+00 
0.000000E+00 
0.000000E+00 
0.000000E+00 
0.000000E+00 
0.000000E+00 
1.631141E-05 
0.000000E+00 
0.000000E+00 
0.000000E+00 
0.000000E+00 
0.000000E+00 
0.000000E+00 
0.000000E+00 
0.000000E+00 
0.000000E+00 
0.000000E+00 
0.000000E+00 
0.000000E+00 
0.000000E+00 
6.297228E-05 
0.000000E+00 
0.000000E+00 
0.000000E+00 
1.924277E-05 
0.000000E+00 
0.000000E+00 
0.000000E+00 
0.000000E+00 
0.000000E+00 
0.000000E+00 
0.000000E+00 
0.000000E+00 
0.000000E+00 
0.000000E+00 
0.000000E+00 
0.000000E+00 
0.000000E+00 
0.000000E+00 
0.000000E+00 
0.000000E+00 
0.000000E+00 
0.000000E+00 
0.000000E+00 
0.000000E+00 
0.000000E+00 
0.000000E+00 
0.000000E+00 
0.000000E+00 
1.394425E-05 
0.000000E+00 
0.000000E+00 
1.394445E-05 
0.000000E+00 
0.000000E+00 
0.000000E+00 
0.000000E+00 
0.000000E+00 
0.000000E+00 
0.000000E+00 
0.000000E+00 
1.936472E-05 
0.000000E+00 
0.000000E+00 
0.000000E+00 
0.000000E+00 
0.000000E+00 
0.000000E+00 
0.000000E+00 
0.000000E+00 
0.000000E+00 
0.000000E+00 
0.000000E+00 
0.000000E+00 
0.000000E+00 
0.000000E+00 
0.000000E+00 
0.000000E+00 
0.000000E+00 
0.000000E+00 
0.000000E+00 
0.000000E+00 
0.000000E+00 
0.000000E+00 
0.000000E+00 
0.000000E+00 
0.000000E+00 
2.105753E-05 
0.000000E+00 
4.211595E-05 
0.000000E+00 
3.389353E-05 
0.000000E+00 
1.818584E-05 
0.000000E+00 
1.985821E-05 
0.000000E+00 
0.000000E+00 
2.106038E-05 
0.000000E+00 
0.000000E+00 
0.000000E+00 
3.024027E-05 
0.000000E+00 
0.000000E+00 
0.000000E+00 
2.106146E-05 
0.000000E+00 
0.000000E+00 
0.000000E+00 
0.000000E+00 
0.000000E+00 
0.000000E+00 
0.000000E+00 
0.000000E+00 
0.000000E+00 
0.000000E+00 
2.924004E-05 
0.000000E+00 
0.000000E+00 
0.000000E+00 
0.000000E+00 
0.000000E+00 
0.000000E+00 
0.000000E+00 
0.000000E+00 
0.000000E+00 
0.000000E+00 
0.000000E+00 
1.566584E-05 
0.000000E+00 
0.000000E+00 
6.599202E-05 
0.000000E+00 
0.000000E+00 
0.000000E+00 
0.000000E+00 
0.000000E+00 
0.000000E+00 
0.000000E+00 
0.000000E+00 
0.000000E+00 
0.000000E+00 
1.817243E-05 
0.000000E+00 
2.308220E-05 
1.382647E-05 
0.000000E+00 
0.000000E+00 
2.842708E-05 
0.000000E+00 
0.000000E+00 
0.000000E+00 
0.000000E+00 
0.000000E+00 
0.000000E+00 
0.000000E+00 
0.000000E+00 
0.000000E+00 
0.000000E+00 
0.000000E+00 
0.000000E+00 
2.308370E-05 
0.000000E+00 
0.000000E+00 
0.000000E+00 
0.000000E+00 
0.000000E+00 
0.000000E+00 
1.509389E-05 
0.000000E+00 
0.000000E+00 
0.000000E+00 
0.000000E+00 
0.000000E+00 
3.137357E-05 
0.000000E+00 
0.000000E+00 
1.509459E-05 
0.000000E+00 
0.000000E+00 
0.000000E+00 
0.000000E+00 
0.000000E+00 
0.000000E+00 
0.000000E+00 
0.000000E+00 
0.000000E+00 
0.000000E+00 
1.851704E-05 
0.000000E+00 
1.433725E-05 
0.000000E+00 
0.000000E+00 
0.000000E+00 
0.000000E+00 
0.000000E+00 
0.000000E+00 
0.000000E+00 
0.000000E+00 
0.000000E+00 
0.000000E+00 
0.000000E+00 
0.000000E+00 
0.000000E+00 
0.000000E+00 
0.000000E+00 
0.000000E+00 
0.000000E+00 
0.000000E+00 
0.000000E+00 
1.423846E-05 
0.000000E+00 
0.000000E+00 
0.000000E+00 
0.000000E+00 
0.000000E+00 
0.000000E+00 
0.000000E+00 
1.865688E-05 
0.000000E+00 
0.000000E+00 
0.000000E+00 
0.000000E+00 
0.000000E+00 
0.000000E+00 
0.000000E+00 
0.000000E+00 
0.000000E+00 
0.000000E+00 
0.000000E+00 
3.124081E-05 
0.000000E+00 
0.000000E+00 
0.000000E+00 
0.000000E+00 
0.000000E+00 
0.000000E+00 
2.424361E-05 
0.000000E+00 
0.000000E+00 
0.000000E+00 
2.424420E-05 
0.000000E+00 
2.424478E-05 
0.000000E+00 
0.000000E+00 
0.000000E+00 
0.000000E+00 
0.000000E+00 
0.000000E+00 
0.000000E+00 
0.000000E+00 
0.000000E+00 
0.000000E+00 
0.000000E+00 
0.000000E+00 
0.000000E+00 
1.893650E-05 
0.000000E+00 
0.000000E+00 
0.000000E+00 
0.000000E+00 
0.000000E+00 
0.000000E+00 
1.865952E-05 
0.000000E+00 
0.000000E+00 
0.000000E+00 
0.000000E+00 
0.000000E+00 
0.000000E+00 
0.000000E+00 
0.000000E+00 
0.000000E+00 
0.000000E+00 
0.000000E+00 
0.000000E+00 
0.000000E+00 
0.000000E+00 
0.000000E+00 
0.000000E+00 
0.000000E+00 
0.000000E+00 
0.000000E+00 
0.000000E+00 
0.000000E+00 
2.070955E-05 
0.000000E+00 
0.000000E+00 
0.000000E+00 
0.000000E+00 
0.000000E+00 
0.000000E+00 
0.000000E+00 
0.000000E+00 
0.000000E+00 
0.000000E+00 
0.000000E+00 
0.000000E+00 
0.000000E+00 
0.000000E+00 
0.000000E+00 
0.000000E+00 
1.568114E-05 
0.000000E+00 
0.000000E+00 
0.000000E+00 
0.000000E+00 
0.000000E+00 
0.000000E+00 
0.000000E+00 
0.000000E+00 
0.000000E+00 
0.000000E+00 
0.000000E+00 
0.000000E+00 
0.000000E+00 
0.000000E+00 
0.000000E+00 
1.527011E-05 
0.000000E+00 
1.491760E-05 
1.527058E-05 
0.000000E+00 
0.000000E+00 
0.000000E+00 
0.000000E+00 
5.735647E-05 
0.000000E+00 
0.000000E+00 
0.000000E+00 
0.000000E+00 
1.256865E-05 
0.000000E+00 
0.000000E+00 
0.000000E+00 
0.000000E+00 
0.000000E+00 
0.000000E+00 
1.434213E-05 
0.000000E+00 
0.000000E+00 
0.000000E+00 
0.000000E+00 
0.000000E+00 
0.000000E+00 
0.000000E+00 
0.000000E+00 
0.000000E+00 
0.000000E+00 
0.000000E+00 
0.000000E+00 
0.000000E+00 
0.000000E+00 
