3, 4.561911E-04 
3, 5.006258E-04 
7, 4.448573E-04 
6, 1.032165E-03 
2, 1.432905E-04 
6, 7.191821E-04 
9, 6.143011E-05 
10, 1.873007E-06 
4, 1.108260E-03 
4, 1.012400E-03 
13, 2.125915E-07 
3, 5.660177E-04 
15, 1.804815E-12 
13, 2.733257E-07 
5, 1.010431E-03 
12, 1.623765E-07 
8, 4.045499E-04 
13, 2.997348E-07 
6, 8.613318E-04 
1, 3.662293E-05 
9, 9.558438E-05 
7, 4.373400E-04 
3, 5.488431E-04 
12, 1.673581E-06 
11, 1.386626E-05 
12, 9.311131E-07 
6, 1.195670E-03 
2, 2.073790E-04 
13, 2.665011E-07 
8, 1.626351E-04 
12, 1.091503E-06 
8, 3.014018E-04 
1, 3.309923E-05 
1, 4.406098E-05 
2, 1.520694E-04 
9, 1.082701E-04 
15, 2.012421E-12 
6, 9.300610E-04 
13, 1.971918E-07 
14, 3.096075E-09 
8, 6.472312E-04 
14, 2.951865E-09 
2, 1.812299E-04 
13, 2.095971E-07 
7, 5.968043E-04 
1, 3.158832E-05 
15, 2.608431E-12 
3, 5.431091E-04 
2, 1.594571E-04 
12, 9.938575E-07 
14, 6.150577E-12 
9, 1.728111E-04 
6, 1.061713E-03 
4, 1.047580E-03 
11, 3.681551E-06 
10, 2.584757E-05 
11, 7.216942E-06 
4, 1.052504E-03 
12, 2.665011E-07 
4, 7.485973E-04 
15, 1.942584E-12 
3, 6.326584E-04 
10, 3.721963E-05 
3, 5.432590E-04 
13, 1.583477E-07 
15, 3.264646E-12 
4, 1.003322E-03 
3, 5.464550E-04 
5, 1.053263E-03 
15, 2.501532E-12 
2, 1.711147E-04 
5, 1.146243E-03 
14, 3.028653E-09 
12, 2.328302E-07 
15, 1.781586E-12 
1, 3.966629E-05 
2, 1.434823E-04 
9, 9.926200E-05 
9, 3.716516E-04 
1, 1.001975E-04 
12, 1.230451E-06 
9, 4.049027E-05 
14, 4.643774E-12 
9, 1.498714E-04 
14, 2.867159E-09 
10, 4.591911E-05 
13, 2.235470E-07 
15, 2.018563E-12 
11, 4.408681E-06 
13, 2.852704E-07 
5, 7.004115E-04 
4, 7.844099E-04 
9, 1.978542E-04 
1, 2.902832E-05 
13, 4.082369E-09 
8, 3.413821E-04 
13, 4.356054E-08 
14, 8.298967E-12 
10, 6.305387E-05 
2, 1.108137E-04 
8, 3.309998E-04 
10, 3.183899E-05 
11, 3.442967E-06 
13, 1.440896E-07 
14, 2.407076E-09 
10, 6.039472E-05 
4, 7.512587E-04 
1, 3.135241E-05 
7, 1.158739E-03 
8, 5.358921E-04 
11, 7.471404E-06 
1, 2.549053E-05 
11, 7.351367E-06 
10, 4.042851E-05 
1, 2.594050E-05 
9, 1.523578E-04 
8, 3.382603E-04 
12, 5.957491E-07 
9, 1.237215E-04 
14, 3.028653E-09 
14, 2.722533E-09 
15, 2.133284E-12 
10, 2.149926E-05 
9, 9.890116E-05 
1, 3.197538E-05 
14, 4.989985E-12 
12, 4.731373E-07 
4, 8.063061E-04 
2, 1.425065E-04 
10, 2.832776E-05 
6, 6.707371E-04 
12, 1.602267E-06 
4, 1.008561E-03 
9, 1.715996E-04 
14, 3.071866E-09 
1, 3.667441E-05 
9, 9.922064E-05 
6, 1.094524E-03 
4, 1.081984E-03 
3, 5.999429E-04 
10, 5.842962E-05 
1, 3.193770E-05 
15, 2.043407E-12 
6, 7.171867E-04 
4, 9.801194E-04 
1, 3.619267E-05 
6, 1.021758E-03 
4, 1.108155E-03 
12, 1.023580E-06 
12, 1.801093E-06 
2, 2.578685E-04 
5, 1.399675E-03 
2, 1.606532E-04 
6, 1.056803E-03 
5, 9.403535E-04 
5, 1.066182E-03 
3, 1.183182E-03 
14, 2.722533E-09 
4, 8.775387E-04 
11, 7.968901E-06 
14, 7.167009E-12 
6, 1.160781E-03 
8, 3.509831E-04 
13, 2.421522E-07 
4, 1.105231E-03 
4, 1.119169E-03 
10, 4.988272E-05 
13, 2.005124E-07 
6, 1.012936E-03 
14, 2.951333E-09 
11, 1.221023E-05 
3, 5.119219E-04 
13, 1.668158E-07 
8, 3.416931E-04 
7, 6.353238E-04 
5, 1.126049E-03 
14, 2.722533E-09 
13, 2.223969E-07 
13, 2.049498E-07 
7, 4.525524E-04 
10, 3.378433E-05 
12, 1.790783E-06 
1, 3.073366E-05 
15, 1.819404E-12 
15, 2.402099E-12 
4, 1.156873E-03 
13, 8.742490E-08 
12, 6.107572E-07 
8, 4.345822E-04 
8, 3.308132E-04 
13, 1.963461E-07 
6, 7.578241E-04 
7, 6.868523E-04 
11, 3.252022E-06 
13, 8.572266E-09 
4, 1.011963E-03 
10, 4.914663E-05 
5, 1.130692E-03 
8, 3.557054E-04 
13, 2.056393E-07 
9, 1.491908E-04 
13, 2.435181E-07 
7, 6.015158E-04 
2, 1.004277E-04 
15, 1.942584E-12 
15, 3.458678E-12 
8, 3.898931E-04 
6, 7.782828E-04 
9, 1.506815E-04 
5, 6.965377E-04 
15, 2.407619E-12 
7, 6.859242E-04 
8, 4.592422E-04 
11, 7.798957E-06 
6, 9.862539E-04 
13, 1.797790E-07 
11, 1.376792E-05 
5, 1.086044E-03 
9, 2.202301E-04 
6, 1.203954E-03 
6, 7.371720E-04 
13, 5.496661E-09 
2, 1.421077E-04 
6, 7.797899E-04 
12, 1.403024E-06 
14, 3.308330E-12 
4, 1.096439E-03 
1, 3.902129E-05 
13, 1.089844E-08 
10, 3.184462E-05 
6, 1.003860E-03 
5, 7.326006E-04 
11, 3.715730E-06 
12, 1.604454E-06 
4, 1.144039E-03 
14, 3.028653E-09 
14, 9.517510E-09 
12, 1.648628E-06 
5, 1.035465E-03 
6, 7.250999E-04 
9, 2.202301E-04 
4, 1.218646E-03 
10, 3.786866E-05 
8, 4.302027E-04 
9, 1.301334E-04 
2, 2.815429E-04 
15, 2.634762E-12 
12, 1.644804E-06 
13, 2.263794E-07 
13, 1.457692E-07 
3, 5.657204E-04 
13, 1.691275E-08 
10, 3.412964E-05 
14, 2.602486E-09 
2, 2.130964E-04 
13, 1.450871E-07 
13, 2.427565E-07 
1, 3.726886E-05 
15, 2.823633E-12 
12, 9.702498E-07 
2, 1.762131E-04 
7, 4.559027E-04 
11, 1.063064E-05 
2, 1.762131E-04 
10, 3.183966E-05 
3, 5.618659E-04 
4, 1.085406E-03 
10, 5.275679E-05 
14, 3.144684E-09 
3, 4.104109E-04 
15, 3.366298E-12 
3, 4.790143E-04 
4, 8.900281E-04 
11, 1.386626E-05 
12, 1.030227E-06 
8, 3.994843E-04 
2, 1.577720E-04 
2, 1.267500E-04 
5, 1.063288E-03 
2, 3.177078E-05 
15, 2.776220E-12 
15, 2.569787E-12 
8, 3.344444E-04 
7, 7.511448E-04 
12, 1.699916E-06 
5, 1.155665E-03 
3, 6.136627E-04 
9, 1.508093E-04 
7, 6.383176E-04 
12, 1.628973E-06 
7, 4.479035E-04 
1, 4.028517E-05 
5, 9.227504E-04 
4, 8.986993E-04 
1, 4.103366E-05 
3, 4.953937E-04 
13, 1.867302E-07 
9, 1.164396E-04 
7, 6.163591E-04 
15, 2.555576E-12 
11, 6.212619E-06 
5, 1.177125E-03 
12, 1.200799E-06 
11, 1.138389E-05 
10, 4.121025E-05 
14, 2.390947E-09 
4, 1.072886E-03 
7, 4.787209E-04 
14, 3.044667E-09 
8, 3.300459E-04 
13, 1.900456E-07 
3, 5.900647E-04 
10, 5.621621E-05 
14, 6.206852E-12 
8, 3.186108E-04 
5, 9.008067E-04 
6, 1.001148E-03 
8, 3.089138E-04 
7, 8.013225E-04 
11, 3.359619E-06 
13, 1.701650E-07 
5, 1.048614E-03 
1, 2.761065E-05 
12, 1.748371E-06 
8, 5.794511E-05 
4, 7.176037E-04 
5, 8.059388E-04 
14, 1.215721E-11 
3, 5.944166E-04 
8, 3.417039E-04 
10, 4.251851E-05 
15, 2.308995E-12 
11, 9.166322E-06 
2, 8.657056E-05 
1, 4.468358E-05 
5, 1.103613E-03 
5, 7.485973E-04 
7, 6.729409E-04 
4, 1.313640E-03 
13, 2.631821E-09 
1, 2.378690E-05 
8, 3.688951E-04 
14, 2.722533E-09 
10, 1.029047E-05 
14, 2.016181E-09 
9, 1.360527E-04 
8, 3.516305E-04 
1, 2.905943E-05 
10, 4.616360E-05 
2, 2.814749E-04 
10, 2.836251E-05 
9, 1.562116E-04 
9, 9.400157E-05 
12, 3.982693E-07 
1, 2.894463E-05 
6, 1.100388E-03 
9, 1.230516E-04 
5, 1.351632E-03 
5, 7.578241E-04 
5, 1.090933E-03 
8, 7.344783E-04 
2, 2.276014E-04 
10, 4.943387E-05 
8, 3.255762E-04 
15, 3.229197E-12 
11, 2.359776E-05 
12, 5.706755E-07 
9, 1.537503E-04 
8, 3.377256E-04 
9, 1.145096E-04 
14, 1.005076E-10 
3, 5.374082E-04 
6, 7.540664E-04 
8, 2.987552E-04 
13, 1.315819E-07 
9, 5.987591E-05 
8, 4.524455E-04 
14, 3.859869E-12 
9, 1.443398E-04 
2, 1.108121E-04 
15, 1.832828E-12 
10, 3.274650E-05 
15, 1.989292E-12 
6, 1.215000E-03 
4, 1.056085E-03 
12, 1.674148E-06 
5, 9.615916E-04 
1, 4.184766E-05 
9, 1.160727E-04 
2, 2.874028E-05 
12, 1.781161E-06 
15, 2.018563E-12 
13, 6.983371E-08 
3, 5.972473E-04 
11, 4.579363E-06 
14, 1.989793E-09 
1, 2.758823E-05 
12, 1.559687E-06 
3, 5.605063E-04 
10, 3.183899E-05 
15, 2.787199E-12 
6, 1.138313E-03 
11, 3.260712E-06 
14, 8.827705E-11 
1, 3.087365E-05 
11, 3.817601E-06 
5, 1.091398E-03 
3, 5.902534E-04 
2, 1.679722E-04 
8, 4.391209E-04 
6, 7.207315E-04 
4, 7.326006E-04 
7, 4.324406E-04 
13, 2.665011E-07 
8, 2.914869E-04 
15, 3.229094E-12 
13, 1.640137E-07 
3, 5.098158E-04 
15, 2.413955E-12 
12, 1.290184E-06 
9, 1.384316E-04 
6, 7.863519E-04 
10, 6.123775E-05 
14, 6.185224E-12 
5, 1.341495E-03 
10, 3.331203E-05 
6, 1.063976E-03 
12, 1.135158E-06 
2, 1.093797E-04 
15, 1.781586E-12 
6, 8.823252E-04 
8, 4.027245E-04 
15, 2.555576E-12 
10, 6.208274E-06 
1, 4.189144E-05 
12, 1.579920E-06 
15, 3.542043E-12 
9, 1.094002E-04 
13, 2.995765E-07 
5, 1.068684E-03 
7, 5.471056E-04 
2, 1.447731E-04 
6, 6.471241E-04 
10, 5.119955E-05 
4, 9.928576E-04 
13, 2.031846E-07 
4, 1.157899E-03 
10, 2.010065E-05 
10, 3.378433E-05 
15, 3.271201E-12 
7, 5.998269E-04 
9, 1.518126E-04 
9, 8.111214E-05 
7, 7.270294E-04 
3, 5.036933E-04 
1, 2.543755E-05 
14, 4.316849E-12 
9, 1.255105E-04 
7, 8.396430E-04 
1, 3.411923E-05 
9, 9.251433E-05 
1, 2.907356E-05 
4, 7.162951E-04 
3, 7.019391E-04 
5, 1.115814E-03 
9, 1.709326E-04 
9, 1.022044E-04 
4, 1.123853E-03 
6, 1.104177E-03 
8, 3.065788E-04 
8, 3.262766E-04 
6, 1.176169E-03 
6, 7.893992E-04 
4, 1.089997E-03 
12, 4.389400E-07 
4, 1.136103E-03 
14, 8.501471E-10 
13, 1.800866E-07 
7, 4.441650E-04 
10, 4.121025E-05 
4, 8.585459E-04 
8, 3.650033E-04 
6, 7.800273E-04 
14, 2.987530E-09 
15, 2.256702E-12 
15, 2.837810E-12 
12, 9.381170E-07 
15, 2.364069E-12 
9, 7.533984E-05 
12, 2.802029E-07 
10, 5.206870E-05 
15, 3.064142E-12 
2, 2.589635E-04 
13, 2.606096E-07 
8, 4.383231E-04 
6, 7.971770E-04 
3, 5.757823E-04 
8, 4.731009E-04 
5, 1.367907E-03 
13, 1.924127E-07 
9, 1.023922E-04 
10, 4.471986E-05 
7, 5.411044E-04 
4, 8.909903E-04 
4, 1.022859E-03 
15, 2.124352E-12 
15, 2.151340E-12 
2, 9.659212E-05 
13, 1.597250E-07 
14, 3.559036E-09 
1, 3.593289E-05 
8, 2.955474E-04 
10, 4.605094E-05 
4, 1.313640E-03 
9, 1.077236E-04 
15, 2.435754E-12 
5, 1.048614E-03 
2, 1.962116E-04 
10, 3.910473E-05 
1, 3.608501E-05 
9, 9.452808E-05 
10, 2.303024E-05 
5, 9.615916E-04 
3, 5.455791E-04 
13, 2.606096E-07 
2, 2.058525E-04 
4, 1.132423E-03 
6, 7.180370E-04 
10, 4.372773E-05 
2, 9.548481E-05 
1, 3.812855E-05 
8, 2.948373E-04 
8, 3.842049E-04 
3, 1.084112E-03 
14, 1.740418E-09 
7, 5.633975E-04 
15, 2.543580E-12 
8, 4.199292E-04 
13, 2.328302E-07 
11, 2.127766E-06 
11, 5.274655E-06 
11, 3.608471E-06 
11, 1.786338E-06 
2, 1.035951E-04 
10, 3.343890E-05 
2, 9.952229E-05 
10, 9.761164E-06 
2, 1.403781E-04 
1, 3.662293E-05 
4, 1.099901E-03 
8, 4.775557E-04 
15, 2.441877E-12 
12, 5.979531E-07 
8, 2.740515E-04 
11, 6.830402E-06 
7, 5.530877E-04 
1, 3.026373E-05 
5, 1.159836E-03 
15, 3.545122E-12 
8, 3.010365E-04 
5, 1.139815E-03 
14, 3.036660E-09 
13, 6.101668E-09 
11, 8.715001E-06 
2, 1.577515E-04 
7, 6.183650E-04 
11, 2.615337E-06 
13, 1.983759E-07 
7, 5.956934E-04 
15, 1.804815E-12 
12, 4.927321E-07 
12, 4.121935E-07 
4, 1.209407E-03 
11, 1.221023E-05 
2, 1.272676E-04 
9, 9.890116E-05 
4, 8.918853E-04 
11, 3.833694E-06 
6, 1.028193E-03 
9, 1.081062E-04 
4, 1.131197E-03 
7, 8.169899E-04 
1, 3.936515E-05 
13, 2.441299E-08 
5, 1.183858E-03 
10, 4.184589E-05 
4, 1.059712E-03 
7, 5.532907E-04 
14, 2.382217E-09 
8, 3.633157E-04 
9, 1.347883E-04 
9, 1.320012E-04 
9, 1.115180E-04 
15, 2.241041E-12 
8, 3.389760E-04 
13, 2.056393E-07 
13, 1.669550E-07 
14, 2.262575E-09 
11, 3.900951E-06 
9, 1.414679E-04 
9, 1.451515E-04 
13, 2.090207E-07 
1, 3.688742E-05 
6, 1.148908E-03 
11, 1.971048E-06 
12, 2.895633E-06 
1, 4.655046E-05 
1, 2.873821E-05 
9, 1.530046E-04 
9, 1.561568E-04 
9, 8.599153E-05 
4, 9.798317E-04 
7, 5.401053E-04 
3, 5.771388E-04 
3, 3.908985E-04 
6, 1.064283E-03 
9, 2.154472E-04 
14, 2.567216E-09 
10, 3.410706E-05 
13, 1.615022E-07 
4, 1.119720E-03 
13, 1.376685E-07 
3, 5.982827E-04 
8, 4.058829E-04 
14, 2.272889E-09 
4, 1.125934E-03 
12, 1.018979E-06 
9, 1.005361E-04 
14, 2.421945E-09 
12, 1.680346E-06 
8, 2.894080E-04 
7, 6.501017E-04 
12, 1.337027E-06 
1, 2.433473E-05 
13, 1.644162E-07 
15, 1.959775E-12 
5, 1.063797E-03 
1, 4.188317E-05 
12, 1.191755E-06 
12, 5.268977E-07 
9, 1.519143E-04 
7, 5.967332E-04 
15, 3.196780E-12 
14, 1.809175E-12 
10, 5.261322E-05 
11, 5.437455E-06 
11, 1.498603E-05 
3, 5.525420E-04 
10, 4.380722E-05 
2, 2.245764E-04 
7, 5.907643E-04 
8, 3.194719E-04 
12, 7.282971E-07 
13, 1.583477E-07 
13, 2.407076E-09 
1, 2.699084E-05 
12, 9.816320E-07 
6, 9.862539E-04 
1, 3.342530E-05 
3, 5.477390E-04 
9, 9.902331E-05 
14, 3.607291E-09 
15, 1.998275E-12 
13, 1.773613E-07 
3, 6.081925E-04 
3, 5.253789E-04 
1, 3.179824E-05 
5, 1.107229E-03 
14, 2.722533E-09 
6, 7.616457E-04 
2, 2.855029E-04 
11, 3.526769E-06 
3, 5.738047E-04 
1, 4.562684E-05 
11, 1.731287E-05 
7, 7.596416E-04 
10, 3.989031E-05 
15, 3.545122E-12 
1, 3.043638E-05 
9, 9.757797E-05 
11, 6.506950E-06 
10, 6.241489E-05 
11, 7.798957E-06 
10, 1.536586E-05 
4, 1.122991E-03 
14, 2.750720E-09 
6, 1.128163E-03 
10, 4.044874E-05 
7, 5.421991E-04 
6, 1.160198E-03 
7, 8.225344E-04 
15, 1.827978E-12 
8, 3.742284E-04 
1, 2.333494E-05 
3, 3.908985E-04 
12, 9.982936E-07 
11, 1.415972E-05 
9, 9.759669E-05 
14, 3.559036E-09 
6, 1.016528E-03 
7, 6.693607E-04 
14, 3.239067E-12 
10, 2.699056E-05 
3, 5.745177E-04 
14, 4.119099E-12 
4, 1.131312E-03 
5, 1.087902E-03 
13, 1.525668E-07 
3, 5.525420E-04 
1, 4.446673E-05 
3, 4.104109E-04 
3, 4.536388E-04 
5, 1.025140E-03 
11, 1.431034E-05 
9, 1.087261E-04 
1, 2.806180E-05 
1, 3.028728E-05 
9, 8.684133E-06 
7, 7.938366E-04 
6, 4.270118E-04 
11, 6.743887E-06 
15, 2.221886E-12 
3, 5.472746E-04 
8, 2.977550E-04 
13, 2.153844E-07 
5, 1.024225E-03 
12, 1.057777E-06 
7, 4.573787E-04 
14, 2.722533E-09 
12, 1.028170E-06 
10, 1.083449E-05 
6, 7.829898E-04 
9, 8.981316E-05 
11, 7.421687E-06 
5, 1.335762E-03 
12, 3.684776E-07 
14, 1.166731E-09 
2, 2.202045E-04 
9, 1.715623E-04 
5, 1.078509E-03 
2, 1.737082E-04 
1, 3.143254E-05 
13, 1.376685E-07 
14, 6.234965E-12 
3, 5.928693E-04 
7, 7.021952E-04 
9, 5.712862E-05 
2, 2.908877E-04 
3, 5.647322E-04 
12, 4.292775E-07 
8, 3.360896E-04 
14, 3.028653E-09 
14, 2.027974E-09 
6, 7.891632E-04 
7, 6.056865E-04 
1, 3.345569E-05 
12, 1.626011E-06 
15, 2.879850E-12 
8, 2.760712E-04 
13, 1.396674E-07 
1, 2.397555E-05 
11, 2.602499E-05 
8, 5.667284E-05 
14, 3.995422E-09 
4, 1.171234E-03 
8, 3.996608E-04 
7, 5.057405E-04 
1, 2.347393E-05 
14, 2.581250E-09 
13, 1.630388E-07 
3, 5.035800E-04 
15, 1.896013E-12 
5, 1.136104E-03 
13, 2.593283E-07 
5, 1.065668E-03 
9, 1.676272E-04 
2, 1.573049E-04 
3, 6.013199E-04 
12, 9.610767E-07 
3, 4.023372E-04 
3, 5.242906E-04 
3, 5.763172E-04 
4, 1.136329E-03 
5, 1.146553E-03 
12, 3.447024E-06 
12, 5.902548E-07 
14, 3.871646E-12 
11, 3.199098E-06 
2, 1.242358E-04 
12, 1.430508E-06 
10, 3.503866E-05 
9, 1.731534E-05 
11, 1.777654E-05 
2, 2.145831E-04 
13, 2.066600E-07 
11, 6.285217E-06 
7, 5.758659E-04 
7, 5.057405E-04 
13, 7.753183E-09 
5, 1.148612E-03 
14, 5.228621E-12 
1, 2.969528E-05 
11, 3.708426E-06 
9, 1.379781E-04 
12, 1.096299E-06 
15, 1.827978E-12 
7, 6.955919E-04 
11, 8.844493E-06 
9, 2.311770E-04 
7, 5.401053E-04 
6, 7.631096E-04 
14, 9.149368E-12 
8, 4.291893E-04 
1, 3.393767E-05 
7, 7.200236E-04 
7, 5.984153E-04 
3, 5.367528E-04 
9, 7.533984E-05 
3, 3.814921E-04 
2, 1.642432E-04 
1, 2.774451E-05 
14, 1.580232E-09 
14, 1.310579E-09 
3, 5.690988E-04 
4, 1.208685E-03 
3, 6.887136E-04 
4, 1.151965E-03 
6, 7.368269E-04 
9, 1.149398E-04 
11, 2.835028E-06 
11, 2.003627E-05 
9, 9.251433E-05 
12, 6.308229E-07 
2, 2.116366E-04 
15, 2.032496E-12 
10, 1.764977E-05 
2, 1.375977E-04 
3, 6.462729E-04 
3, 5.589502E-04 
15, 1.896013E-12 
2, 1.894760E-04 
15, 1.991938E-12 
4, 9.794040E-04 
2, 1.750051E-04 
2, 1.321134E-04 
14, 5.359029E-12 
2, 1.498070E-04 
2, 1.606532E-04 
12, 5.034030E-07 
6, 1.008573E-03 
4, 1.095149E-03 
3, 6.123709E-04 
5, 1.088736E-03 
15, 2.940253E-12 
15, 2.354472E-12 
15, 1.989292E-12 
12, 1.559687E-06 
12, 1.533868E-06 
14, 6.326837E-12 
1, 3.440186E-05 
7, 7.150418E-04 
10, 5.512769E-05 
9, 1.023922E-04 
7, 7.134737E-04 
12, 1.841717E-06 
6, 6.983938E-04 
6, 6.683014E-04 
3, 1.886385E-04 
7, 6.186141E-04 
15, 2.175578E-12 
7, 5.189151E-04 
5, 1.087953E-03 
10, 6.071262E-05 
9, 9.720450E-05 
7, 5.826042E-04 
12, 1.014732E-06 
7, 5.296902E-04 
10, 6.123775E-05 
12, 1.805220E-06 
5, 1.204101E-03 
14, 5.488281E-12 
11, 4.016471E-06 
5, 1.051952E-03 
8, 4.063480E-04 
10, 3.786866E-05 
11, 1.075194E-05 
5, 1.156670E-03 
13, 1.861451E-07 
11, 4.855130E-07 
12, 1.233866E-06 
7, 7.324267E-04 
3, 5.306910E-04 
11, 6.468492E-06 
9, 1.365186E-04 
6, 1.069115E-03 
3, 6.450955E-04 
13, 1.216616E-07 
5, 1.145975E-03 
1, 2.515114E-05 
5, 1.041666E-03 
13, 1.832471E-07 
4, 1.247231E-03 
8, 3.670891E-04 
4, 7.651672E-04 
15, 1.834067E-12 
3, 6.059302E-04 
12, 1.074215E-06 
9, 1.050998E-04 
10, 4.555089E-05 
10, 3.340455E-05 
11, 7.120033E-06 
13, 1.861451E-07 
7, 8.221217E-04 
13, 1.780616E-07 
5, 1.141668E-03 
7, 7.779988E-04 
5, 1.141085E-03 
5, 9.651913E-04 
6, 1.068323E-03 
10, 5.665553E-05 
13, 2.112705E-07 
3, 7.126001E-04 
10, 4.605094E-05 
11, 3.519792E-06 
13, 2.394168E-07 
3, 6.680051E-04 
7, 8.242516E-04 
4, 1.097714E-03 
3, 4.995322E-04 
13, 6.795650E-09 
10, 2.212121E-05 
15, 1.805824E-12 
12, 4.877645E-07 
14, 9.031244E-12 
1, 3.313241E-05 
3, 5.422108E-04 
5, 1.345529E-03 
4, 1.108768E-03 
10, 3.168782E-05 
4, 6.998246E-04 
14, 6.408113E-12 
8, 2.935417E-04 
10, 2.040914E-05 
9, 1.459742E-04 
9, 1.019001E-04 
14, 6.298847E-12 
6, 6.921741E-04 
3, 5.472470E-04 
2, 4.226810E-04 
14, 2.979851E-09 
3, 5.102300E-04 
9, 1.339780E-04 
9, 1.412404E-04 
15, 2.296363E-12 
12, 1.200799E-06 
13, 2.631509E-07 
9, 1.882500E-04 
6, 1.188399E-03 
5, 1.074440E-03 
15, 2.826764E-12 
6, 1.162278E-03 
15, 2.776220E-12 
9, 8.943972E-05 
2, 8.885712E-05 
8, 4.020174E-04 
3, 4.351529E-04 
13, 2.778389E-07 
2, 1.424662E-04 
11, 8.702983E-06 
10, 1.973350E-05 
4, 1.100861E-03 
6, 1.229640E-03 
8, 3.597878E-04 
3, 5.224674E-04 
11, 9.756121E-06 
6, 8.294653E-04 
10, 1.679090E-05 
13, 1.660113E-07 
3, 4.840684E-04 
3, 4.065226E-04 
14, 3.055213E-12 
8, 5.947340E-04 
4, 7.608232E-04 
15, 3.269519E-12 
8, 5.478670E-04 
8, 3.396335E-04 
2, 1.721949E-04 
1, 2.950351E-05 
3, 7.607036E-04 
1, 2.563037E-05 
1, 2.774451E-05 
13, 2.387598E-07 
8, 3.242041E-04 
3, 5.130139E-04 
6, 8.526807E-04 
8, 5.571319E-04 
3, 6.415394E-04 
4, 1.157837E-03 
5, 1.076762E-03 
3, 5.315553E-04 
7, 7.051519E-04 
13, 2.427565E-07 
12, 1.781161E-06 
14, 2.367186E-09 
2, 1.125467E-04 
8, 3.490556E-04 
7, 6.989417E-04 
11, 5.021986E-06 
1, 2.709993E-05 
10, 3.434677E-05 
3, 6.565974E-04 
2, 1.857043E-04 
7, 2.995878E-04 
10, 5.206870E-05 
4, 1.085661E-03 
12, 9.926076E-07 
6, 1.134846E-03 
12, 1.092694E-06 
6, 1.058686E-03 
8, 5.694164E-04 
12, 1.670227E-05 
8, 3.563615E-04 
7, 7.475161E-04 
14, 4.764434E-09 
6, 7.368269E-04 
4, 1.171650E-03 
13, 1.429280E-07 
12, 2.802029E-07 
13, 2.263797E-07 
10, 3.331544E-05 
8, 3.078959E-04 
4, 1.153287E-03 
14, 4.671825E-12 
13, 1.623765E-07 
7, 6.626825E-04 
10, 2.810477E-05 
7, 7.371103E-04 
2, 2.277586E-04 
8, 3.643426E-04 
11, 1.415972E-05 
2, 1.254382E-04 
6, 9.227504E-04 
4, 1.026631E-03 
2, 1.307191E-04 
14, 2.940672E-09 
6, 7.222708E-04 
3, 6.642928E-04 
14, 2.722533E-09 
1, 3.190449E-05 
1, 3.431282E-05 
12, 3.204914E-06 
11, 1.584054E-05 
3, 4.790143E-04 
1, 2.849164E-05 
7, 6.350198E-04 
2, 4.448243E-04 
1, 2.751272E-05 
10, 5.593425E-05 
11, 3.135177E-06 
7, 6.484915E-04 
15, 1.834067E-12 
10, 3.105759E-05 
5, 7.250999E-04 
12, 1.052741E-06 
8, 3.972669E-04 
2, 1.703783E-04 
9, 1.327122E-04 
14, 3.073299E-09 
14, 1.661955E-09 
5, 1.149965E-03 
4, 1.080336E-03 
8, 4.345822E-04 
13, 1.615022E-07 
5, 1.014972E-03 
15, 1.841306E-12 
12, 1.233866E-06 
11, 1.901492E-06 
1, 2.932766E-05 
9, 9.069338E-05 
9, 1.521407E-04 
14, 2.722533E-09 
6, 7.616457E-04 
3, 6.570028E-04 
11, 7.806160E-06 
2, 2.663882E-04 
6, 1.145938E-03 
13, 1.832471E-07 
8, 2.885879E-04 
2, 1.453347E-04 
9, 9.588116E-05 
11, 1.013958E-05 
13, 2.665011E-07 
8, 3.269745E-04 
13, 2.074505E-07 
12, 3.942409E-07 
11, 2.646252E-07 
4, 7.162951E-04 
6, 1.052068E-03 
5, 1.125308E-03 
8, 3.180433E-04 
11, 1.799640E-05 
6, 1.109810E-03 
10, 1.584054E-05 
1, 3.161844E-05 
15, 3.286504E-12 
13, 2.635988E-07 
2, 1.507171E-04 
14, 2.421945E-09 
8, 3.788495E-04 
9, 1.259123E-04 
12, 1.057777E-06 
3, 6.353565E-04 
15, 3.301637E-12 
8, 3.495877E-04 
6, 1.073868E-03 
1, 3.177920E-05 
7, 4.531459E-04 
3, 6.998788E-04 
1, 2.948351E-05 
12, 6.825869E-07 
6, 1.297048E-03 
6, 1.138219E-03 
9, 1.071703E-04 
11, 3.657395E-06 
10, 4.886219E-05 
7, 7.584887E-04 
10, 1.546775E-05 
11, 6.646673E-06 
3, 5.096511E-04 
9, 5.681553E-05 
10, 6.215587E-05 
10, 1.892761E-05 
1, 2.758823E-05 
7, 6.082980E-04 
10, 3.412964E-05 
3, 5.256846E-04 
5, 1.141217E-03 
11, 5.852763E-06 
10, 1.789277E-05 
15, 1.805215E-12 
1, 1.189084E-04 
6, 6.946724E-04 
15, 3.458678E-12 
3, 5.376346E-04 
7, 7.393905E-04 
11, 4.092522E-06 
11, 4.116793E-06 
1, 2.646426E-05 
4, 1.133151E-03 
8, 3.080776E-04 
6, 9.735159E-04 
13, 6.594666E-09 
2, 2.177475E-04 
7, 7.115785E-04 
3, 5.422102E-04 
5, 1.077109E-03 
3, 5.110652E-04 
15, 2.248519E-12 
4, 9.685483E-04 
9, 1.388546E-04 
11, 2.728040E-06 
4, 9.214223E-04 
6, 1.222635E-03 
12, 5.184868E-07 
4, 1.156555E-03 
10, 1.877207E-05 
7, 5.952846E-04 
15, 3.066321E-12 
15, 1.804240E-12 
10, 2.217764E-05 
10, 4.844056E-05 
4, 1.087996E-03 
8, 2.995438E-04 
8, 2.942918E-04 
10, 5.563995E-05 
5, 1.003515E-03 
8, 2.995878E-04 
13, 5.354354E-09 
9, 3.541795E-05 
11, 2.006803E-05 
13, 1.935321E-07 
13, 8.063183E-09 
8, 3.009824E-04 
11, 8.793548E-06 
14, 1.801603E-09 
5, 1.191322E-03 
1, 2.866296E-05 
9, 1.502188E-04 
1, 2.433473E-05 
6, 1.159646E-03 
11, 5.231772E-06 
6, 9.952406E-04 
12, 4.945853E-07 
4, 1.237253E-03 
3, 4.749710E-04 
2, 1.515218E-04 
5, 1.102254E-03 
10, 7.708497E-06 
7, 4.100178E-04 
1, 2.397555E-05 
15, 2.400834E-12 
4, 1.087898E-03 
14, 2.602486E-09 
5, 1.154395E-03 
13, 2.427565E-07 
1, 3.907421E-05 
3, 4.962788E-04 
15, 2.114961E-12 
3, 5.563212E-04 
14, 1.700950E-09 
10, 1.498603E-05 
7, 5.427674E-04 
14, 4.575309E-09 
4, 8.585459E-04 
3, 7.576382E-04 
12, 8.187865E-07 
9, 1.338565E-04 
14, 2.981328E-09 
12, 2.120019E-07 
11, 9.361798E-06 
12, 1.615970E-06 
1, 4.446673E-05 
8, 3.310373E-04 
6, 8.297177E-04 
11, 1.386626E-05 
2, 1.521774E-04 
3, 5.913885E-04 
4, 7.998765E-04 
3, 5.762838E-04 
8, 3.076881E-04 
2, 1.624941E-04 
6, 1.097362E-03 
7, 4.583067E-04 
2, 1.320242E-04 
3, 1.179696E-03 
5, 1.083098E-03 
15, 1.804240E-12 
15, 3.265379E-12 
10, 3.105759E-05 
5, 1.135356E-03 
11, 2.279484E-05 
4, 1.047601E-03 
4, 1.093486E-03 
2, 1.333122E-04 
11, 6.802406E-06 
8, 3.405582E-04 
11, 5.015010E-06 
6, 1.057981E-03 
1, 2.902832E-05 
1, 4.258526E-05 
2, 1.594571E-04 
10, 4.605094E-05 
4, 1.064766E-03 
2, 1.577217E-04 
10, 3.994273E-05 
13, 2.025230E-07 
15, 3.100180E-12 
5, 1.062667E-03 
9, 1.572321E-04 
8, 3.587936E-04 
7, 5.599462E-04 
9, 1.464880E-04 
14, 2.567216E-09 
10, 4.091796E-05 
4, 1.044925E-03 
9, 1.047566E-04 
9, 1.686612E-04 
3, 4.069686E-04 
12, 1.681286E-06 
5, 1.129753E-03 
14, 2.438423E-09 
4, 1.107879E-03 
14, 3.436136E-12 
11, 1.415972E-05 
4, 1.194211E-03 
9, 1.585165E-04 
7, 5.371690E-04 
9, 1.004499E-04 
6, 1.097000E-03 
1, 2.699084E-05 
1, 3.345569E-05 
11, 6.641335E-06 
14, 2.051427E-09 
7, 6.502750E-04 
11, 4.093795E-06 
3, 5.065647E-04 
6, 7.498408E-04 
6, 1.160961E-03 
6, 7.838521E-04 
6, 8.089837E-04 
1, 3.166815E-05 
7, 4.345832E-04 
8, 4.076562E-04 
9, 9.051021E-05 
2, 1.251629E-04 
6, 1.082996E-03 
11, 7.996266E-06 
13, 1.606554E-07 
7, 6.342982E-04 
8, 3.489312E-04 
15, 3.066321E-12 
15, 1.935442E-12 
4, 1.002352E-03 
3, 5.035800E-04 
9, 1.003501E-04 
6, 9.114176E-04 
11, 5.072347E-06 
7, 7.462039E-04 
1, 4.309881E-05 
13, 1.423335E-07 
4, 1.059211E-03 
4, 9.510214E-04 
5, 1.069775E-03 
2, 1.495967E-04 
7, 3.516305E-04 
8, 3.495840E-04 
3, 6.462729E-04 
4, 1.061735E-03 
14, 2.367952E-09 
9, 1.060550E-04 
8, 3.412246E-04 
7, 5.059083E-04 
6, 1.159664E-03 
8, 2.896352E-04 
12, 1.794283E-06 
11, 7.900115E-06 
9, 9.483696E-05 
2, 2.080830E-04 
4, 6.887136E-04 
8, 5.474620E-04 
3, 8.316466E-04 
14, 2.951333E-09 
14, 3.090545E-09 
8, 3.377256E-04 
14, 1.110842E-08 
10, 5.946285E-05 
12, 1.315535E-06 
14, 2.951333E-09 
14, 8.013169E-12 
8, 3.304996E-04 
12, 1.041283E-06 
13, 1.360516E-07 
10, 5.471234E-05 
4, 1.041840E-03 
12, 1.526889E-06 
7, 4.441650E-04 
3, 6.334267E-04 
10, 2.782408E-05 
5, 8.615798E-04 
1, 2.913825E-05 
2, 8.845532E-05 
5, 1.204764E-03 
6, 9.981620E-04 
14, 2.172000E-09 
2, 1.007505E-04 
5, 7.512587E-04 
2, 1.735936E-04 
9, 1.370019E-04 
15, 3.032913E-12 
6, 1.087302E-03 
9, 1.835325E-04 
5, 1.038289E-03 
3, 6.031780E-04 
5, 6.683014E-04 
11, 1.075194E-05 
3, 5.874651E-04 
13, 1.450871E-07 
6, 1.054397E-03 
1, 2.543755E-05 
3, 5.332616E-04 
4, 1.082200E-03 
13, 2.646252E-07 
11, 1.537645E-05 
4, 1.158632E-03 
2, 2.704320E-04 
6, 1.106180E-03 
9, 1.334349E-04 
3, 5.867381E-04 
13, 2.262322E-07 
2, 1.415842E-04 
5, 1.108664E-03 
8, 3.539664E-04 
3, 6.332005E-04 
12, 3.387992E-06 
2, 1.570821E-04 
12, 3.572727E-07 
8, 3.879904E-04 
9, 1.591249E-04 
1, 2.517030E-05 
2, 2.615235E-04 
14, 2.738408E-09 
8, 4.504436E-04 
7, 6.807936E-04 
1, 3.664664E-05 
1, 2.622603E-05 
10, 2.077154E-05 
13, 6.247048E-09 
5, 1.103694E-03 
12, 1.811525E-06 
12, 9.420525E-07 
9, 6.596930E-05 
9, 1.512367E-04 
10, 1.171002E-05 
9, 8.724508E-05 
14, 3.017457E-09 
8, 3.254098E-04 
6, 8.111776E-04 
7, 4.457843E-04 
8, 3.626508E-04 
15, 2.282998E-12 
15, 2.032633E-12 
12, 1.074215E-06 
1, 3.510268E-05 
6, 1.067325E-03 
11, 4.256722E-06 
11, 2.475571E-06 
15, 1.910113E-12 
9, 1.050998E-04 
9, 1.512281E-04 
2, 2.663882E-04 
3, 5.221648E-04 
11, 7.120033E-06 
12, 5.650935E-07 
10, 2.745560E-05 
11, 7.120033E-06 
1, 3.673989E-05 
5, 1.082076E-03 
4, 9.219480E-04 
9, 1.308510E-04 
9, 1.022044E-04 
15, 1.912545E-12 
6, 1.058759E-03 
15, 2.459484E-12 
15, 2.294263E-12 
14, 7.535311E-09 
8, 3.607639E-04 
12, 1.437726E-06 
15, 3.551842E-12 
7, 4.751984E-04 
8, 3.414228E-04 
6, 8.871807E-04 
9, 1.295334E-04 
10, 1.431034E-05 
1, 2.970197E-05 
8, 5.751759E-04 
1, 3.547670E-05 
6, 7.207315E-04 
11, 5.804342E-06 
10, 2.329295E-05 
14, 2.837601E-09 
4, 1.146333E-03 
7, 4.751984E-04 
4, 1.152065E-03 
9, 5.794511E-05 
4, 6.834845E-04 
7, 5.846791E-04 
7, 7.724094E-04 
5, 9.008067E-04 
1, 2.453030E-05 
1, 2.530247E-05 
12, 9.247880E-07 
10, 3.992710E-05 
10, 5.192783E-05 
15, 2.241118E-12 
15, 3.536431E-12 
7, 5.969777E-04 
3, 7.140360E-04 
1, 3.717993E-05 
5, 1.083729E-03 
3, 5.046048E-04 
14, 2.390947E-09 
10, 6.241489E-05 
10, 3.202358E-05 
7, 6.420102E-04 
10, 3.184462E-05 
14, 5.775247E-12 
7, 5.911690E-04 
3, 7.120980E-04 
14, 2.438423E-09 
13, 2.194229E-07 
5, 1.070521E-03 
10, 5.011717E-05 
15, 3.014755E-12 
11, 5.549057E-06 
11, 1.314423E-05 
2, 1.396588E-04 
12, 1.315535E-06 
9, 1.289040E-04 
13, 2.722533E-09 
13, 2.995765E-07 
6, 1.073541E-03 
15, 2.108951E-12 
4, 1.075704E-03 
4, 6.998246E-04 
9, 8.815756E-05 
11, 7.821237E-06 
9, 1.170217E-04 
2, 1.281049E-04 
13, 1.620853E-07 
13, 2.049498E-07 
5, 1.042735E-03 
6, 6.287029E-04 
3, 4.954076E-04 
2, 1.924228E-04 
10, 2.722378E-05 
11, 7.006308E-06 
4, 1.055908E-03 
15, 2.796533E-12 
7, 7.005926E-04 
8, 3.001567E-04 
9, 1.101499E-04 
5, 1.132130E-03 
15, 3.546980E-12 
10, 5.795400E-05 
2, 1.706251E-04 
13, 2.427565E-07 
11, 2.094252E-06 
8, 5.527486E-04 
9, 9.483696E-05 
5, 1.114219E-03 
3, 4.898763E-04 
6, 8.093427E-04 
4, 1.180804E-03 
4, 9.824136E-04 
12, 1.674148E-06 
10, 3.185022E-05 
15, 3.239067E-12 
7, 5.312084E-04 
11, 2.331582E-05 
4, 1.133778E-03 
1, 2.902832E-05 
5, 1.102253E-03 
10, 5.061164E-05 
5, 1.122408E-03 
9, 1.242344E-04 
8, 3.741177E-04 
2, 2.946964E-04 
13, 2.288305E-07 
13, 7.905032E-09 
6, 7.222708E-04 
12, 1.240090E-06 
11, 8.954672E-06 
1, 3.865538E-05 
8, 3.563615E-04 
11, 9.647033E-07 
6, 9.835418E-04 
13, 1.708510E-07 
13, 1.675304E-07 
3, 6.680051E-04 
4, 1.046674E-03 
9, 2.021505E-04 
1, 3.080067E-05 
13, 1.089013E-08 
2, 1.960609E-04 
7, 5.780854E-04 
14, 1.874272E-11 
3, 4.734000E-04 
4, 1.041614E-03 
13, 2.066600E-07 
5, 1.117441E-03 
8, 3.556071E-04 
5, 1.066509E-03 
2, 1.967253E-04 
5, 1.002342E-03 
6, 6.670549E-04 
15, 1.940133E-12 
1, 2.563037E-05 
2, 1.900983E-04 
5, 1.034932E-03 
15, 1.819442E-12 
4, 1.190225E-03 
6, 1.140679E-03 
14, 1.740418E-09 
7, 5.775909E-04 
10, 5.946285E-05 
3, 9.260283E-04 
15, 2.415310E-12 
15, 2.245516E-12 
6, 1.067813E-03 
4, 6.421372E-04 
11, 6.345006E-06 
5, 1.120572E-03 
14, 2.367186E-09 
9, 1.583753E-04 
15, 2.407619E-12 
9, 1.133217E-04 
15, 2.914531E-12 
3, 5.492760E-04 
12, 9.381170E-07 
8, 4.355525E-04 
2, 9.750156E-05 
1, 2.953492E-05 
5, 1.040312E-03 
2, 2.589635E-04 
10, 6.129060E-05 
13, 2.427565E-07 
3, 5.764706E-04 
3, 6.061995E-04 
8, 3.848937E-04 
12, 1.739928E-06 
6, 7.462039E-04 
13, 1.623765E-07 
4, 1.038887E-03 
14, 3.524514E-09 
3, 6.123709E-04 
12, 2.997348E-07 
9, 1.194433E-04 
12, 1.200799E-06 
8, 3.699240E-04 
1, 3.118954E-05 
11, 1.697640E-05 
6, 1.128853E-03 
12, 9.389468E-07 
5, 1.112480E-03 
1, 4.605847E-05 
11, 8.413437E-06 
15, 3.542662E-12 
4, 1.219884E-03 
8, 3.531258E-04 
11, 8.884174E-06 
13, 1.797315E-07 
1, 2.851955E-05 
7, 7.488664E-04 
8, 3.662644E-04 
5, 1.086981E-03 
12, 9.982936E-07 
1, 4.214687E-05 
3, 6.107103E-04 
8, 3.065788E-04 
3, 5.878584E-04 
8, 4.100178E-04 
15, 3.536431E-12 
14, 2.490068E-09 
5, 1.032201E-03 
5, 1.167865E-03 
11, 5.616650E-06 
8, 3.297169E-04 
12, 1.004963E-06 
6, 1.171989E-03 
13, 2.234396E-07 
6, 1.022532E-03 
5, 1.090954E-03 
14, 3.156644E-09 
6, 9.184942E-04 
2, 1.132769E-04 
7, 7.043517E-04 
10, 2.314707E-05 
15, 2.114961E-12 
13, 3.071866E-09 
7, 5.164178E-04 
15, 2.402099E-12 
15, 1.958349E-12 
1, 3.257418E-05 
4, 1.078341E-03 
5, 1.008433E-03 
12, 1.901587E-05 
14, 1.700950E-09 
1, 4.446673E-05 
2, 4.137881E-04 
15, 3.032913E-12 
3, 5.133608E-04 
2, 1.370914E-04 
9, 3.446974E-05 
14, 7.174856E-09 
13, 2.571202E-07 
8, 3.275846E-04 
8, 3.169344E-04 
10, 4.185202E-05 
6, 1.095903E-03 
14, 3.079087E-11 
9, 1.047566E-04 
14, 5.734319E-09 
5, 1.160164E-03 
12, 9.318399E-07 
1, 2.838891E-05 
4, 1.058736E-03 
8, 3.052059E-04 
12, 9.318399E-07 
5, 1.090633E-03 
1, 3.034918E-05 
15, 1.805824E-12 
5, 1.155145E-03 
14, 1.599920E-09 
2, 1.515218E-04 
2, 1.328570E-04 
12, 1.006344E-06 
6, 4.531459E-04 
14, 2.790319E-09 
2, 3.248007E-04 
7, 4.702399E-04 
7, 5.945506E-04 
14, 2.722533E-09 
2, 1.414416E-04 
3, 4.023372E-04 
6, 1.131416E-03 
2, 1.391426E-04 
2, 1.876654E-04 
6, 1.171600E-03 
11, 1.171002E-05 
13, 1.745594E-07 
3, 4.992448E-04 
11, 2.371584E-05 
4, 1.120140E-03 
8, 4.734252E-04 
2, 3.225477E-04 
4, 1.082978E-03 
5, 1.108796E-03 
13, 2.120019E-07 
10, 6.146345E-05 
8, 3.957682E-04 
5, 1.169699E-03 
3, 5.796406E-04 
12, 3.687888E-07 
11, 4.064145E-06 
5, 1.187574E-03 
7, 8.047443E-04 
14, 5.476815E-09 
10, 4.095445E-05 
9, 5.220170E-04 
9, 9.720450E-05 
5, 1.097375E-03 
10, 2.853408E-05 
15, 2.634762E-12 
2, 1.282461E-04 
1, 3.518449E-05 
2, 9.787608E-05 
7, 7.435629E-04 
7, 8.504599E-04 
6, 1.077412E-03 
4, 6.885787E-04 
11, 5.989221E-06 
14, 2.490068E-09 
7, 7.258008E-04 
4, 9.853685E-04 
12, 1.823139E-06 
11, 4.878060E-06 
6, 1.140609E-03 
6, 1.255615E-03 
15, 1.935442E-12 
12, 1.012620E-06 
11, 1.731287E-05 
7, 6.879279E-04 
8, 3.124466E-04 
12, 1.063553E-06 
14, 5.717183E-12 
14, 2.722533E-09 
11, 3.860302E-06 
6, 9.208464E-04 
10, 4.043891E-05 
14, 6.335879E-12 
14, 2.382217E-09 
2, 1.788915E-04 
7, 3.180433E-04 
4, 1.057841E-03 
12, 9.381170E-07 
3, 3.914774E-04 
5, 1.127424E-03 
13, 1.644162E-07 
2, 2.214972E-04 
8, 2.967200E-04 
12, 4.164621E-07 
9, 1.315507E-04 
5, 1.032980E-03 
8, 4.429910E-04 
2, 1.298384E-04 
1, 3.026373E-05 
12, 9.381170E-07 
2, 2.038491E-04 
8, 3.458723E-04 
15, 1.780336E-12 
13, 1.398650E-07 
2, 1.279183E-04 
5, 8.505969E-04 
15, 2.891742E-12 
11, 5.412243E-06 
3, 1.169325E-03 
10, 4.294778E-05 
7, 5.774121E-04 
1, 2.926478E-05 
5, 1.154044E-03 
5, 1.138232E-03 
3, 5.990401E-04 
13, 6.900786E-09 
9, 6.528352E-05 
12, 9.610767E-07 
2, 2.627116E-04 
15, 1.805824E-12 
5, 1.049782E-03 
1, 3.113972E-05 
3, 5.326955E-04 
11, 1.216993E-06 
9, 1.222471E-04 
9, 1.666967E-04 
11, 1.415972E-05 
12, 1.645265E-06 
3, 5.970673E-04 
9, 1.086621E-04 
14, 3.460743E-12 
11, 8.708901E-06 
9, 8.815756E-05 
7, 5.950011E-04 
11, 2.620079E-05 
1, 3.977424E-05 
10, 8.461017E-05 
1, 2.378690E-05 
5, 1.139267E-03 
2, 1.439019E-04 
3, 4.817328E-04 
2, 1.641095E-04 
13, 2.388675E-09 
10, 5.039028E-05 
14, 9.516048E-12 
14, 2.882647E-09 
1, 2.321551E-05 
3, 3.871389E-04 
6, 8.289811E-04 
14, 2.722533E-09 
6, 9.926927E-04 
11, 3.655273E-06 
15, 1.819404E-12 
8, 3.314243E-04 
5, 1.125376E-03 
5, 9.851256E-04 
3, 7.576382E-04 
3, 4.015237E-04 
14, 3.612597E-11 
8, 4.291893E-04 
2, 1.570821E-04 
14, 1.784990E-09 
14, 2.722533E-09 
12, 1.398905E-06 
9, 9.926200E-05 
12, 5.426976E-07 
2, 2.807986E-04 
5, 1.172064E-03 
14, 6.146827E-12 
5, 1.076880E-03 
14, 2.722533E-09 
6, 9.609996E-04 
7, 6.329611E-04 
12, 6.570071E-06 
10, 5.471585E-05 
5, 1.092101E-03 
3, 4.903523E-04 
9, 1.064832E-04 
3, 5.331302E-04 
10, 1.077236E-04 
10, 2.345159E-05 
9, 3.434677E-05 
11, 4.961719E-06 
8, 4.042980E-04 
15, 3.026797E-12 
2, 3.335345E-04 
6, 1.108155E-03 
10, 2.384567E-05 
7, 6.014390E-04 
9, 1.456470E-04 
14, 3.494199E-12 
15, 2.263433E-12 
1, 2.962779E-05 
8, 4.345832E-04 
4, 1.105755E-03 
4, 8.908894E-04 
3, 6.237457E-04 
5, 1.156144E-03 
2, 2.700070E-04 
9, 2.125560E-04 
14, 2.421945E-09 
3, 6.504510E-04 
14, 1.801603E-09 
6, 8.642796E-04 
2, 8.970388E-05 
2, 1.312901E-04 
15, 4.401001E-12 
5, 1.093513E-03 
7, 5.189151E-04 
5, 1.101392E-03 
2, 2.455578E-04 
5, 1.082475E-03 
13, 1.668158E-07 
13, 1.623386E-07 
5, 1.217864E-03 
2, 1.376903E-04 
13, 2.328302E-07 
6, 1.143703E-03 
1, 3.158832E-05 
6, 6.670549E-04 
6, 8.061216E-04 
2, 2.615235E-04 
2, 1.462465E-04 
2, 1.607992E-04 
14, 2.889281E-09 
7, 6.946724E-04 
6, 1.115974E-03 
14, 4.930603E-12 
11, 1.496898E-05 
1, 2.709993E-05 
10, 1.329537E-05 
8, 2.893264E-04 
14, 1.047141E-11 
3, 5.315553E-04 
13, 1.133495E-08 
14, 2.422729E-09 
1, 2.347393E-05 
15, 3.104740E-12 
10, 4.095445E-05 
1, 2.849164E-05 
7, 4.448573E-04 
4, 1.066487E-03 
11, 1.028904E-05 
9, 9.982949E-05 
12, 1.350646E-06 
1, 3.439692E-05 
1, 2.892120E-05 
14, 1.811037E-09 
8, 2.771095E-04 
6, 7.096691E-04 
10, 4.044874E-05 
12, 1.284548E-06 
6, 7.912443E-04 
6, 7.937216E-04 
10, 6.367799E-05 
13, 1.721673E-07 
10, 3.721963E-05 
5, 1.080699E-03 
2, 1.281049E-04 
8, 3.896725E-04 
9, 1.464880E-04 
13, 1.407389E-07 
15, 3.293143E-12 
4, 1.157292E-03 
3, 5.887526E-04 
11, 1.948465E-06 
1, 2.549053E-05 
8, 5.057390E-04 
14, 8.167843E-12 
13, 2.542764E-07 
2, 3.009309E-04 
1, 3.821357E-05 
8, 5.908294E-04 
12, 6.471147E-07 
8, 1.521407E-04 
8, 3.551754E-04 
10, 2.664510E-05 
7, 7.794349E-04 
14, 1.937823E-09 
15, 2.124352E-12 
9, 1.523578E-04 
3, 4.383885E-04 
10, 3.791690E-05 
7, 6.984390E-04 
11, 3.044213E-06 
4, 1.072802E-03 
1, 3.661801E-05 
7, 8.498586E-04 
2, 1.626361E-04 
3, 5.555499E-04 
9, 9.376042E-05 
3, 4.868828E-04 
2, 1.321134E-04 
11, 4.042565E-06 
11, 2.270710E-05 
11, 8.802854E-06 
15, 1.945035E-12 
14, 3.051624E-09 
10, 5.935559E-05 
12, 4.120691E-07 
7, 5.919415E-04 
2, 8.838874E-05 
15, 3.545122E-12 
9, 3.989031E-05 
10, 3.343890E-05 
12, 5.713826E-07 
6, 8.541384E-04 
10, 2.203950E-05 
11, 4.126113E-06 
9, 8.048603E-05 
6, 1.169341E-03 
8, 2.912681E-04 
14, 1.620570E-09 
5, 1.069545E-03 
6, 1.101856E-03 
10, 4.372773E-05 
7, 4.383231E-04 
1, 2.932766E-05 
7, 7.313083E-04 
6, 1.178568E-03 
5, 1.150728E-03 
3, 5.066712E-04 
1, 3.808309E-05 
1, 2.761065E-05 
2, 1.434678E-04 
14, 2.722533E-09 
11, 1.873007E-06 
3, 1.216562E-03 
4, 1.037833E-03 
1, 4.210368E-05 
8, 3.382580E-04 
14, 2.451991E-09 
2, 1.127175E-04 
7, 5.805954E-04 
2, 1.706251E-04 
11, 5.731456E-06 
14, 3.144684E-09 
9, 1.158902E-04 
7, 7.328852E-04 
3, 5.374134E-04 
10, 4.298190E-05 
5, 1.082323E-03 
2, 2.305317E-04 
11, 3.659235E-06 
7, 6.952697E-04 
4, 1.077780E-03 
11, 1.424007E-05 
10, 4.844056E-05 
3, 4.771580E-04 
1, 3.023070E-05 
14, 2.272889E-09 
2, 9.604077E-05 
10, 3.518441E-05 
1, 3.884889E-05 
10, 2.091610E-05 
11, 6.089179E-06 
5, 1.076620E-03 
4, 1.115124E-03 
2, 1.036952E-04 
7, 7.965968E-04 
10, 6.215587E-05 
15, 2.294263E-12 
1, 3.624402E-05 
12, 1.716845E-06 
4, 1.173916E-03 
4, 1.122446E-03 
5, 1.062511E-03 
12, 1.606228E-06 
9, 9.979612E-05 
12, 1.832545E-06 
1, 2.751272E-05 
1, 2.991538E-05 
6, 1.080947E-03 
1, 3.530487E-05 
2, 2.578685E-04 
7, 6.721791E-04 
9, 1.197395E-04 
4, 1.133963E-03 
15, 1.819442E-12 
7, 7.700044E-04 
11, 7.551418E-06 
9, 4.395894E-05 
11, 4.878060E-06 
11, 1.008216E-05 
8, 4.954101E-04 
14, 3.716152E-09 
4, 1.155836E-03 
8, 3.495840E-04 
11, 6.462261E-06 
13, 1.346544E-07 
3, 5.285774E-04 
1, 3.624402E-05 
8, 3.442010E-04 
4, 1.109244E-03 
8, 3.234425E-04 
2, 1.087151E-04 
4, 1.003322E-03 
14, 3.379924E-12 
11, 2.620079E-05 
2, 1.650070E-04 
9, 1.328044E-04 
2, 1.953698E-04 
2, 2.874028E-05 
9, 1.300857E-04 
13, 1.390504E-07 
12, 5.619710E-07 
12, 7.183418E-07 
8, 3.996608E-04 
8, 3.062759E-04 
8, 3.036707E-04 
13, 2.245347E-07 
10, 3.446974E-05 
5, 1.210773E-03 
11, 5.021986E-06 
6, 1.049793E-03 
10, 1.555474E-05 
13, 1.457996E-07 
5, 1.131316E-03 
2, 2.107176E-04 
8, 2.942918E-04 
11, 1.411455E-05 
8, 3.662644E-04 
4, 1.236628E-03 
14, 2.889281E-09 
15, 2.501532E-12 
1, 3.216987E-05 
11, 2.407365E-06 
4, 1.018779E-03 
10, 1.905861E-05 
4, 7.844099E-04 
5, 1.060540E-03 
3, 6.136627E-04 
9, 1.030522E-04 
1, 3.934495E-05 
2, 1.964692E-04 
7, 5.358921E-04 
15, 2.071379E-12 
15, 1.819404E-12 
8, 3.663912E-04 
11, 5.906892E-06 
7, 8.186052E-04 
2, 2.686222E-04 
13, 2.583580E-07 
14, 2.116254E-09 
9, 1.453848E-04 
4, 1.199418E-03 
15, 2.618037E-12 
3, 5.076255E-04 
4, 1.142805E-03 
7, 6.184916E-04 
6, 1.139772E-03 
9, 1.252199E-04 
1, 3.139911E-05 
14, 3.896552E-12 
6, 1.100131E-03 
7, 5.815272E-04 
6, 1.081375E-03 
3, 5.759725E-04 
4, 1.207985E-03 
12, 1.470975E-06 
10, 5.341137E-05 
4, 1.091044E-03 
9, 1.711908E-04 
14, 2.722533E-09 
15, 2.354472E-12 
4, 8.546827E-04 
15, 2.873711E-12 
12, 7.805479E-09 
6, 9.849874E-04 
8, 3.120339E-04 
4, 1.151989E-03 
4, 9.952883E-04 
15, 3.131375E-12 
2, 1.403897E-04 
10, 4.596187E-05 
1, 2.778595E-05 
14, 1.045829E-08 
5, 8.013347E-04 
13, 2.263794E-07 
8, 3.327253E-04 
6, 6.554507E-04 
3, 5.988802E-04 
3, 5.455276E-04 
4, 9.842441E-04 
7, 8.725242E-04 
7, 5.360712E-04 
5, 1.061031E-03 
6, 7.180370E-04 
4, 1.158819E-03 
1, 3.848041E-05 
15, 3.014755E-12 
15, 1.958349E-12 
12, 1.234427E-06 
10, 2.699442E-05 
3, 5.810326E-04 
9, 9.926200E-05 
12, 8.866398E-07 
5, 1.011326E-03 
11, 4.121310E-06 
8, 3.062759E-04 
11, 8.541701E-06 
13, 7.119477E-09 
7, 7.865923E-04 
5, 1.109209E-03 
8, 4.660414E-04 
13, 1.623765E-07 
3, 5.367426E-04 
9, 8.706588E-05 
2, 1.613689E-04 
7, 6.072943E-04 
15, 2.364069E-12 
6, 1.183745E-03 
15, 2.308995E-12 
15, 1.804240E-12 
8, 3.082223E-04 
3, 6.119603E-04 
1, 4.215517E-05 
6, 1.186517E-03 
5, 1.076923E-03 
3, 3.865089E-04 
12, 3.967423E-07 
11, 8.130097E-06 
7, 7.240613E-04 
10, 3.651799E-05 
11, 3.701119E-06 
15, 2.421887E-12 
2, 1.906342E-04 
4, 1.101362E-03 
14, 2.390947E-09 
10, 4.414498E-05 
5, 1.186292E-03 
11, 8.715001E-06 
1, 3.446017E-05 
13, 3.247530E-07 
6, 6.531361E-04 
8, 3.060830E-04 
4, 1.146578E-03 
5, 1.029433E-03 
2, 1.500472E-04 
8, 3.489312E-04 
7, 8.005238E-04 
2, 2.574274E-04 
14, 4.925404E-12 
4, 1.008972E-03 
11, 1.328324E-05 
7, 6.890141E-04 
11, 7.213227E-06 
15, 1.777549E-12 
2, 1.419304E-04 
12, 1.791081E-06 
6, 7.617773E-04 
1, 5.034060E-05 
11, 2.912736E-06 
15, 2.012421E-12 
4, 7.140994E-04 
14, 5.395939E-12 
2, 1.132375E-04 
15, 2.873711E-12 
11, 6.910081E-06 
11, 5.441384E-06 
2, 1.273373E-04 
7, 6.198047E-04 
5, 1.020330E-03 
8, 4.361492E-04 
9, 1.523667E-04 
13, 7.726526E-09 
11, 1.901979E-05 
14, 2.882647E-09 
1, 2.646426E-05 
1, 3.150339E-05 
6, 9.862539E-04 
14, 2.722533E-09 
4, 9.311400E-04 
12, 9.311131E-07 
4, 1.150672E-03 
9, 6.954759E-05 
9, 9.984573E-05 
14, 4.613201E-12 
7, 4.324406E-04 
6, 1.109568E-03 
12, 9.554043E-07 
4, 9.743338E-04 
11, 4.394358E-06 
14, 1.975248E-09 
4, 1.082731E-03 
7, 6.707086E-04 
9, 1.204098E-04 
15, 1.823127E-12 
6, 1.138597E-03 
13, 1.674301E-07 
12, 1.300756E-06 
14, 1.993686E-09 
7, 4.702399E-04 
10, 5.969180E-05 
4, 1.237076E-03 
5, 1.164408E-03 
6, 1.260850E-03 
15, 2.018563E-12 
4, 1.103676E-03 
5, 9.750442E-04 
5, 1.058798E-03 
7, 5.005747E-04 
10, 6.583624E-05 
1, 3.488663E-05 
14, 2.166304E-09 
10, 4.298190E-05 
11, 1.138389E-05 
15, 2.108951E-12 
10, 3.473653E-05 
5, 1.119341E-03 
9, 1.047566E-04 
12, 3.432351E-06 
1, 4.605847E-05 
3, 5.311825E-04 
8, 3.526501E-04 
14, 2.051427E-09 
14, 2.943352E-09 
12, 1.470350E-06 
13, 1.070598E-08 
7, 5.650484E-04 
7, 5.703321E-04 
6, 1.017166E-03 
3, 5.332616E-04 
5, 1.138908E-03 
8, 2.691006E-04 
4, 6.758734E-04 
14, 2.943352E-09 
12, 1.526889E-06 
7, 6.723684E-04 
15, 2.354472E-12 
6, 8.975224E-04 
15, 3.436136E-12 
12, 2.939047E-07 
10, 6.171325E-05 
11, 4.855095E-06 
11, 2.029464E-06 
5, 7.096691E-04 
12, 1.033670E-06 
3, 5.826617E-04 
11, 8.684133E-06 
7, 7.454273E-04 
8, 2.692792E-04 
5, 1.145048E-03 
3, 4.961588E-04 
6, 6.223091E-04 
7, 3.607639E-04 
14, 3.550765E-11 
11, 4.342066E-06 
5, 9.834267E-04 
5, 1.124526E-03 
1, 3.213133E-05 
15, 1.998275E-12 
4, 1.184844E-03 
14, 2.867223E-09 
3, 5.170051E-04 
1, 2.592237E-05 
13, 1.623765E-07 
13, 3.247530E-07 
6, 8.033424E-04 
4, 7.184908E-04 
13, 2.085122E-07 
13, 2.042714E-07 
8, 2.962015E-04 
7, 7.936885E-04 
6, 6.471241E-04 
13, 7.451956E-09 
12, 8.745004E-07 
14, 2.704033E-09 
6, 1.090514E-03 
14, 1.989793E-09 
2, 1.812609E-04 
12, 1.811525E-06 
11, 1.480172E-05 
7, 4.058064E-04 
1, 2.748954E-05 
14, 2.421887E-12 
4, 1.072640E-03 
2, 2.280751E-04 
12, 1.071720E-06 
12, 5.077423E-07 
7, 4.609740E-04 
10, 4.141863E-05 
8, 3.393725E-04 
13, 9.133165E-09 
1, 2.778595E-05 
13, 2.380117E-07 
2, 1.540278E-04 
2, 1.606532E-04 
8, 3.433670E-04 
10, 2.715908E-05 
8, 3.253652E-04 
6, 1.050091E-03 
4, 1.058722E-03 
12, 1.706809E-06 
14, 1.580232E-09 
15, 2.245516E-12 
14, 8.213625E-12 
9, 1.115312E-04 
2, 1.221925E-04 
6, 8.639837E-04 
3, 6.555856E-04 
7, 5.312084E-04 
3, 5.373238E-04 
9, 1.579981E-04 
9, 1.554143E-04 
2, 2.934730E-04 
9, 1.242344E-04 
2, 1.599151E-04 
5, 1.072483E-03 
7, 5.824971E-04 
9, 1.060746E-04 
4, 1.276425E-03 
9, 1.122330E-04 
14, 2.183778E-09 
1, 3.708845E-05 
14, 5.999069E-12 
13, 1.089013E-08 
9, 1.038594E-04 
5, 1.102148E-03 
3, 5.609235E-04 
13, 5.108206E-09 
5, 1.388007E-03 
1, 2.593144E-05 
1, 3.147330E-05 
11, 6.057001E-06 
6, 1.095192E-03 
8, 2.936286E-04 
2, 1.272066E-04 
5, 1.118778E-03 
3, 5.040269E-04 
6, 9.369070E-04 
8, 3.644070E-04 
12, 1.248843E-06 
14, 9.928165E-12 
2, 1.977620E-04 
7, 5.843057E-04 
5, 1.162366E-03 
7, 6.379392E-04 
9, 1.429629E-04 
11, 3.858271E-06 
6, 1.172747E-03 
15, 2.094963E-12 
1, 3.884889E-05 
4, 1.139557E-03 
9, 2.125560E-04 
8, 4.705801E-04 
6, 1.144761E-03 
8, 3.393725E-04 
8, 2.995438E-04 
1, 2.851955E-05 
7, 5.934267E-04 
7, 4.580730E-04 
13, 1.623386E-07 
9, 1.513010E-04 
4, 1.268284E-03 
14, 8.580778E-12 
15, 1.911872E-12 
2, 2.677031E-04 
12, 1.567680E-06 
11, 5.486320E-06 
12, 1.784680E-06 
11, 6.120621E-06 
9, 1.373509E-04 
15, 2.364069E-12 
11, 1.572596E-05 
1, 2.874028E-05 
1, 3.664664E-05 
1, 2.549053E-05 
9, 9.588116E-05 
2, 1.311200E-04 
14, 2.068839E-09 
15, 1.991938E-12 
10, 1.665772E-05 
1, 3.607829E-05 
12, 9.702498E-07 
11, 4.354450E-06 
11, 5.493254E-06 
11, 7.677165E-06 
4, 1.004536E-03 
11, 1.670227E-05 
10, 3.906739E-05 
4, 6.885787E-04 
4, 9.981360E-04 
12, 3.932301E-07 
9, 1.164396E-04 
4, 1.134474E-03 
2, 1.750051E-04 
3, 5.675167E-04 
15, 2.262538E-12 
14, 1.320378E-09 
5, 1.005642E-03 
4, 1.070916E-03 
10, 1.145165E-04 
3, 4.561911E-04 
7, 5.057405E-04 
13, 5.741949E-09 
2, 1.831577E-04 
13, 5.445067E-09 
3, 5.360993E-04 
12, 1.748371E-06 
13, 1.851033E-07 
5, 1.317275E-03 
2, 1.594571E-04 
11, 4.680259E-06 
7, 7.120893E-04 
4, 9.685405E-04 
15, 1.819404E-12 
1, 2.923226E-05 
13, 2.025230E-07 
15, 1.805215E-12 
7, 1.058816E-03 
12, 9.381170E-07 
9, 1.089123E-04 
7, 6.956737E-04 
2, 1.454478E-04 
3, 4.387693E-04 
8, 5.116814E-04 
6, 8.399811E-04 
13, 1.900763E-07 
15, 2.457239E-12 
10, 3.911243E-05 
8, 3.411813E-04 
7, 6.773842E-04 
8, 3.039880E-04 
3, 4.383885E-04 
12, 1.726039E-06 
6, 1.091402E-03 
1, 2.434799E-05 
9, 1.559064E-04 
12, 1.092694E-06 
11, 9.476236E-06 
2, 2.814749E-04 
7, 6.236841E-04 
7, 5.685123E-04 
13, 4.356054E-08 
5, 1.005893E-03 
3, 5.044247E-04 
13, 2.136881E-07 
14, 2.722533E-09 
3, 5.578603E-04 
1, 3.118690E-05 
5, 9.300610E-04 
1, 4.269254E-05 
13, 1.249595E-08 
4, 1.108945E-03 
8, 3.245292E-04 
15, 1.823127E-12 
6, 1.131975E-03 
4, 1.055223E-03 
13, 2.693262E-07 
1, 2.923226E-05 
3, 5.098158E-04 
8, 2.819686E-04 
6, 1.083955E-03 
1, 2.949040E-05 
10, 2.377720E-05 
9, 9.987589E-05 
6, 1.164042E-03 
15, 2.059550E-12 
13, 1.708510E-07 
7, 4.913257E-04 
6, 7.364818E-04 
5, 1.081848E-03 
12, 5.414302E-07 
1, 4.319720E-05 
9, 1.626351E-04 
14, 3.037796E-09 
9, 2.022202E-04 
5, 1.105211E-03 
9, 1.233882E-04 
1, 2.530247E-05 
2, 2.517030E-05 
9, 9.808269E-05 
13, 2.363048E-07 
4, 1.069455E-03 
8, 4.172844E-04 
8, 2.791245E-04 
7, 6.094530E-04 
6, 9.507879E-04 
9, 1.419580E-04 
5, 9.824136E-04 
15, 3.271201E-12 
2, 1.741254E-04 
14, 5.699973E-12 
5, 9.881965E-04 
3, 4.548863E-04 
11, 9.392681E-07 
12, 1.091503E-06 
10, 2.628787E-05 
1, 3.636885E-05 
4, 8.877837E-04 
4, 9.432567E-04 
8, 6.147336E-04 
2, 1.178839E-04 
10, 3.373881E-05 
12, 1.526889E-06 
6, 1.111545E-03 
12, 1.430508E-06 
1, 4.536629E-05 
3, 5.332713E-04 
1, 3.880736E-05 
4, 1.146602E-03 
15, 2.508311E-12 
15, 2.059550E-12 
5, 1.057088E-03 
15, 1.805824E-12 
6, 1.130451E-03 
5, 9.800401E-04 
4, 1.084713E-03 
15, 3.343719E-12 
7, 5.644900E-04 
7, 7.396401E-04 
15, 2.765241E-12 
5, 1.114473E-03 
8, 2.751195E-04 
12, 7.832035E-09 
13, 1.155009E-08 
3, 6.197343E-04 
11, 6.057001E-06 
12, 1.352620E-06 
9, 1.470319E-04 
9, 1.504345E-04 
11, 5.341785E-06 
6, 1.066629E-03 
3, 5.216480E-04 
4, 1.130126E-03 
15, 2.829459E-12 
6, 7.191821E-04 
7, 2.809815E-04 
14, 3.028653E-09 
15, 2.326207E-12 
2, 1.497455E-04 
10, 4.141863E-05 
9, 1.158902E-04 
9, 9.529714E-05 
6, 1.120526E-03 
6, 8.437100E-04 
14, 4.968719E-12 
13, 1.437972E-07 
10, 6.039472E-05 
1, 2.804559E-05 
2, 2.114283E-04 
10, 7.813479E-05 
10, 3.399658E-05 
5, 1.133713E-03 
7, 5.164871E-04 
13, 1.606554E-07 
12, 2.631509E-07 
9, 1.502188E-04 
12, 9.247880E-07 
13, 2.427565E-07 
10, 5.534900E-05 
4, 1.179573E-03 
11, 9.363207E-06 
3, 5.250187E-04 
10, 3.343890E-05 
14, 3.087378E-09 
3, 5.401925E-04 
9, 1.098529E-04 
11, 1.016447E-05 
5, 1.167871E-03 
6, 9.862539E-04 
11, 2.926504E-06 
11, 2.349215E-06 
7, 7.546059E-04 
5, 1.137452E-03 
5, 1.066899E-03 
3, 4.422894E-04 
9, 1.020968E-04 
13, 2.098913E-07 
10, 1.659320E-05 
7, 8.740151E-04 
6, 6.555819E-04 
7, 5.057405E-04 
8, 2.940881E-04 
4, 1.090819E-03 
12, 2.435181E-07 
6, 1.146267E-03 
6, 8.994915E-04 
6, 1.138858E-03 
7, 5.164178E-04 
6, 6.555819E-04 
5, 8.505969E-04 
2, 2.296514E-04 
5, 7.031368E-04 
3, 5.133608E-04 
11, 1.806001E-05 
11, 2.183005E-06 
15, 3.196780E-12 
15, 1.804240E-12 
9, 1.293463E-04 
1, 3.037625E-05 
3, 5.693891E-04 
5, 1.176679E-03 
1, 4.175464E-05 
10, 2.371584E-05 
2, 1.319806E-04 
14, 3.082131E-09 
4, 1.032165E-03 
2, 2.122555E-04 
12, 3.486805E-07 
11, 6.045207E-06 
11, 5.738177E-06 
12, 9.381170E-07 
5, 1.101962E-03 
10, 9.984573E-05 
10, 3.603441E-05 
13, 2.447321E-07 
6, 1.010433E-03 
15, 3.308330E-12 
12, 9.389468E-07 
13, 7.868789E-09 
15, 3.231742E-12 
1, 4.022675E-05 
6, 1.097747E-03 
8, 3.697044E-04 
7, 5.599462E-04 
3, 5.668732E-04 
15, 3.045417E-12 
13, 2.613900E-07 
8, 3.718487E-04 
8, 4.788820E-04 
6, 7.781770E-04 
3, 4.345425E-04 
4, 1.076818E-03 
3, 4.065226E-04 
10, 3.860165E-05 
11, 3.416592E-06 
3, 4.276654E-04 
11, 2.620079E-05 
10, 6.071262E-05 
12, 1.774152E-06 
11, 2.791343E-06 
6, 1.046876E-03 
1, 4.299780E-05 
3, 5.507212E-04 
8, 2.977550E-04 
12, 9.252797E-07 
6, 1.003515E-03 
10, 3.900199E-05 
10, 3.799331E-05 
12, 5.666118E-07 
11, 2.225713E-06 
12, 1.404310E-06 
6, 1.235846E-03 
12, 4.973400E-07 
1, 2.923226E-05 
9, 3.444539E-04 
14, 1.740418E-09 
3, 5.499709E-04 
2, 3.335345E-04 
6, 8.804108E-04 
13, 2.313421E-07 
3, 4.962964E-04 
1, 3.764851E-05 
7, 4.519031E-04 
5, 1.017441E-03 
9, 1.686231E-04 
11, 2.408545E-06 
5, 1.130378E-03 
4, 1.149452E-03 
7, 5.812505E-04 
9, 1.388546E-04 
11, 1.171002E-05 
2, 9.821998E-05 
10, 2.731266E-05 
12, 1.526889E-06 
3, 3.871389E-04 
10, 3.046117E-05 
7, 6.032650E-04 
7, 5.576769E-04 
8, 3.014406E-04 
1, 3.524818E-05 
10, 6.649916E-05 
9, 1.218357E-04 
11, 2.486339E-06 
15, 3.283197E-12 
5, 1.166471E-03 
7, 5.129348E-04 
3, 6.603506E-04 
4, 7.444732E-04 
2, 1.139376E-04 
10, 2.850650E-05 
3, 4.930324E-04 
12, 3.247530E-07 
1, 3.268641E-05 
12, 1.668040E-06 
5, 9.403535E-04 
7, 6.188045E-04 
12, 9.816320E-07 
4, 1.159259E-03 
10, 3.437718E-05 
5, 1.174660E-03 
6, 1.134074E-03 
5, 1.132444E-03 
3, 3.228127E-04 
4, 1.149553E-03 
6, 1.246615E-03 
14, 4.133453E-12 
5, 9.433336E-04 
12, 1.091503E-06 
6, 1.081757E-03 
7, 5.907401E-04 
14, 2.692279E-09 
15, 2.618037E-12 
7, 5.280528E-04 
1, 2.874028E-05 
7, 5.054090E-04 
15, 2.413955E-12 
8, 2.980779E-04 
14, 2.373779E-09 
7, 6.074254E-04 
13, 1.089013E-08 
8, 3.187137E-04 
10, 5.673185E-05 
15, 1.940133E-12 
15, 3.262537E-12 
12, 5.080936E-07 
6, 1.184587E-03 
12, 1.057562E-06 
10, 4.535170E-05 
4, 1.073388E-03 
8, 3.996685E-04 
1, 4.038317E-05 
2, 1.228433E-04 
14, 3.618350E-12 
12, 1.681913E-06 
15, 2.441877E-12 
11, 7.672186E-06 
13, 2.224045E-07 
13, 2.098913E-07 
15, 3.056192E-12 
14, 1.740418E-09 
2, 2.547980E-04 
12, 4.570157E-07 
5, 9.504585E-04 
10, 5.080307E-05 
7, 6.264061E-04 
5, 8.615798E-04 
6, 8.615650E-04 
5, 8.013347E-04 
6, 9.732724E-04 
12, 1.121891E-06 
13, 1.511841E-07 
2, 1.630509E-04 
10, 3.399658E-05 
6, 8.752624E-04 
6, 1.084007E-03 
13, 1.851033E-07 
15, 2.296363E-12 
8, 3.440823E-04 
7, 5.803733E-04 
2, 1.316189E-04 
12, 1.185910E-06 
10, 4.395894E-05 
1, 3.066865E-05 
14, 3.028653E-09 
8, 3.719695E-04 
15, 2.260897E-12 
9, 9.529714E-05 
4, 1.098494E-03 
4, 8.877837E-04 
3, 5.896700E-04 
4, 1.148089E-03 
2, 1.582660E-04 
13, 1.396674E-07 
8, 5.237539E-04 
3, 5.319141E-04 
4, 1.090962E-03 
5, 1.089775E-03 
13, 1.640137E-07 
5, 1.000482E-03 
11, 7.272595E-06 
14, 6.204349E-12 
14, 5.151270E-12 
3, 5.707421E-04 
3, 6.296841E-04 
9, 1.025290E-04 
14, 4.666338E-09 
15, 2.902612E-12 
1, 2.549053E-05 
10, 3.664991E-05 
15, 2.406453E-12 
9, 1.435083E-04 
4, 7.651672E-04 
15, 1.809175E-12 
1, 4.008773E-05 
14, 5.154277E-12 
12, 3.943837E-07 
4, 1.233302E-03 
6, 1.120581E-03 
13, 1.804370E-07 
6, 7.443879E-04 
15, 3.542662E-12 
3, 5.687248E-04 
8, 5.577760E-04 
11, 1.466511E-05 
6, 9.270119E-04 
6, 1.052653E-03 
1, 2.950351E-05 
8, 3.209550E-04 
9, 1.022699E-04 
4, 9.986926E-04 
3, 5.076255E-04 
14, 6.764648E-12 
13, 2.184549E-07 
4, 1.220544E-03 
12, 2.549338E-06 
12, 3.849642E-07 
14, 2.494363E-09 
2, 1.413845E-04 
15, 1.910113E-12 
1, 2.453030E-05 
15, 2.582378E-12 
4, 1.116436E-03 
12, 8.456599E-07 
6, 1.102231E-03 
6, 6.287029E-04 
12, 2.701607E-07 
13, 2.234700E-07 
12, 4.263670E-07 
13, 1.465468E-07 
2, 1.721949E-04 
3, 4.829283E-04 
6, 7.726590E-04 
14, 4.764434E-09 
2, 1.209722E-04 
2, 1.585416E-04 
15, 2.256702E-12 
5, 7.971770E-04 
6, 9.811379E-04 
12, 1.041119E-05 
12, 5.489985E-07 
12, 3.247530E-07 
6, 8.453724E-04 
7, 7.043375E-04 
13, 1.858141E-07 
8, 3.556245E-04 
14, 9.702828E-12 
15, 2.568599E-12 
8, 3.174528E-04 
14, 6.284376E-12 
2, 1.244296E-04 
9, 9.400157E-05 
7, 7.020331E-04 
8, 2.692639E-04 
4, 1.103780E-03 
11, 1.905937E-05 
4, 9.953799E-04 
10, 1.949534E-05 
3, 5.162926E-04 
14, 3.995422E-09 
5, 1.148877E-03 
7, 3.788495E-04 
12, 1.750599E-06 
13, 1.804370E-07 
10, 4.050657E-05 
3, 5.062936E-04 
9, 1.547090E-04 
15, 3.262537E-12 
14, 5.353767E-12 
10, 3.430357E-05 
11, 3.858271E-06 
12, 5.242538E-07 
4, 1.128205E-03 
6, 1.092619E-03 
13, 1.329439E-08 
4, 1.080956E-03 
10, 2.624094E-05 
15, 3.276630E-12 
1, 4.309471E-05 
11, 6.568779E-06 
4, 1.020618E-03 
15, 2.618037E-12 
13, 1.450871E-07 
3, 5.361182E-04 
12, 9.926076E-07 
8, 5.346971E-04 
7, 6.411642E-04 
5, 1.140730E-03 
6, 1.029576E-03 
2, 1.571511E-04 
8, 3.275846E-04 
10, 3.661312E-05 
7, 8.077763E-04 
2, 1.416693E-04 
1, 3.026373E-05 
8, 4.098914E-04 
5, 1.080021E-03 
3, 4.797520E-04 
5, 1.158452E-03 
11, 6.572681E-06 
15, 2.457239E-12 
15, 1.959775E-12 
14, 2.722533E-09 
14, 2.940816E-09 
11, 8.978358E-06 
1, 3.490911E-05 
13, 6.751975E-09 
1, 2.804559E-05 
11, 9.252797E-07 
1, 3.037625E-05 
2, 2.649179E-05 
1, 4.439851E-05 
2, 1.152888E-04 
2, 3.248007E-04 
2, 3.228127E-04 
2, 3.225477E-04 
2, 3.009309E-04 
2, 2.677031E-04 
4, 6.834845E-04 
4, 6.758734E-04 
7, 6.188045E-04 
7, 6.094530E-04 
7, 5.984153E-04 
7, 5.532907E-04 
7, 5.427674E-04 
7, 5.296902E-04 
9, 1.835325E-04 
9, 1.373509E-04 
8, 1.242344E-04 
9, 1.242344E-04 
10, 1.158902E-04 
10, 1.496898E-05 
10, 1.496898E-05 
10, 1.496898E-05 
10, 1.386626E-05 
11, 1.314423E-05 
13, 1.780616E-07 
13, 1.623765E-07 
13, 1.623765E-07 
15, 2.151340E-12 
15, 1.780336E-12 
15, 1.777549E-12 
