6, 7.004593E-04 
5, 8.620664E-04 
10, 1.761810E-06 
11, 2.131410E-08 
4, 1.761751E-03 
8, 6.643116E-05 
7, 2.368375E-04 
5, 9.530794E-04 
7, 1.751129E-04 
6, 6.319110E-04 
8, 4.246627E-05 
2, 5.773639E-04 
4, 1.247905E-03 
2, 3.921394E-04 
3, 9.563357E-04 
3, 8.504550E-04 
11, 2.296310E-08 
4, 1.239539E-03 
4, 1.202355E-03 
9, 1.638819E-05 
6, 2.625416E-04 
3, 6.505531E-04 
1, 1.432870E-04 
3, 7.559325E-04 
8, 4.576551E-05 
6, 5.173702E-04 
4, 1.757104E-03 
11, 1.717987E-08 
2, 4.410630E-04 
9, 9.758089E-06 
10, 1.697468E-06 
8, 6.256541E-05 
11, 2.357924E-08 
10, 1.385837E-07 
5, 1.251303E-03 
3, 1.084922E-03 
5, 9.597283E-04 
8, 4.350270E-05 
4, 1.134964E-03 
3, 1.061005E-03 
3, 8.207931E-04 
4, 9.640461E-04 
9, 1.613630E-05 
2, 5.667771E-04 
9, 7.670315E-06 
4, 1.006610E-03 
10, 1.884472E-06 
11, 1.497146E-08 
1, 8.420296E-05 
8, 4.108331E-05 
6, 7.311065E-04 
10, 1.531639E-06 
7, 2.385655E-04 
2, 5.370433E-04 
4, 1.770068E-03 
7, 1.652509E-04 
4, 1.508552E-03 
1, 8.154823E-05 
5, 8.491097E-04 
8, 5.940350E-05 
10, 1.563545E-06 
11, 1.230783E-08 
5, 1.223455E-03 
7, 6.458268E-05 
9, 1.218224E-05 
7, 1.871471E-04 
2, 5.277932E-04 
10, 1.296653E-07 
2, 5.293143E-04 
4, 1.084212E-03 
7, 2.464803E-04 
9, 9.769085E-06 
8, 4.511526E-05 
10, 1.614485E-06 
7, 1.988648E-04 
10, 1.386704E-06 
3, 1.102656E-03 
2, 5.033612E-04 
11, 1.216911E-08 
8, 3.461421E-05 
7, 2.666345E-04 
2, 5.480490E-04 
7, 1.705881E-04 
10, 1.864680E-06 
3, 8.605472E-04 
10, 3.505364E-06 
5, 1.113226E-03 
9, 1.083022E-05 
11, 1.533739E-08 
2, 6.348692E-04 
10, 2.759362E-06 
3, 9.235970E-04 
2, 4.461390E-04 
6, 6.156029E-04 
10, 1.977605E-06 
6, 6.764563E-04 
4, 1.605819E-03 
5, 9.299565E-04 
8, 6.391237E-05 
3, 8.317287E-04 
6, 5.799162E-04 
1, 1.276258E-04 
4, 8.172836E-04 
6, 4.884415E-04 
8, 3.954015E-05 
1, 1.293610E-04 
11, 1.574095E-08 
9, 1.217136E-05 
4, 1.165753E-03 
7, 1.265360E-04 
9, 5.745552E-06 
2, 5.455352E-04 
11, 1.664257E-08 
5, 1.207377E-03 
4, 1.170056E-03 
3, 1.131872E-03 
5, 7.965797E-04 
9, 9.927885E-06 
5, 1.152461E-03 
9, 1.317025E-05 
5, 1.182205E-03 
6, 8.143294E-04 
10, 1.522619E-06 
3, 6.725099E-04 
2, 5.684057E-04 
10, 2.330611E-06 
1, 9.052903E-05 
7, 1.725816E-04 
5, 1.406440E-03 
10, 2.066744E-06 
10, 1.763466E-06 
8, 5.996056E-05 
8, 7.145087E-05 
10, 1.268381E-07 
4, 1.135613E-03 
7, 4.849278E-04 
6, 6.492494E-04 
9, 3.780943E-05 
9, 1.534725E-05 
10, 2.588999E-06 
2, 4.584524E-04 
7, 1.934088E-04 
8, 5.952073E-05 
1, 1.260360E-04 
6, 8.261921E-04 
1, 1.403344E-04 
11, 2.201904E-08 
10, 2.158334E-06 
5, 1.134628E-03 
10, 1.933298E-06 
7, 1.883712E-04 
11, 1.204050E-08 
2, 4.434137E-04 
3, 7.738743E-04 
4, 1.658511E-03 
5, 9.087030E-04 
6, 6.168658E-04 
1, 1.329176E-04 
9, 1.631701E-05 
9, 1.093731E-05 
11, 1.611639E-08 
7, 1.723493E-04 
9, 1.830620E-05 
2, 5.502218E-04 
6, 2.515064E-04 
4, 1.226483E-03 
7, 1.570037E-04 
3, 8.991665E-04 
1, 1.152934E-04 
1, 1.284226E-04 
11, 1.298404E-08 
4, 1.628429E-03 
6, 6.056776E-04 
1, 7.983534E-05 
4, 9.515569E-04 
9, 1.072874E-05 
9, 1.247595E-05 
7, 1.877773E-04 
5, 8.119211E-04 
8, 5.339295E-05 
11, 1.645365E-08 
10, 2.678578E-06 
3, 1.086432E-03 
6, 5.107517E-04 
11, 1.657226E-08 
9, 1.545964E-05 
9, 1.137127E-05 
10, 4.426646E-06 
1, 9.908268E-05 
4, 1.786185E-03 
11, 1.670167E-08 
9, 1.308244E-05 
1, 8.632746E-05 
2, 5.319039E-04 
10, 2.412917E-06 
10, 1.466574E-06 
4, 9.221470E-04 
5, 1.211902E-03 
2, 4.472584E-04 
10, 1.423021E-06 
4, 1.020477E-03 
11, 1.204050E-08 
8, 7.223759E-05 
2, 5.861722E-04 
9, 9.758911E-06 
8, 6.093897E-05 
11, 1.670167E-08 
8, 5.885237E-05 
6, 5.708443E-04 
10, 7.071851E-08 
1, 1.121075E-04 
1, 1.215596E-04 
10, 1.935002E-06 
5, 8.807077E-04 
5, 1.173207E-03 
7, 1.744205E-04 
4, 1.373992E-03 
7, 1.783329E-04 
1, 1.126228E-04 
9, 1.155816E-05 
1, 1.355072E-04 
2, 4.703859E-04 
2, 5.901866E-04 
5, 1.232391E-03 
10, 6.396877E-08 
5, 1.108139E-03 
8, 5.295964E-05 
5, 9.987491E-04 
9, 1.104750E-05 
10, 1.529477E-06 
7, 2.750190E-04 
8, 1.172817E-04 
2, 5.487656E-04 
5, 1.164863E-03 
1, 1.180922E-04 
1, 8.246986E-05 
2, 5.784479E-04 
9, 1.071168E-05 
10, 1.437661E-06 
9, 1.788611E-05 
10, 1.437147E-06 
1, 9.908268E-05 
10, 1.950221E-06 
1, 1.183284E-04 
1, 8.173651E-05 
6, 5.468714E-04 
11, 2.346717E-08 
7, 1.555221E-04 
7, 2.181900E-04 
5, 1.008148E-03 
2, 4.495947E-04 
8, 1.150182E-04 
4, 1.722576E-03 
7, 2.625416E-04 
6, 6.870545E-04 
3, 7.241221E-04 
7, 2.323215E-04 
8, 6.080012E-05 
9, 1.342999E-05 
3, 8.449659E-04 
9, 7.898913E-06 
3, 1.044667E-03 
3, 1.052155E-03 
10, 4.784180E-07 
3, 1.109244E-03 
9, 1.638819E-05 
7, 2.946145E-04 
3, 9.029004E-04 
2, 4.882532E-04 
4, 1.652254E-03 
9, 9.758911E-06 
4, 1.240144E-03 
9, 1.352916E-05 
10, 1.569132E-06 
4, 1.066447E-03 
5, 8.392960E-04 
1, 1.121075E-04 
1, 1.433261E-04 
5, 8.322929E-04 
1, 8.391904E-05 
7, 2.565690E-04 
8, 4.601344E-05 
5, 1.086210E-03 
2, 6.984454E-04 
3, 1.116948E-03 
5, 8.896567E-04 
5, 1.412674E-03 
9, 1.385149E-05 
11, 1.425173E-08 
6, 3.028742E-04 
10, 1.761810E-06 
1, 7.716998E-05 
1, 8.154823E-05 
8, 4.246627E-05 
7, 2.594339E-04 
4, 1.234902E-03 
10, 2.465614E-06 
6, 5.574698E-04 
1, 1.479606E-04 
4, 1.122946E-03 
3, 9.168585E-04 
10, 1.923177E-06 
4, 1.407192E-03 
3, 9.526212E-04 
11, 1.722139E-08 
10, 1.384897E-07 
8, 1.010631E-04 
2, 4.616011E-04 
4, 1.482310E-03 
6, 5.603538E-04 
3, 1.043618E-03 
10, 1.799095E-06 
2, 5.286422E-04 
5, 1.459993E-03 
6, 5.409248E-04 
9, 1.183381E-05 
9, 1.644434E-05 
4, 1.458272E-03 
6, 6.274762E-04 
11, 1.287696E-08 
1, 7.694346E-05 
9, 1.414278E-05 
10, 1.492906E-06 
9, 1.017828E-05 
1, 1.416208E-04 
9, 1.406136E-05 
10, 1.731445E-06 
7, 1.772077E-04 
3, 8.153441E-04 
7, 1.224756E-04 
3, 8.634019E-04 
1, 1.226924E-04 
9, 1.352916E-05 
8, 3.724181E-05 
7, 1.917921E-04 
11, 1.308044E-08 
10, 2.468090E-06 
10, 1.760154E-06 
4, 1.479441E-03 
6, 6.531812E-04 
7, 2.504810E-04 
2, 3.426282E-04 
4, 1.178786E-03 
5, 9.536351E-04 
6, 5.875088E-04 
8, 8.488616E-05 
7, 2.671994E-04 
1, 1.362442E-04 
11, 1.204050E-08 
4, 1.251220E-03 
4, 1.082168E-03 
9, 2.974207E-05 
5, 1.165753E-03 
7, 2.969073E-04 
2, 6.250247E-04 
9, 1.708787E-05 
8, 3.277638E-05 
5, 1.085016E-03 
3, 8.821260E-04 
1, 8.798701E-05 
6, 5.949135E-04 
3, 9.724516E-04 
11, 1.240943E-08 
11, 1.204050E-08 
9, 1.469079E-05 
2, 5.755941E-04 
2, 4.825381E-04 
8, 3.872572E-05 
11, 1.642590E-08 
2, 5.085031E-04 
4, 1.345597E-03 
9, 3.230014E-05 
7, 1.696564E-04 
6, 6.828524E-04 
9, 1.895535E-05 
8, 4.875323E-05 
8, 1.439821E-05 
2, 5.687042E-04 
3, 1.208839E-03 
11, 1.504239E-08 
2, 5.755680E-04 
1, 1.192572E-04 
7, 1.973620E-04 
9, 9.116101E-06 
3, 9.935374E-04 
4, 1.745829E-03 
10, 2.720915E-06 
6, 6.152938E-04 
1, 8.246986E-05 
3, 1.043079E-03 
9, 1.140336E-05 
1, 9.685581E-05 
8, 8.611797E-05 
2, 4.663572E-04 
2, 5.304346E-04 
6, 5.014116E-04 
3, 1.086518E-03 
1, 8.173651E-05 
2, 7.054189E-04 
9, 1.264283E-05 
5, 1.108270E-03 
9, 1.681005E-05 
3, 9.665292E-04 
1, 1.174303E-04 
2, 5.434118E-04 
7, 1.838630E-04 
11, 2.337535E-08 
3, 8.753657E-04 
10, 2.222309E-06 
2, 5.227920E-04 
1, 1.255612E-04 
5, 8.584733E-04 
1, 7.465308E-05 
7, 2.468927E-04 
2, 5.363004E-04 
1, 1.124435E-04 
6, 6.407583E-04 
11, 1.533739E-08 
8, 1.955445E-05 
10, 2.020518E-06 
6, 6.229462E-04 
9, 2.584742E-05 
10, 1.870074E-06 
8, 5.970568E-05 
5, 1.366793E-03 
9, 1.344406E-05 
2, 6.186624E-04 
10, 2.824317E-06 
5, 1.218408E-03 
4, 1.618242E-03 
11, 1.441389E-08 
7, 4.752781E-04 
6, 6.246446E-04 
5, 1.223627E-03 
6, 6.471861E-04 
10, 8.287941E-08 
7, 1.911824E-04 
3, 1.036466E-03 
10, 2.577981E-06 
9, 1.678463E-05 
8, 2.241334E-05 
3, 8.370844E-04 
7, 1.784023E-04 
9, 1.621894E-05 
3, 1.060230E-03 
11, 1.192545E-08 
3, 7.305175E-04 
2, 6.121160E-04 
1, 8.565327E-05 
6, 5.195812E-04 
8, 8.623131E-05 
6, 6.026713E-04 
3, 9.408906E-04 
9, 2.974207E-05 
8, 6.008132E-05 
8, 6.008132E-05 
6, 6.463356E-04 
10, 8.216019E-08 
5, 9.978582E-04 
3, 1.021305E-03 
11, 1.428378E-08 
1, 1.329176E-04 
11, 2.252636E-08 
10, 1.509376E-06 
2, 5.679271E-04 
11, 2.057306E-08 
8, 5.888643E-05 
3, 9.625991E-04 
4, 1.625524E-03 
10, 2.294102E-06 
10, 1.024851E-07 
3, 9.882190E-04 
6, 6.058794E-04 
8, 6.488804E-05 
7, 2.809724E-04 
2, 6.241431E-04 
4, 1.642624E-03 
2, 5.620982E-04 
6, 6.182150E-04 
9, 1.439821E-05 
8, 4.499433E-05 
6, 5.906262E-04 
6, 6.398887E-04 
3, 1.096047E-03 
5, 1.043365E-03 
6, 6.786636E-04 
7, 1.824941E-04 
6, 7.184111E-04 
10, 1.544071E-06 
1, 1.416032E-04 
1, 1.180692E-04 
1, 1.108058E-04 
11, 1.862933E-08 
3, 1.023687E-03 
7, 2.515013E-04 
6, 6.312524E-04 
11, 1.596220E-08 
7, 2.179058E-04 
4, 1.699827E-03 
8, 4.159310E-05 
1, 9.372129E-05 
4, 9.984605E-04 
2, 5.227920E-04 
3, 8.216529E-04 
7, 2.515064E-04 
11, 1.746152E-08 
5, 1.117581E-03 
5, 8.374724E-04 
10, 2.124316E-06 
4, 1.679094E-03 
7, 2.006255E-04 
10, 2.213323E-06 
2, 5.255657E-04 
7, 2.046903E-04 
3, 1.182631E-03 
5, 1.159184E-03 
3, 1.177134E-03 
9, 1.185781E-05 
2, 5.028776E-04 
2, 5.667771E-04 
11, 1.441389E-08 
8, 4.947299E-05 
1, 8.446072E-05 
7, 9.626876E-05 
5, 9.860618E-04 
11, 1.663656E-08 
5, 1.156075E-03 
5, 1.134665E-03 
11, 2.215090E-08 
11, 1.643348E-08 
8, 6.083544E-05 
1, 8.300489E-05 
1, 1.429037E-04 
10, 1.761810E-06 
4, 1.318650E-03 
4, 1.137869E-03 
3, 1.026659E-03 
2, 5.186446E-04 
4, 9.307023E-04 
9, 1.207868E-05 
1, 1.411362E-04 
2, 4.603473E-04 
4, 1.272077E-03 
3, 1.127019E-03 
6, 4.846954E-04 
7, 5.862225E-05 
2, 2.280095E-04 
4, 1.047180E-03 
10, 2.294102E-06 
10, 1.486220E-06 
2, 5.323970E-04 
10, 1.269216E-07 
3, 8.153441E-04 
11, 2.379745E-08 
10, 2.213323E-06 
1, 8.064793E-05 
7, 2.813865E-04 
8, 6.384529E-05 
5, 1.480817E-03 
2, 4.867770E-04 
8, 5.071156E-05 
10, 1.933298E-06 
7, 1.877773E-04 
7, 2.933211E-04 
11, 1.867992E-08 
2, 5.191945E-04 
5, 1.183695E-03 
2, 6.725099E-04 
10, 2.575638E-06 
2, 5.998706E-04 
1, 1.401520E-04 
1, 1.143478E-04 
7, 1.784023E-04 
4, 1.138479E-03 
10, 2.222309E-06 
2, 5.070258E-04 
2, 5.672746E-04 
8, 4.108266E-05 
1, 1.106567E-04 
4, 1.633183E-03 
4, 9.791511E-04 
7, 2.313744E-04 
6, 6.966002E-04 
9, 1.624970E-05 
1, 1.461581E-04 
8, 4.032496E-05 
3, 1.291211E-03 
4, 1.331909E-03 
8, 3.861099E-05 
6, 5.303723E-04 
5, 1.032607E-03 
1, 9.908268E-05 
5, 8.092443E-04 
8, 4.628710E-05 
3, 1.022391E-03 
8, 4.399990E-05 
1, 1.460824E-04 
4, 1.234896E-03 
11, 1.440842E-08 
7, 1.011356E-04 
9, 9.573036E-06 
3, 1.112549E-03 
8, 5.529163E-05 
5, 1.006544E-03 
3, 1.115687E-03 
6, 6.157458E-04 
2, 5.169892E-04 
10, 1.437464E-06 
8, 1.150182E-04 
5, 9.508316E-04 
6, 5.563048E-04 
2, 5.564835E-04 
6, 5.956342E-04 
10, 2.238003E-06 
1, 1.419984E-04 
11, 1.910835E-08 
8, 7.223759E-05 
4, 1.842586E-03 
8, 3.814412E-05 
5, 1.410140E-03 
8, 4.444480E-05 
9, 1.032654E-05 
3, 1.099219E-03 
1, 1.311623E-04 
9, 1.469079E-05 
4, 1.621896E-03 
5, 1.097708E-03 
7, 2.302239E-04 
9, 2.086030E-05 
10, 1.571190E-06 
8, 1.033771E-04 
8, 3.458049E-05 
4, 1.020477E-03 
11, 1.433000E-08 
1, 1.124007E-04 
3, 6.564827E-04 
9, 1.363684E-05 
1, 8.283259E-05 
6, 6.609848E-04 
3, 1.121491E-03 
5, 1.403001E-03 
7, 2.314064E-04 
10, 1.782660E-06 
11, 1.444192E-08 
5, 1.200470E-03 
7, 1.785928E-04 
5, 1.118169E-03 
5, 8.931201E-04 
5, 8.831868E-04 
6, 6.932553E-04 
1, 1.384634E-04 
4, 8.528995E-04 
2, 6.935404E-04 
7, 2.009783E-04 
10, 2.139561E-06 
7, 2.245381E-04 
5, 9.346365E-04 
5, 1.118574E-03 
1, 8.119021E-05 
9, 1.150917E-05 
6, 5.667702E-04 
8, 8.907891E-05 
3, 7.607289E-04 
2, 4.761257E-04 
3, 9.880613E-04 
4, 1.345576E-03 
9, 1.410907E-05 
10, 1.845879E-06 
11, 1.305899E-08 
6, 5.678992E-04 
2, 7.024822E-04 
1, 1.437892E-04 
11, 4.572497E-07 
9, 2.584742E-05 
1, 1.307042E-04 
8, 1.224756E-04 
9, 5.633997E-06 
9, 1.588043E-05 
7, 1.705881E-04 
5, 1.106972E-03 
5, 6.652159E-04 
7, 2.251603E-04 
7, 1.832395E-04 
4, 1.686391E-03 
4, 1.452342E-03 
9, 2.100910E-05 
7, 3.454411E-04 
2, 7.842788E-04 
6, 9.000976E-04 
4, 1.649107E-03 
7, 2.365886E-04 
7, 1.804610E-04 
7, 2.106254E-04 
7, 2.895380E-04 
2, 5.728696E-04 
11, 1.954805E-08 
2, 5.182680E-04 
11, 2.187972E-08 
10, 2.155272E-06 
6, 6.384113E-04 
10, 2.098290E-06 
4, 1.311805E-03 
11, 2.252636E-08 
11, 1.308044E-08 
8, 1.597671E-05 
3, 1.026248E-03 
5, 1.318473E-03 
1, 1.115055E-04 
11, 2.219365E-08 
11, 1.670167E-08 
6, 6.639918E-04 
10, 1.933298E-06 
9, 1.089310E-05 
8, 5.596460E-05 
11, 1.867992E-08 
8, 4.728908E-05 
5, 8.610913E-04 
8, 1.033771E-04 
7, 1.555221E-04 
6, 6.335937E-04 
1, 1.479606E-04 
2, 4.434137E-04 
6, 6.252365E-04 
8, 4.704106E-05 
1, 1.418538E-04 
11, 2.169698E-08 
10, 2.750546E-06 
3, 9.029176E-04 
1, 7.784842E-05 
7, 2.705430E-04 
9, 1.486700E-05 
7, 1.987395E-04 
3, 9.005699E-04 
3, 1.138456E-03 
8, 4.234185E-05 
3, 9.599186E-04 
1, 1.476469E-04 
3, 8.709004E-04 
8, 3.963869E-05 
7, 2.211059E-04 
5, 1.216809E-03 
6, 5.403712E-04 
10, 1.801240E-06 
4, 1.276323E-03 
9, 1.534280E-05 
7, 2.507907E-04 
11, 1.228519E-08 
8, 4.199000E-05 
1, 1.138687E-04 
10, 2.789019E-06 
1, 9.908268E-05 
3, 6.329781E-04 
6, 5.771475E-04 
8, 5.258245E-05 
6, 7.658036E-04 
11, 1.423940E-08 
4, 1.696323E-03 
7, 2.970034E-04 
1, 1.312537E-04 
9, 1.566765E-05 
1, 1.033354E-04 
6, 6.496208E-04 
2, 5.011180E-04 
2, 6.301397E-04 
8, 4.641988E-05 
3, 1.115485E-03 
10, 9.422457E-08 
3, 7.738743E-04 
8, 4.756752E-05 
2, 5.070258E-04 
10, 1.412159E-06 
8, 4.858373E-05 
9, 1.371556E-05 
10, 1.582186E-06 
6, 7.053526E-04 
7, 1.933138E-04 
6, 5.954642E-04 
9, 1.326207E-05 
9, 9.178630E-06 
2, 6.061064E-04 
2, 6.173372E-04 
7, 1.051156E-04 
2, 3.281484E-04 
10, 2.406687E-06 
4, 1.655416E-03 
8, 1.314351E-05 
5, 1.178356E-03 
1, 1.311623E-04 
11, 2.312838E-08 
5, 9.560966E-04 
5, 1.034563E-03 
5, 1.138318E-03 
10, 2.278928E-06 
7, 1.662650E-04 
8, 5.789705E-05 
7, 2.177272E-04 
9, 9.769085E-06 
1, 1.329176E-04 
2, 5.689858E-04 
8, 5.080451E-05 
2, 6.148136E-04 
3, 8.120237E-04 
2, 5.371577E-04 
4, 1.770159E-03 
8, 6.502940E-05 
8, 5.891891E-05 
10, 1.531639E-06 
2, 6.459329E-04 
2, 5.033612E-04 
9, 1.333123E-05 
7, 2.403960E-04 
9, 3.768944E-06 
10, 1.437147E-06 
11, 1.433000E-08 
11, 2.105064E-08 
3, 1.023687E-03 
9, 1.183381E-05 
8, 4.425616E-05 
9, 1.412074E-05 
2, 6.267319E-04 
11, 2.243870E-08 
7, 1.555221E-04 
5, 1.032722E-03 
4, 1.240116E-03 
9, 6.864474E-06 
7, 1.973328E-04 
3, 9.356905E-04 
7, 1.802233E-04 
3, 1.022379E-03 
1, 1.384231E-04 
4, 1.574198E-03 
7, 3.912794E-04 
7, 2.611894E-04 
3, 1.008734E-03 
9, 1.477105E-05 
3, 6.948153E-04 
11, 1.727673E-08 
9, 1.196824E-05 
3, 1.126495E-03 
7, 2.948383E-04 
8, 6.789552E-05 
8, 1.113418E-05 
11, 1.863684E-08 
4, 9.882190E-04 
6, 6.032910E-04 
5, 1.068105E-03 
6, 3.367629E-04 
5, 1.181214E-03 
1, 1.200406E-04 
6, 6.008486E-04 
3, 1.219608E-03 
8, 4.200958E-05 
8, 7.145087E-05 
11, 1.294868E-08 
8, 5.996056E-05 
7, 2.400811E-04 
11, 2.216776E-08 
10, 2.319108E-06 
7, 2.156937E-04 
3, 1.022585E-03 
9, 9.179861E-06 
8, 5.394997E-05 
9, 1.423049E-05 
4, 1.569924E-03 
2, 5.029361E-04 
4, 1.625995E-03 
2, 6.333668E-04 
8, 6.067675E-05 
6, 7.473354E-04 
8, 7.145087E-05 
7, 2.646449E-04 
1, 1.398131E-04 
8, 5.054704E-05 
8, 4.047576E-05 
11, 1.830284E-08 
5, 1.550799E-03 
1, 7.402560E-05 
11, 2.364126E-08 
8, 3.538824E-05 
7, 2.231652E-04 
6, 6.652159E-04 
7, 2.748002E-04 
9, 2.705061E-05 
1, 1.120797E-04 
6, 5.771475E-04 
7, 2.123133E-04 
1, 9.534681E-05 
5, 1.240180E-03 
4, 8.802076E-04 
6, 5.015814E-04 
10, 2.743427E-06 
5, 1.279004E-03 
6, 5.393776E-04 
4, 1.767904E-03 
8, 3.864034E-05 
6, 6.081448E-04 
8, 3.875199E-05 
5, 1.103797E-03 
7, 2.993572E-04 
3, 1.023754E-03 
5, 9.950124E-04 
1, 9.064426E-05 
5, 9.546270E-04 
10, 1.486220E-06 
2, 5.514936E-04 
5, 8.612149E-04 
5, 8.620664E-04 
1, 9.495947E-05 
11, 1.438885E-08 
3, 1.109984E-03 
6, 4.916153E-04 
1, 9.457872E-05 
10, 2.158334E-06 
11, 1.372814E-08 
5, 1.134469E-03 
2, 5.605241E-04 
4, 1.595248E-03 
5, 1.204056E-03 
6, 1.908969E-04 
2, 5.210083E-04 
11, 1.754009E-08 
1, 7.782269E-05 
7, 1.690049E-04 
3, 9.662079E-04 
10, 9.079777E-08 
9, 1.384810E-05 
7, 2.677002E-04 
10, 2.286249E-07 
8, 3.440880E-05 
6, 5.987145E-04 
2, 5.850101E-04 
2, 4.527599E-04 
1, 9.611259E-05 
5, 1.212978E-03 
1, 8.083219E-05 
2, 5.469379E-04 
10, 1.412159E-06 
4, 1.653598E-03 
7, 2.724924E-04 
5, 1.236822E-03 
10, 2.760371E-06 
7, 1.783581E-04 
11, 2.345937E-08 
6, 6.366226E-04 
3, 4.863577E-04 
5, 9.044882E-04 
6, 6.252365E-04 
2, 5.480490E-04 
11, 1.305899E-08 
3, 9.368546E-04 
10, 1.950221E-06 
1, 9.064426E-05 
1, 7.705672E-05 
6, 6.882394E-04 
6, 5.523928E-04 
7, 2.501471E-04 
3, 1.083285E-03 
3, 1.183314E-03 
10, 7.938255E-08 
4, 1.521790E-03 
5, 9.883069E-04 
10, 2.294102E-06 
3, 8.126587E-04 
4, 1.589930E-03 
10, 1.117479E-07 
6, 5.227143E-04 
9, 1.226701E-05 
5, 8.528995E-04 
9, 1.314351E-05 
10, 1.950221E-06 
8, 3.868682E-05 
11, 1.645365E-08 
6, 5.762903E-04 
5, 9.551996E-04 
7, 1.749698E-04 
1, 7.801244E-05 
1, 1.471825E-04 
1, 1.033335E-04 
6, 6.724506E-04 
11, 1.228519E-08 
11, 1.303232E-08 
4, 1.277871E-03 
11, 2.187972E-08 
10, 1.799095E-06 
6, 5.649542E-04 
6, 9.361233E-04 
10, 8.587620E-08 
9, 1.122036E-05 
5, 1.545323E-03 
4, 1.159194E-03 
4, 1.636038E-03 
11, 1.574095E-08 
8, 3.939038E-05 
2, 4.593513E-04 
6, 5.495990E-04 
2, 5.118494E-04 
5, 1.428551E-03 
11, 1.912663E-08 
1, 1.012618E-04 
2, 5.168915E-04 
5, 7.887631E-04 
7, 2.078057E-04 
5, 1.443551E-03 
7, 4.095524E-04 
3, 1.088864E-03 
5, 1.120402E-03 
3, 1.097049E-03 
4, 1.123692E-03 
6, 6.170159E-04 
6, 6.806217E-04 
9, 1.136745E-05 
10, 2.494301E-06 
8, 7.068299E-05 
10, 1.819963E-06 
11, 2.170965E-08 
6, 8.227040E-04 
1, 1.321363E-04 
4, 1.709779E-03 
4, 1.542629E-03 
11, 2.286387E-08 
1, 1.008513E-04 
3, 9.785126E-04 
5, 8.895668E-04 
4, 1.605095E-03 
4, 1.191601E-03 
1, 9.087364E-05 
2, 4.671069E-04 
7, 2.591912E-04 
1, 8.173651E-05 
10, 2.322576E-06 
4, 1.227602E-03 
11, 1.756000E-08 
3, 8.296408E-04 
6, 6.651427E-04 
10, 7.662030E-08 
7, 1.996194E-04 
9, 2.969963E-05 
1, 1.064499E-04 
8, 1.146456E-04 
9, 2.043604E-06 
5, 9.175899E-04 
6, 5.502548E-04 
1, 1.284226E-04 
7, 2.760889E-04 
11, 1.462775E-08 
1, 9.715663E-05 
8, 5.789705E-05 
2, 6.111342E-04 
6, 5.883894E-04 
1, 1.267852E-04 
4, 1.060230E-03 
2, 5.564835E-04 
3, 1.027126E-03 
10, 5.224674E-06 
1, 1.036789E-04 
11, 1.636157E-08 
5, 9.235382E-04 
2, 5.632675E-04 
9, 9.903252E-06 
6, 5.195812E-04 
4, 1.240669E-03 
3, 1.062596E-03 
2, 1.033147E-03 
7, 1.662650E-04 
11, 2.054005E-08 
2, 5.304085E-04 
1, 1.437892E-04 
9, 1.500875E-05 
6, 1.079910E-03 
10, 2.711017E-06 
4, 1.626758E-03 
9, 1.128856E-05 
8, 4.451471E-05 
4, 1.563593E-03 
8, 6.262579E-05 
4, 1.170831E-03 
4, 1.670120E-03 
9, 1.395222E-05 
2, 4.516234E-04 
9, 1.128398E-05 
3, 1.217701E-03 
8, 6.545553E-05 
10, 2.098290E-06 
11, 2.364476E-08 
2, 1.031253E-03 
1, 9.971088E-05 
7, 2.886110E-04 
11, 1.841469E-08 
11, 2.302628E-08 
4, 1.036466E-03 
10, 2.468036E-06 
8, 4.350270E-05 
10, 2.259722E-06 
7, 2.796475E-04 
8, 5.170848E-05 
11, 2.240149E-08 
6, 5.472530E-04 
8, 3.520367E-05 
10, 1.119445E-05 
5, 8.612149E-04 
4, 1.674616E-03 
8, 3.714761E-05 
8, 1.146456E-04 
5, 1.021836E-03 
11, 1.372814E-08 
8, 1.719624E-05 
8, 4.204748E-05 
4, 1.582620E-03 
2, 5.010539E-04 
3, 1.111540E-03 
6, 5.575135E-04 
1, 2.553464E-04 
8, 4.022218E-05 
11, 2.105064E-08 
10, 2.560411E-06 
11, 1.878649E-08 
8, 1.067060E-04 
6, 7.538664E-04 
6, 5.521846E-04 
9, 1.470282E-05 
8, 3.857738E-05 
8, 5.572259E-05 
11, 1.483812E-08 
10, 2.322576E-06 
6, 9.665279E-04 
5, 1.194345E-03 
3, 9.367171E-04 
5, 1.190295E-03 
1, 1.260730E-04 
3, 6.686368E-04 
3, 1.075067E-03 
7, 1.785033E-04 
7, 2.026394E-04 
3, 7.446030E-04 
6, 7.642410E-04 
4, 1.652708E-03 
6, 6.291633E-04 
8, 1.549146E-05 
6, 6.475220E-04 
8, 1.643191E-04 
8, 6.803973E-05 
7, 1.976890E-04 
8, 4.501253E-05 
5, 9.582453E-04 
8, 5.349369E-05 
4, 1.378006E-03 
6, 6.339786E-04 
5, 1.519809E-03 
1, 8.064793E-05 
4, 1.532410E-03 
5, 1.261638E-03 
3, 1.118561E-03 
11, 1.308044E-08 
6, 6.565105E-04 
10, 2.625774E-06 
9, 1.393598E-05 
11, 1.600026E-08 
11, 1.653401E-08 
10, 2.138016E-06 
5, 8.392960E-04 
3, 1.044818E-03 
4, 1.736312E-03 
11, 1.230783E-08 
3, 1.132690E-03 
2, 5.248999E-04 
5, 8.982673E-04 
2, 5.386937E-04 
2, 5.651447E-04 
6, 6.657265E-04 
1, 8.119021E-05 
11, 1.237088E-08 
11, 1.291332E-08 
10, 1.776920E-06 
2, 6.204057E-04 
11, 1.234144E-08 
5, 1.132396E-03 
7, 1.556392E-04 
10, 2.215147E-06 
11, 2.151475E-08 
6, 8.372929E-04 
4, 9.560663E-04 
1, 9.534681E-05 
7, 2.070018E-04 
4, 1.326232E-03 
11, 1.290272E-08 
3, 9.956142E-04 
2, 6.429514E-04 
8, 3.589080E-05 
7, 3.005067E-04 
11, 1.281471E-08 
4, 1.313795E-03 
6, 6.531010E-04 
4, 1.294571E-03 
9, 1.587085E-05 
10, 2.664747E-06 
2, 4.643048E-04 
11, 2.270588E-08 
8, 3.937129E-05 
6, 6.040444E-04 
5, 1.041122E-03 
3, 1.113978E-03 
7, 1.573586E-04 
1, 1.152934E-04 
8, 1.095751E-05 
6, 6.807956E-04 
11, 1.504239E-08 
6, 5.644959E-04 
3, 9.324013E-04 
3, 6.373835E-04 
5, 1.182866E-03 
7, 1.570037E-04 
5, 7.887631E-04 
5, 9.315152E-04 
10, 1.884472E-06 
9, 1.244317E-05 
6, 6.350793E-04 
9, 1.960485E-05 
5, 1.121219E-03 
5, 1.402783E-03 
10, 2.609551E-06 
6, 6.270940E-04 
3, 9.695987E-04 
3, 9.984605E-04 
4, 1.808270E-03 
2, 5.861722E-04 
6, 5.987866E-04 
7, 3.068744E-04 
2, 4.798816E-04 
9, 1.436416E-05 
2, 4.399675E-04 
2, 5.839818E-04 
10, 1.704307E-06 
9, 1.545344E-05 
2, 5.159183E-04 
3, 1.031787E-03 
9, 1.367225E-05 
11, 1.727673E-08 
9, 1.358430E-05 
7, 2.000624E-04 
7, 2.474954E-04 
5, 7.814673E-04 
8, 7.223759E-05 
10, 2.043604E-06 
4, 1.221579E-03 
9, 9.178630E-06 
2, 5.394720E-04 
4, 1.734657E-03 
8, 4.565246E-05 
10, 2.421591E-06 
10, 1.783636E-06 
6, 7.766021E-04 
8, 5.287859E-05 
9, 9.085086E-06 
10, 2.412917E-06 
8, 6.303293E-05 
11, 1.228519E-08 
1, 1.355353E-04 
2, 5.216010E-04 
5, 9.415459E-04 
5, 1.112506E-03 
8, 3.763933E-05 
4, 1.620879E-03 
4, 9.204388E-04 
10, 1.950221E-06 
5, 8.007174E-04 
8, 5.957936E-05 
9, 1.098503E-05 
10, 9.894067E-08 
8, 4.435052E-05 
10, 1.492906E-06 
3, 1.084409E-03 
7, 2.201550E-04 
11, 7.329383E-08 
2, 6.432987E-04 
11, 1.377230E-08 
4, 1.315554E-03 
5, 9.499334E-04 
2, 5.545125E-04 
6, 6.357612E-04 
4, 1.742162E-03 
10, 1.815689E-06 
10, 1.783636E-06 
11, 1.765806E-08 
2, 4.963519E-04 
4, 1.695990E-03 
3, 8.275662E-04 
3, 9.737663E-04 
4, 1.623151E-03 
5, 1.098084E-03 
9, 1.389032E-05 
5, 1.120551E-03 
8, 3.990941E-05 
9, 1.644712E-05 
9, 1.150917E-05 
7, 5.211914E-04 
6, 5.832358E-04 
6, 2.565690E-04 
3, 8.949396E-04 
4, 9.432027E-04 
3, 1.040397E-03 
10, 1.108769E-07 
3, 1.115850E-03 
9, 1.949473E-05 
10, 2.213323E-06 
7, 2.446820E-04 
4, 1.370041E-03 
4, 1.343698E-03 
4, 9.791511E-04 
1, 9.908268E-05 
4, 1.690862E-03 
9, 2.839506E-05 
8, 6.240460E-05 
2, 5.392555E-04 
7, 2.343422E-04 
6, 4.846954E-04 
1, 1.405726E-04 
6, 7.204988E-04 
4, 1.507237E-03 
5, 8.964014E-04 
8, 8.587858E-05 
1, 1.036789E-04 
7, 1.640264E-04 
7, 2.903147E-04 
7, 6.008132E-05 
7, 2.489533E-04 
5, 9.317115E-04 
4, 9.356814E-04 
4, 9.889987E-04 
2, 6.010554E-04 
2, 5.487584E-04 
9, 1.185781E-05 
6, 5.417458E-04 
1, 9.064426E-05 
6, 2.658115E-04 
9, 1.135622E-05 
1, 9.908268E-05 
1, 1.061955E-04 
7, 1.395012E-04 
7, 1.640264E-04 
10, 1.543108E-06 
7, 2.945819E-04 
2, 7.241221E-04 
1, 1.287083E-04 
8, 4.465104E-05 
6, 5.754665E-04 
4, 1.325236E-03 
2, 5.076285E-04 
3, 1.039729E-03 
9, 3.277638E-05 
1, 1.379104E-04 
2, 4.507447E-04 
7, 1.705881E-04 
5, 8.484142E-04 
7, 1.618018E-04 
8, 5.780247E-05 
6, 5.173702E-04 
1, 1.346886E-04 
2, 4.751608E-04 
6, 6.601580E-04 
9, 1.088829E-05 
4, 1.165572E-03 
9, 9.422440E-06 
3, 1.117570E-03 
4, 1.828280E-03 
10, 1.697468E-06 
6, 6.209801E-04 
11, 1.233888E-08 
3, 8.413499E-04 
3, 9.955154E-04 
5, 8.846614E-04 
10, 1.688760E-06 
2, 5.216517E-04 
6, 5.685097E-04 
2, 5.499312E-04 
5, 1.162868E-03 
8, 4.392008E-05 
2, 3.921394E-04 
10, 8.142787E-08 
1, 1.387438E-04 
3, 6.373835E-04 
9, 1.464298E-05 
1, 1.140271E-04 
1, 8.064793E-05 
9, 1.018843E-05 
10, 2.213323E-06 
5, 1.537501E-03 
3, 1.071933E-03 
2, 6.526911E-04 
9, 1.853781E-05 
11, 1.308880E-08 
3, 1.229348E-03 
9, 1.482911E-05 
9, 1.656678E-05 
2, 1.311623E-04 
5, 1.193649E-03 
9, 1.247465E-05 
9, 1.328265E-05 
10, 1.509376E-06 
3, 7.607289E-04 
2, 6.109951E-04 
3, 1.126926E-03 
10, 2.124316E-06 
10, 1.285189E-07 
11, 1.908503E-08 
6, 6.679899E-04 
5, 1.078280E-03 
9, 1.025862E-05 
10, 2.608298E-06 
6, 5.596769E-04 
1, 8.173651E-05 
9, 3.899786E-06 
9, 1.231854E-05 
9, 1.494561E-05 
1, 1.043189E-04 
7, 2.407420E-04 
2, 6.037419E-04 
5, 1.224303E-03 
1, 8.219391E-05 
11, 1.439053E-08 
6, 5.682831E-04 
4, 1.579164E-03 
3, 9.983591E-04 
6, 6.348570E-04 
2, 5.295969E-04 
10, 2.772206E-06 
5, 1.375694E-03 
9, 9.102876E-06 
1, 9.458725E-05 
7, 1.793180E-04 
6, 6.248639E-04 
3, 9.232973E-04 
2, 5.687042E-04 
8, 4.419920E-05 
8, 7.223759E-05 
4, 1.060230E-03 
4, 1.802561E-03 
5, 1.109883E-03 
2, 4.798393E-04 
6, 7.973487E-04 
8, 4.925284E-05 
11, 1.425173E-08 
3, 1.265956E-03 
6, 5.299110E-04 
3, 1.086194E-03 
8, 4.159310E-05 
6, 5.394751E-04 
5, 1.066683E-03 
8, 6.384529E-05 
4, 1.216192E-03 
3, 1.134964E-03 
3, 6.633380E-04 
5, 8.584733E-04 
9, 1.738684E-05 
5, 8.007174E-04 
5, 1.547271E-03 
1, 1.423543E-04 
8, 6.148126E-05 
5, 1.156244E-03 
1, 8.420296E-05 
3, 9.204172E-04 
3, 9.204172E-04 
10, 2.350287E-06 
5, 1.104330E-03 
6, 5.977451E-04 
4, 9.432027E-04 
7, 1.652509E-04 
9, 1.318613E-05 
2, 4.799460E-04 
10, 1.914139E-06 
11, 2.316632E-08 
4, 1.105592E-03 
6, 6.959384E-04 
4, 1.500357E-03 
4, 9.658084E-04 
10, 2.070976E-06 
1, 1.392473E-04 
11, 2.135141E-08 
8, 8.768038E-05 
4, 1.267117E-03 
6, 5.861064E-04 
4, 8.383564E-04 
10, 2.581915E-06 
11, 1.903645E-08 
4, 9.307023E-04 
5, 1.140976E-03 
9, 1.435712E-05 
11, 1.439053E-08 
2, 2.467346E-04 
10, 1.688760E-06 
4, 1.700619E-03 
5, 1.128698E-03 
4, 1.263782E-03 
1, 8.670597E-05 
6, 6.578869E-04 
3, 1.114946E-03 
3, 9.962529E-04 
4, 9.984605E-04 
11, 1.265737E-08 
11, 2.074669E-08 
7, 1.725816E-04 
8, 4.529165E-05 
11, 1.438885E-08 
10, 1.923177E-06 
1, 9.052903E-05 
4, 1.581776E-03 
10, 1.712718E-06 
5, 1.173110E-03 
11, 1.403614E-08 
9, 2.280181E-06 
7, 2.418148E-04 
6, 6.070819E-04 
3, 1.120036E-03 
10, 1.053206E-07 
5, 1.383513E-03 
11, 1.670167E-08 
9, 1.113418E-05 
3, 9.718607E-04 
10, 2.605114E-06 
6, 6.325053E-04 
1, 1.033354E-04 
7, 2.468173E-04 
3, 9.984605E-04 
10, 1.386704E-06 
10, 1.483241E-06 
7, 2.290204E-04 
4, 1.563797E-03 
11, 1.428378E-08 
4, 1.359201E-03 
1, 9.676963E-05 
8, 3.963869E-05 
1, 7.782269E-05 
1, 1.100734E-04 
7, 1.823046E-04 
6, 5.411295E-04 
4, 1.236085E-03 
10, 1.727199E-06 
11, 9.396301E-08 
6, 4.896740E-04 
5, 1.238185E-03 
5, 7.643299E-04 
1, 1.411362E-04 
7, 2.419969E-04 
1, 1.077261E-04 
2, 4.798393E-04 
2, 5.349004E-04 
11, 1.822866E-08 
8, 7.389187E-05 
1, 1.200048E-04 
7, 2.071605E-04 
10, 2.197924E-07 
11, 1.841785E-08 
11, 1.670167E-08 
7, 1.871471E-04 
5, 1.135995E-03 
10, 2.158429E-06 
9, 1.500464E-05 
9, 1.561243E-05 
1, 9.498868E-05 
2, 6.211033E-04 
6, 6.534853E-04 
2, 5.119742E-04 
9, 9.990684E-06 
9, 1.411408E-05 
2, 4.354490E-04 
8, 5.631741E-05 
6, 5.568710E-04 
8, 6.020359E-05 
6, 6.139622E-04 
7, 1.667681E-04 
2, 4.941902E-04 
6, 6.152938E-04 
9, 1.431468E-05 
5, 1.434358E-03 
10, 1.978100E-06 
7, 2.270510E-04 
1, 1.066955E-04 
11, 1.863684E-08 
6, 5.888883E-04 
7, 1.823046E-04 
4, 1.639882E-03 
6, 6.714646E-04 
10, 1.730179E-06 
2, 6.309746E-04 
1, 9.372129E-05 
8, 3.732821E-05 
8, 5.147085E-05 
5, 1.166591E-03 
3, 6.505531E-04 
10, 1.587644E-06 
4, 1.208779E-03 
9, 1.672614E-05 
5, 1.185108E-03 
3, 6.749220E-04 
3, 8.317287E-04 
4, 1.220596E-03 
11, 1.187201E-08 
9, 1.761502E-05 
3, 1.054922E-03 
5, 1.170831E-03 
9, 1.329911E-05 
9, 1.013164E-05 
9, 1.487355E-05 
6, 6.132937E-04 
9, 1.314351E-05 
1, 1.138687E-04 
11, 2.225085E-08 
7, 2.608906E-04 
5, 1.183655E-03 
5, 6.103430E-04 
9, 1.656152E-05 
4, 1.510204E-03 
9, 1.326207E-05 
11, 1.281471E-08 
10, 2.213323E-06 
6, 6.761934E-04 
3, 6.633380E-04 
7, 2.655447E-04 
1, 8.064793E-05 
1, 9.108197E-05 
9, 1.870221E-05 
4, 1.684570E-03 
2, 5.563645E-04 
3, 5.212054E-04 
3, 1.231201E-03 
9, 1.218427E-05 
1, 9.064426E-05 
1, 1.353588E-04 
11, 1.418264E-08 
3, 9.770668E-04 
5, 1.074217E-03 
2, 5.318391E-04 
7, 1.676697E-04 
6, 6.886958E-04 
6, 7.558143E-04 
5, 1.291831E-03 
6, 6.931526E-04 
10, 1.437464E-06 
4, 1.244388E-03 
10, 1.634542E-06 
10, 1.432304E-06 
3, 9.399691E-04 
5, 1.006544E-03 
2, 4.759706E-04 
4, 1.228674E-03 
6, 5.795369E-04 
3, 9.924374E-04 
3, 5.306863E-04 
3, 1.144962E-03 
3, 9.563357E-04 
6, 5.852003E-04 
2, 5.113403E-04 
4, 1.287773E-03 
10, 1.423021E-06 
11, 1.862933E-08 
2, 3.959070E-04 
4, 1.612946E-03 
3, 1.104252E-03 
4, 1.343859E-03 
10, 9.100216E-08 
7, 3.013079E-04 
11, 1.666873E-08 
5, 1.141737E-03 
6, 7.071942E-04 
9, 1.079439E-05 
9, 1.257637E-05 
11, 1.672694E-08 
6, 2.993572E-04 
2, 4.795503E-04 
2, 5.985827E-04 
8, 1.067060E-04 
10, 2.623493E-06 
1, 1.120797E-04 
4, 1.235095E-03 
11, 1.216799E-08 
4, 1.134964E-03 
9, 1.342999E-05 
4, 1.498507E-03 
1, 1.397444E-04 
6, 4.985827E-04 
10, 1.416548E-07 
11, 2.042932E-08 
4, 9.770668E-04 
6, 7.418029E-04 
5, 1.223086E-03 
8, 3.963869E-05 
8, 1.095101E-05 
4, 1.447915E-03 
8, 3.569992E-05 
11, 2.317190E-08 
9, 4.707624E-06 
6, 5.341235E-04 
10, 1.783636E-06 
11, 1.891009E-08 
8, 5.750444E-05 
10, 1.570984E-06 
10, 2.720915E-06 
11, 1.438885E-08 
5, 8.491097E-04 
3, 6.749220E-04 
9, 1.504384E-05 
6, 5.228853E-04 
4, 1.661303E-03 
2, 5.000080E-04 
5, 1.086897E-03 
6, 6.447043E-04 
7, 1.751129E-04 
9, 1.179582E-05 
7, 1.891207E-04 
3, 8.734833E-04 
9, 1.243537E-05 
3, 1.013785E-03 
3, 1.120664E-03 
2, 5.645982E-04 
3, 1.141697E-03 
1, 1.286505E-04 
7, 2.335286E-04 
5, 1.261662E-03 
9, 1.212000E-05 
7, 2.409149E-04 
2, 5.388636E-04 
1, 9.715663E-05 
3, 1.060230E-03 
6, 6.399964E-04 
9, 1.554869E-05 
5, 9.560966E-04 
2, 6.459329E-04 
4, 1.369973E-03 
5, 1.518828E-03 
2, 6.426359E-04 
3, 7.698096E-04 
3, 1.063425E-03 
10, 2.581915E-06 
5, 1.211059E-03 
4, 9.772076E-04 
3, 1.097420E-03 
4, 1.459378E-03 
7, 2.224087E-04 
6, 1.139491E-03 
4, 1.743394E-03 
3, 9.646148E-04 
7, 4.752781E-04 
9, 1.747028E-05 
2, 5.179296E-04 
4, 1.668926E-03 
7, 2.051166E-04 
2, 5.263183E-04 
7, 2.385655E-04 
7, 2.616377E-04 
9, 9.102876E-06 
3, 1.066447E-03 
4, 1.258252E-03 
4, 1.539373E-03 
7, 1.904941E-04 
7, 1.640264E-04 
1, 9.715663E-05 
7, 2.924655E-04 
5, 5.875088E-04 
7, 3.025321E-04 
2, 4.799460E-04 
10, 1.815689E-06 
9, 1.191827E-05 
5, 9.196603E-04 
7, 2.287430E-04 
8, 5.383239E-05 
9, 1.447051E-05 
4, 1.043841E-03 
8, 6.344599E-05 
11, 1.898692E-08 
11, 1.400937E-08 
2, 5.887025E-04 
1, 1.173868E-04 
7, 2.469659E-04 
5, 8.490544E-04 
4, 1.595497E-03 
4, 1.617544E-03 
4, 1.097441E-03 
8, 5.366725E-05 
1, 1.312537E-04 
7, 1.569727E-04 
5, 1.232283E-03 
6, 7.230013E-04 
2, 5.174140E-04 
11, 1.290272E-08 
1, 9.676963E-05 
3, 1.228284E-03 
2, 5.792857E-04 
10, 1.845879E-06 
8, 3.663545E-05 
9, 1.223826E-05 
1, 8.764081E-05 
11, 1.216799E-08 
7, 2.036130E-04 
11, 2.357573E-08 
10, 1.827777E-06 
6, 6.002167E-04 
1, 8.670597E-05 
2, 4.825381E-04 
8, 3.818920E-05 
2, 5.310313E-04 
5, 1.369077E-03 
8, 3.485322E-05 
6, 6.893234E-04 
10, 1.492906E-06 
9, 1.463738E-05 
3, 1.037093E-03 
10, 8.625659E-08 
10, 8.267406E-08 
11, 2.051186E-08 
10, 1.222149E-07 
8, 1.051050E-04 
11, 2.169698E-08 
2, 5.029361E-04 
11, 1.387487E-08 
5, 1.376880E-03 
3, 9.703245E-04 
2, 4.914308E-04 
11, 1.209880E-08 
1, 1.260026E-04 
5, 1.126914E-03 
11, 2.169364E-08 
7, 1.550629E-04 
7, 1.823046E-04 
3, 9.445881E-04 
9, 1.371053E-05 
11, 1.215745E-08 
9, 1.264122E-05 
6, 5.926900E-04 
1, 1.144220E-04 
4, 1.521621E-03 
5, 1.234991E-03 
9, 1.621894E-05 
11, 2.286249E-07 
10, 2.735807E-06 
10, 1.334906E-07 
2, 4.722639E-04 
9, 1.446985E-05 
2, 4.561343E-04 
6, 6.504184E-04 
5, 7.796268E-04 
5, 1.234359E-03 
6, 6.291633E-04 
11, 1.596220E-08 
5, 1.302751E-03 
11, 1.377230E-08 
10, 9.242455E-08 
7, 3.454411E-04 
2, 7.002254E-04 
8, 5.313230E-05 
11, 1.215745E-08 
5, 1.010779E-03 
2, 7.468431E-04 
3, 1.090523E-03 
9, 3.288869E-05 
1, 1.012618E-04 
2, 6.637031E-04 
1, 9.036568E-05 
4, 9.356814E-04 
3, 1.184322E-03 
4, 1.552606E-03 
1, 1.212857E-04 
8, 4.576551E-05 
3, 1.104515E-03 
8, 3.998138E-05 
4, 1.675128E-03 
3, 9.935374E-04 
2, 5.203491E-04 
10, 8.165885E-08 
2, 5.590139E-04 
7, 2.518980E-04 
11, 1.670167E-08 
3, 8.802076E-04 
5, 1.191486E-03 
7, 1.696564E-04 
4, 1.075376E-03 
6, 6.041182E-04 
7, 1.923287E-04 
5, 8.322929E-04 
11, 1.216911E-08 
8, 6.506799E-05 
2, 3.959070E-04 
7, 2.245113E-04 
6, 6.056776E-04 
7, 2.944733E-04 
8, 3.827713E-05 
8, 4.956912E-05 
5, 7.965797E-04 
1, 1.076093E-04 
6, 5.861064E-04 
2, 5.386937E-04 
11, 1.735799E-08 
10, 1.950221E-06 
9, 1.003233E-05 
4, 1.600753E-03 
1, 1.035723E-04 
4, 1.366260E-03 
6, 5.521446E-04 
11, 1.812348E-08 
5, 1.138047E-03 
7, 3.367629E-04 
6, 5.992742E-04 
8, 4.024217E-05 
5, 1.308292E-03 
10, 1.983367E-06 
8, 3.969709E-05 
11, 1.303232E-08 
1, 1.213597E-04 
9, 2.969963E-05 
11, 1.702959E-08 
1, 1.310842E-04 
9, 9.982672E-06 
2, 4.977123E-04 
7, 1.800561E-04 
5, 9.317115E-04 
8, 3.532379E-05 
6, 5.492504E-04 
3, 1.118829E-03 
6, 6.157731E-04 
1, 1.397444E-04 
7, 3.105851E-04 
8, 6.354013E-05 
5, 1.493753E-03 
2, 4.977123E-04 
7, 1.853405E-04 
11, 2.341865E-08 
9, 9.182398E-06 
11, 1.234144E-08 
6, 8.319552E-04 
11, 2.183165E-08 
9, 9.118352E-06 
1, 1.201926E-04 
4, 1.020477E-03 
8, 3.963869E-05 
5, 1.114360E-03 
10, 1.766255E-06 
6, 6.934370E-04 
5, 8.261155E-04 
9, 1.095101E-05 
6, 2.895380E-04 
10, 1.090278E-07 
1, 1.027331E-04 
10, 7.813853E-08 
3, 8.610116E-04 
1, 9.835973E-05 
11, 2.270588E-08 
2, 5.341824E-04 
9, 1.923099E-05 
3, 9.627372E-04 
3, 8.640310E-04 
2, 5.986698E-04 
6, 5.883310E-04 
7, 1.690049E-04 
4, 1.413154E-03 
3, 9.238419E-04 
4, 1.720481E-03 
9, 1.693444E-05 
6, 5.795369E-04 
5, 1.092945E-03 
6, 5.685118E-04 
11, 1.838257E-08 
9, 1.333435E-05 
2, 7.312043E-04 
8, 4.462140E-05 
11, 2.278740E-08 
1, 1.357984E-04 
9, 1.393598E-05 
7, 2.614948E-04 
7, 3.863078E-04 
3, 9.368087E-04 
4, 1.286543E-03 
1, 1.468970E-04 
7, 2.823183E-04 
10, 1.544071E-06 
10, 1.955678E-06 
8, 1.010631E-04 
6, 9.578855E-04 
8, 1.725455E-05 
5, 1.457952E-03 
2, 6.162159E-04 
3, 8.491481E-04 
11, 1.265737E-08 
7, 2.652294E-04 
7, 2.388298E-04 
5, 1.201391E-03 
6, 5.437783E-04 
4, 1.582893E-03 
10, 9.981884E-08 
9, 1.144797E-05 
4, 1.683813E-03 
9, 1.003233E-05 
8, 4.586909E-05 
1, 7.784842E-05 
8, 5.970568E-05 
8, 4.718645E-05 
8, 4.661745E-05 
3, 1.063335E-03 
4, 1.599923E-03 
4, 9.560663E-04 
9, 2.901789E-05 
2, 6.293084E-04 
2, 5.232170E-04 
5, 8.621171E-04 
7, 2.468927E-04 
3, 1.064535E-03 
8, 4.115691E-05 
4, 1.279863E-03 
4, 1.119606E-03 
10, 1.478590E-06 
11, 2.019748E-08 
11, 1.268899E-08 
8, 5.130905E-05 
11, 1.287696E-08 
5, 8.372649E-04 
11, 1.438885E-08 
9, 1.370743E-05 
6, 5.816060E-04 
4, 1.572743E-03 
10, 1.569132E-06 
5, 1.337258E-03 
2, 5.810441E-04 
4, 1.355122E-03 
3, 1.096487E-03 
5, 1.211805E-03 
3, 9.803129E-04 
2, 6.113942E-04 
3, 1.126724E-03 
7, 2.955675E-04 
9, 2.082467E-05 
1, 8.154823E-05 
4, 1.213791E-03 
10, 8.030698E-08 
9, 2.209489E-05 
4, 1.697385E-03 
4, 9.956011E-04 
7, 2.025672E-04 
10, 1.783636E-06 
2, 4.845274E-04 
4, 8.383564E-04 
8, 4.068971E-05 
8, 4.925284E-05 
10, 2.782157E-06 
10, 2.286249E-07 
11, 1.932482E-08 
7, 2.606908E-04 
2, 5.106001E-04 
11, 1.483812E-08 
1, 1.289877E-04 
4, 1.081068E-03 
7, 2.724924E-04 
8, 4.242022E-05 
8, 1.051050E-04 
2, 4.470668E-04 
7, 2.373203E-04 
11, 1.516162E-08 
9, 1.098503E-05 
10, 1.563545E-06 
3, 1.057154E-03 
8, 1.870221E-05 
7, 2.316238E-04 
9, 1.374888E-05 
2, 5.834751E-04 
11, 1.294868E-08 
11, 1.735799E-08 
1, 1.112612E-04 
11, 1.516783E-08 
6, 6.470841E-04 
7, 1.667681E-04 
3, 1.113990E-03 
11, 1.728085E-08 
11, 1.233888E-08 
1, 1.437161E-04 
6, 5.118739E-04 
4, 1.209258E-03 
5, 1.171517E-03 
9, 1.815689E-06 
2, 5.113757E-04 
2, 6.108907E-04 
4, 1.020477E-03 
3, 1.149736E-03 
11, 1.933256E-08 
3, 1.120413E-03 
6, 6.120689E-04 
4, 1.487294E-03 
8, 6.573304E-05 
6, 6.050180E-04 
5, 1.293313E-03 
5, 8.767557E-04 
1, 1.293849E-04 
7, 2.539340E-04 
3, 9.542360E-04 
10, 1.763466E-06 
1, 7.694346E-05 
9, 1.648293E-05 
9, 1.223346E-05 
3, 9.658084E-04 
9, 9.601446E-06 
3, 1.101446E-03 
4, 1.365398E-03 
8, 1.291654E-04 
6, 5.212872E-04 
5, 1.530548E-03 
2, 5.356199E-04 
3, 7.157363E-04 
3, 9.590530E-04 
2, 5.458988E-04 
2, 5.564940E-04 
6, 4.588535E-04 
3, 1.015118E-03 
4, 9.889987E-04 
11, 1.661053E-08 
6, 5.983822E-04 
3, 1.093559E-03 
2, 4.864964E-04 
10, 8.667011E-08 
6, 6.614985E-04 
8, 6.488804E-05 
6, 5.102539E-04 
1, 1.078429E-04 
5, 1.204216E-03 
9, 1.003233E-05 
3, 8.120237E-04 
6, 6.677591E-04 
9, 9.814709E-06 
2, 5.369886E-04 
3, 1.059247E-03 
7, 2.700502E-04 
5, 1.387622E-03 
11, 1.909412E-08 
8, 6.467669E-05 
11, 2.219365E-08 
7, 2.710335E-04 
7, 1.556392E-04 
11, 1.908503E-08 
11, 1.903645E-08 
7, 1.996549E-04 
7, 1.977701E-04 
3, 8.894935E-04 
1, 9.211302E-05 
7, 3.471370E-04 
10, 2.750546E-06 
1, 1.207673E-04 
3, 1.115985E-03 
10, 1.815689E-06 
5, 1.160780E-03 
4, 9.955154E-04 
2, 5.028776E-04 
11, 1.209880E-08 
4, 1.528634E-03 
7, 2.578957E-04 
4, 1.010152E-03 
7, 2.152130E-04 
8, 1.011356E-04 
3, 1.175845E-03 
1, 8.610524E-05 
6, 5.393776E-04 
6, 5.209593E-04 
9, 1.314351E-05 
8, 4.322905E-05 
10, 1.757297E-06 
3, 4.373915E-04 
5, 9.650336E-04 
6, 6.103430E-04 
11, 1.821622E-08 
2, 4.399675E-04 
11, 1.623251E-08 
8, 1.216002E-04 
3, 1.248148E-03 
10, 1.914508E-06 
4, 1.336915E-03 
7, 1.634265E-04 
11, 1.464921E-08 
5, 8.648880E-04 
8, 5.332152E-05 
11, 1.642590E-08 
1, 1.435469E-04 
9, 1.289746E-05 
11, 1.014506E-07 
9, 9.118352E-06 
1, 1.329119E-04 
1, 7.907247E-05 
1, 7.830960E-05 
2, 1.074272E-04 
1, 7.907247E-05 
1, 7.801244E-05 
1, 9.329473E-05 
11, 2.286249E-07 
11, 2.286249E-07 
11, 2.286249E-07 
1, 4.294428E-04 
1, 1.329119E-04 
1, 1.074272E-04 
1, 7.705672E-05 
1, 7.694346E-05 
1, 7.465308E-05 
1, 7.402560E-05 
5, 8.372649E-04 
9, 3.230014E-05 
9, 2.839506E-05 
8, 2.705061E-05 
9, 2.100910E-05 
9, 2.086030E-05 
9, 1.644434E-05 
