3, 1.210658E-03 
5, 5.798125E-04 
1, 5.079421E-04 
5, 6.591239E-04 
2, 1.254683E-03 
4, 1.487583E-03 
5, 3.792432E-04 
5, 5.453681E-04 
6, 1.363566E-04 
3, 1.293343E-03 
6, 1.352082E-04 
1, 3.594932E-04 
8, 1.658872E-06 
2, 9.216767E-04 
7, 1.201961E-05 
2, 1.056209E-03 
5, 4.198539E-04 
6, 3.189719E-04 
4, 1.243162E-03 
4, 1.260632E-03 
5, 3.696181E-04 
3, 1.123053E-03 
5, 2.249694E-04 
2, 1.049782E-03 
2, 9.059353E-04 
6, 1.952308E-04 
4, 9.391028E-04 
6, 1.973732E-04 
4, 1.057100E-03 
1, 3.577288E-04 
6, 1.529906E-04 
6, 1.736654E-04 
2, 7.570774E-04 
1, 3.344483E-04 
3, 1.785015E-03 
4, 1.241587E-03 
6, 1.455000E-04 
3, 1.752187E-03 
4, 6.105442E-04 
7, 7.339649E-06 
3, 1.751193E-03 
2, 1.233594E-03 
6, 3.717808E-05 
7, 2.880618E-05 
7, 2.834908E-05 
2, 1.182682E-03 
2, 8.679234E-04 
1, 3.146827E-04 
6, 2.166661E-04 
4, 1.038508E-03 
8, 1.278277E-06 
8, 1.552102E-06 
8, 9.715926E-07 
3, 1.244880E-03 
7, 7.363990E-06 
5, 4.657920E-04 
1, 4.703235E-04 
6, 1.711048E-04 
8, 1.772155E-06 
5, 5.896940E-04 
1, 5.412864E-04 
1, 5.302081E-04 
4, 1.174802E-03 
2, 1.129852E-03 
1, 3.324881E-04 
7, 8.805055E-06 
7, 9.349200E-06 
7, 2.525994E-06 
7, 2.749911E-05 
6, 1.557957E-04 
1, 3.987727E-04 
7, 3.709650E-05 
2, 1.013657E-03 
5, 5.464224E-04 
3, 1.844475E-03 
3, 1.311465E-03 
4, 1.054208E-03 
3, 1.714718E-03 
1, 3.859951E-04 
3, 1.010437E-03 
5, 2.738239E-04 
4, 9.968260E-04 
1, 3.496403E-04 
4, 1.206912E-03 
7, 3.757189E-05 
7, 2.049310E-05 
6, 1.465113E-04 
3, 1.219521E-03 
2, 1.003844E-03 
3, 1.852190E-03 
5, 6.495700E-04 
3, 1.771553E-03 
2, 1.188685E-03 
8, 1.469994E-06 
8, 1.424828E-06 
4, 1.131361E-03 
8, 1.431514E-06 
4, 1.030000E-03 
5, 5.372560E-04 
6, 2.199128E-04 
5, 3.939252E-04 
1, 3.377156E-04 
3, 1.035444E-03 
4, 9.651476E-04 
1, 3.787988E-04 
4, 9.753565E-04 
7, 2.138672E-05 
2, 1.208828E-03 
7, 1.589803E-05 
7, 2.154911E-05 
8, 9.292946E-07 
6, 2.459655E-04 
3, 1.693928E-03 
7, 2.272825E-05 
6, 1.377881E-04 
5, 5.206887E-04 
8, 1.083612E-06 
1, 4.183584E-04 
1, 5.704544E-04 
2, 1.088664E-03 
5, 5.350158E-04 
4, 1.177448E-03 
6, 2.618989E-04 
6, 1.854059E-04 
6, 2.299094E-04 
1, 4.872177E-04 
2, 9.059353E-04 
2, 1.031428E-03 
1, 3.705702E-04 
8, 1.252739E-06 
5, 5.153020E-04 
5, 5.524354E-04 
2, 1.256499E-03 
7, 9.830325E-06 
5, 4.582451E-04 
4, 1.630346E-03 
2, 1.152260E-03 
6, 1.694451E-04 
7, 2.891049E-05 
1, 4.647893E-04 
2, 1.296695E-03 
4, 1.297524E-03 
6, 2.126878E-04 
5, 3.855996E-04 
7, 5.667840E-05 
5, 6.720278E-04 
1, 5.036820E-04 
5, 4.869201E-04 
2, 1.029748E-03 
1, 4.861616E-04 
5, 1.439722E-04 
8, 9.613773E-07 
6, 1.701265E-04 
6, 1.718701E-04 
3, 1.565318E-03 
8, 1.086181E-06 
7, 3.320432E-05 
7, 2.161008E-06 
1, 3.284745E-04 
7, 4.388796E-05 
4, 1.193710E-03 
8, 1.567637E-06 
7, 2.327229E-05 
2, 1.021721E-03 
3, 1.489493E-03 
2, 1.257753E-03 
1, 3.500072E-04 
7, 1.602942E-06 
8, 1.219976E-06 
7, 3.717808E-05 
2, 9.873551E-04 
1, 3.326689E-04 
4, 1.005194E-03 
1, 3.141372E-04 
7, 1.797896E-05 
6, 2.277943E-04 
4, 1.387830E-03 
1, 4.746050E-04 
3, 1.485003E-03 
1, 3.182722E-04 
1, 4.300506E-04 
4, 8.543535E-04 
2, 1.180800E-03 
5, 7.333718E-04 
1, 4.387996E-04 
6, 1.448428E-04 
5, 6.621121E-04 
2, 1.143910E-03 
2, 1.182606E-03 
5, 2.608217E-04 
4, 1.322354E-03 
8, 1.017418E-06 
3, 1.136654E-03 
6, 1.319550E-04 
8, 1.341555E-06 
5, 4.591380E-04 
2, 1.240122E-03 
5, 6.837399E-04 
5, 5.348884E-04 
6, 5.669985E-05 
7, 1.823483E-06 
7, 1.965653E-05 
2, 1.148747E-03 
2, 8.289735E-04 
6, 1.317255E-04 
1, 5.307686E-04 
8, 1.012173E-06 
3, 1.403525E-03 
6, 1.323263E-04 
3, 1.662574E-03 
6, 2.459261E-04 
7, 2.399555E-05 
5, 4.976396E-04 
5, 3.936307E-04 
1, 5.406408E-04 
4, 1.030828E-03 
6, 1.479967E-04 
8, 1.275850E-06 
4, 1.229273E-03 
2, 1.045751E-03 
3, 1.555613E-03 
6, 1.500601E-04 
2, 1.227443E-03 
2, 1.142535E-03 
6, 4.989155E-05 
4, 1.173581E-03 
1, 3.718540E-04 
4, 1.605864E-03 
5, 5.768592E-04 
2, 1.168506E-03 
2, 1.140929E-03 
8, 9.835981E-07 
3, 1.702215E-03 
2, 5.974005E-04 
6, 1.850455E-04 
7, 1.589766E-05 
4, 1.038878E-03 
6, 1.332747E-04 
8, 1.040904E-06 
6, 1.587103E-04 
1, 5.793552E-04 
5, 6.391474E-04 
1, 3.909218E-04 
6, 1.368676E-04 
4, 1.005194E-03 
4, 1.027161E-03 
1, 3.219136E-04 
8, 1.256345E-06 
5, 6.608927E-04 
5, 6.753935E-04 
3, 1.905901E-03 
8, 1.360424E-06 
6, 1.545294E-04 
4, 1.082505E-03 
2, 1.265915E-03 
8, 1.466324E-06 
3, 1.441657E-03 
5, 5.540554E-04 
7, 6.021388E-05 
4, 1.316470E-03 
1, 3.672256E-04 
4, 1.453002E-03 
5, 6.093573E-04 
5, 6.046066E-04 
8, 1.341555E-06 
1, 4.175559E-04 
4, 1.285946E-03 
6, 2.979726E-04 
6, 1.773628E-04 
2, 1.186529E-03 
7, 2.829643E-05 
6, 1.462155E-04 
1, 3.514687E-04 
5, 3.987567E-04 
8, 1.105593E-06 
8, 1.416375E-06 
4, 1.016203E-03 
6, 1.822350E-04 
5, 5.668064E-04 
4, 1.034970E-03 
5, 6.723291E-04 
7, 1.754086E-05 
3, 1.275654E-03 
8, 1.325018E-06 
7, 1.566631E-05 
8, 1.133356E-06 
3, 1.732017E-03 
1, 4.215706E-04 
3, 1.411307E-03 
6, 1.359834E-04 
3, 1.368784E-03 
8, 1.492938E-06 
7, 4.762318E-05 
1, 4.498557E-04 
8, 1.164581E-06 
8, 1.495898E-06 
3, 1.300381E-03 
8, 1.409573E-06 
4, 1.043314E-03 
4, 1.322292E-03 
1, 3.450898E-04 
6, 1.687675E-04 
6, 2.916986E-04 
3, 1.926607E-03 
8, 1.435816E-06 
2, 1.469000E-03 
7, 5.441110E-06 
1, 3.496403E-04 
7, 6.079978E-06 
4, 1.293993E-03 
6, 2.770459E-04 
5, 4.928012E-04 
7, 4.160136E-05 
8, 1.303842E-06 
3, 1.159961E-03 
3, 1.399623E-03 
1, 3.146827E-04 
8, 9.140707E-07 
8, 1.274982E-06 
5, 5.264976E-04 
1, 5.448146E-04 
5, 5.968006E-04 
5, 6.407220E-04 
3, 1.236588E-03 
2, 1.144470E-03 
2, 1.207357E-03 
3, 1.632127E-03 
5, 5.552796E-04 
8, 1.309014E-06 
4, 1.461458E-03 
7, 3.457421E-05 
1, 4.574106E-04 
7, 3.119872E-05 
2, 1.358906E-03 
2, 1.300306E-03 
1, 4.707213E-04 
7, 2.948818E-05 
6, 3.285177E-04 
8, 1.429224E-06 
8, 1.163819E-06 
8, 9.292946E-07 
7, 8.386241E-06 
2, 1.223759E-03 
2, 1.057523E-03 
8, 9.613773E-07 
2, 9.864827E-04 
3, 9.916426E-04 
4, 1.162017E-03 
3, 1.831138E-03 
8, 1.466324E-06 
8, 1.079478E-06 
4, 1.187383E-03 
6, 3.189719E-04 
8, 9.117414E-07 
2, 1.148361E-03 
1, 1.189980E-03 
2, 1.216928E-03 
1, 3.705702E-04 
1, 5.660990E-04 
4, 1.195766E-03 
5, 3.968651E-04 
5, 5.640186E-04 
8, 1.593958E-06 
7, 3.709650E-05 
7, 4.697648E-05 
5, 6.490477E-04 
3, 1.220724E-03 
6, 1.480831E-04 
7, 1.507088E-04 
8, 1.429224E-06 
3, 1.677155E-03 
7, 2.272825E-05 
7, 5.464954E-06 
7, 2.665239E-05 
5, 2.847767E-04 
5, 3.967355E-04 
2, 1.266957E-03 
2, 1.295909E-03 
5, 3.491874E-04 
7, 2.233550E-05 
8, 1.315445E-06 
3, 1.464147E-03 
4, 1.487561E-03 
7, 2.315917E-05 
1, 4.510820E-04 
1, 6.136350E-04 
7, 6.221952E-06 
6, 1.512692E-04 
1, 4.554055E-04 
5, 5.765594E-04 
3, 1.264918E-03 
1, 5.399463E-04 
2, 1.254734E-03 
3, 1.766602E-03 
6, 1.961216E-04 
6, 2.327477E-04 
8, 2.540882E-06 
6, 2.750195E-04 
8, 1.600425E-06 
7, 5.557403E-05 
7, 2.768405E-05 
5, 5.988145E-04 
1, 4.675268E-04 
8, 1.222102E-06 
5, 5.377872E-04 
7, 1.312223E-06 
6, 2.271446E-04 
3, 1.889933E-03 
5, 2.979726E-04 
8, 1.413464E-06 
4, 1.331076E-03 
1, 4.300506E-04 
6, 1.402337E-04 
5, 5.394186E-04 
3, 1.918905E-03 
3, 1.255501E-03 
2, 9.635002E-04 
8, 1.415435E-06 
1, 4.420193E-04 
5, 6.489872E-04 
4, 1.448702E-03 
5, 3.911012E-04 
7, 1.658872E-06 
1, 5.239930E-04 
5, 6.379437E-04 
8, 1.233419E-06 
2, 9.920645E-04 
2, 1.210848E-03 
1, 4.872177E-04 
6, 2.050616E-04 
2, 9.756038E-04 
4, 1.466169E-03 
2, 9.660740E-04 
6, 1.359834E-04 
1, 5.837360E-04 
6, 9.118416E-06 
4, 1.034542E-03 
4, 1.476323E-03 
5, 6.172175E-04 
2, 1.250889E-03 
8, 1.233584E-06 
4, 1.429664E-03 
8, 9.366682E-07 
3, 1.241546E-03 
8, 1.759618E-06 
3, 1.370184E-03 
4, 1.057712E-03 
3, 1.791756E-03 
1, 3.098519E-04 
3, 1.171539E-03 
2, 1.244880E-03 
5, 3.789028E-04 
6, 3.421795E-04 
3, 1.326513E-03 
8, 1.310892E-06 
1, 4.865112E-04 
1, 3.430493E-04 
5, 5.716476E-04 
2, 1.078315E-03 
7, 2.083730E-05 
7, 3.487040E-05 
7, 1.535468E-05 
6, 1.775201E-04 
6, 1.943641E-04 
1, 4.359258E-04 
6, 1.370274E-04 
3, 1.895207E-03 
6, 2.089597E-04 
8, 1.446002E-06 
2, 9.909641E-04 
8, 1.340446E-06 
3, 1.375172E-03 
7, 2.636651E-05 
3, 1.222139E-03 
5, 3.454108E-04 
8, 1.436437E-06 
8, 1.426497E-06 
1, 9.078893E-04 
6, 1.655023E-04 
4, 1.071115E-03 
3, 1.748306E-03 
4, 1.266639E-03 
8, 1.524094E-06 
1, 5.123182E-04 
1, 3.723418E-04 
8, 1.222102E-06 
8, 1.178847E-06 
4, 1.111634E-03 
1, 3.569459E-04 
8, 1.528106E-06 
2, 1.234271E-03 
3, 1.324051E-03 
1, 3.368457E-04 
2, 1.287963E-03 
1, 3.496403E-04 
6, 1.419664E-04 
3, 1.004284E-03 
2, 1.246850E-03 
7, 3.562470E-05 
6, 1.960139E-04 
2, 1.270542E-03 
8, 1.185462E-06 
4, 1.019021E-03 
4, 1.038477E-03 
4, 1.260818E-03 
8, 1.052612E-06 
5, 5.336402E-04 
6, 2.047160E-04 
4, 1.175095E-03 
7, 5.530136E-06 
4, 1.273370E-03 
3, 1.339995E-03 
7, 3.745641E-05 
7, 2.574163E-06 
3, 1.412381E-03 
5, 5.655308E-04 
6, 2.299094E-04 
6, 2.825783E-04 
7, 2.790899E-05 
7, 4.857319E-05 
3, 1.272432E-03 
8, 1.684841E-06 
3, 1.252355E-03 
8, 1.623702E-06 
5, 1.820404E-04 
2, 1.250327E-03 
7, 2.737498E-06 
1, 4.089430E-04 
2, 9.728427E-04 
8, 1.576918E-06 
8, 1.642477E-06 
3, 1.574430E-03 
1, 6.136350E-04 
5, 5.581464E-04 
7, 2.815710E-05 
5, 5.738611E-04 
6, 1.421549E-04 
6, 1.538510E-04 
8, 1.079971E-06 
4, 6.105442E-04 
7, 2.322295E-05 
4, 1.275601E-03 
6, 2.571862E-04 
8, 1.714932E-06 
5, 3.677385E-04 
5, 5.074947E-04 
7, 3.150913E-05 
7, 3.572405E-05 
5, 5.780756E-04 
4, 1.490219E-03 
6, 2.930535E-04 
2, 1.263854E-03 
8, 1.358326E-06 
1, 5.381924E-04 
2, 1.210658E-03 
5, 5.895336E-04 
4, 1.019827E-03 
2, 1.195683E-03 
2, 1.050824E-03 
7, 4.514664E-05 
3, 1.202213E-03 
1, 5.480614E-04 
6, 3.437403E-04 
2, 1.129277E-03 
3, 1.421490E-03 
1, 3.260036E-04 
3, 1.751894E-03 
2, 1.265717E-03 
3, 1.136654E-03 
5, 4.536864E-04 
2, 1.272918E-03 
2, 1.167911E-03 
3, 1.434771E-03 
1, 5.151829E-04 
3, 1.357597E-03 
6, 1.927604E-04 
3, 1.211726E-03 
1, 3.098519E-04 
7, 3.295217E-05 
1, 5.853599E-04 
6, 3.421795E-04 
6, 3.169550E-04 
2, 1.235538E-03 
7, 1.623077E-05 
1, 4.705927E-04 
8, 1.655829E-06 
5, 6.284260E-04 
8, 1.140152E-06 
4, 1.486128E-03 
8, 1.193631E-06 
6, 1.822350E-04 
6, 1.660356E-04 
1, 3.870736E-04 
5, 5.344308E-04 
8, 1.079478E-06 
5, 6.250772E-04 
8, 1.290272E-06 
3, 1.019827E-03 
2, 1.163325E-03 
3, 1.939253E-03 
6, 1.500393E-04 
5, 6.597706E-04 
7, 2.988631E-05 
1, 4.969268E-04 
4, 1.419699E-03 
3, 1.426360E-03 
6, 2.615837E-04 
5, 5.632720E-04 
8, 1.193631E-06 
6, 1.332906E-04 
3, 1.235011E-03 
8, 1.252739E-06 
1, 6.049937E-04 
1, 3.500072E-04 
4, 1.083647E-03 
6, 2.274231E-04 
5, 5.740812E-04 
1, 3.482459E-04 
4, 1.223888E-03 
7, 2.616595E-05 
6, 1.876969E-04 
5, 6.536643E-04 
1, 4.470892E-04 
4, 1.195663E-03 
2, 1.036595E-03 
6, 2.459655E-04 
5, 3.630457E-04 
6, 1.605491E-04 
1, 5.331330E-04 
1, 3.576626E-04 
1, 4.396120E-04 
7, 5.137874E-05 
2, 1.286354E-03 
5, 5.189033E-04 
3, 1.318293E-03 
3, 1.288271E-03 
5, 5.152198E-04 
8, 9.366682E-07 
1, 4.348433E-04 
7, 6.136639E-06 
5, 1.727220E-04 
3, 1.492467E-03 
2, 1.254599E-03 
8, 1.420833E-06 
8, 1.639258E-06 
3, 1.226581E-03 
4, 1.429186E-03 
5, 6.157576E-04 
7, 9.644905E-06 
7, 3.683828E-05 
6, 1.400971E-04 
3, 1.224311E-03 
5, 5.509610E-04 
8, 9.366682E-07 
2, 1.272772E-03 
7, 6.347148E-06 
3, 1.242224E-03 
8, 1.520572E-06 
6, 1.360920E-04 
3, 1.281078E-03 
3, 1.782980E-03 
8, 1.093315E-06 
1, 5.231006E-04 
5, 3.509303E-04 
1, 3.264919E-04 
7, 3.038470E-06 
1, 5.109473E-04 
1, 3.351868E-04 
1, 3.114728E-04 
6, 2.272973E-04 
7, 4.856473E-05 
6, 2.315315E-04 
8, 9.613773E-07 
2, 1.279764E-03 
3, 1.004284E-03 
2, 1.259794E-03 
6, 8.561871E-05 
1, 3.658999E-04 
6, 1.522972E-04 
6, 2.748806E-04 
7, 4.733651E-05 
6, 2.596342E-04 
3, 1.471780E-03 
3, 1.438764E-03 
7, 2.786283E-05 
6, 1.518975E-04 
2, 1.088738E-03 
8, 9.366682E-07 
2, 9.795706E-04 
2, 1.009179E-03 
5, 5.456788E-04 
5, 3.789028E-04 
3, 1.911628E-03 
4, 1.185718E-03 
2, 1.180883E-03 
6, 1.718701E-04 
4, 1.447911E-03 
7, 1.602083E-05 
1, 3.438944E-04 
5, 6.095656E-04 
1, 3.718540E-04 
6, 2.179671E-04 
4, 1.434025E-03 
6, 1.368709E-04 
8, 1.035659E-06 
6, 1.809996E-04 
4, 1.008835E-03 
3, 1.341012E-03 
2, 8.582265E-04 
4, 1.444293E-03 
8, 9.613773E-07 
3, 1.842547E-03 
6, 1.882958E-04 
6, 1.389947E-04 
1, 3.705702E-04 
5, 3.524657E-04 
6, 1.802912E-04 
3, 1.435957E-03 
5, 5.450366E-04 
8, 1.413361E-06 
5, 3.524657E-04 
2, 8.137828E-04 
6, 1.585005E-04 
2, 1.011002E-03 
7, 3.054871E-05 
4, 1.479121E-03 
6, 1.333412E-04 
7, 2.754229E-05 
4, 1.006808E-03 
1, 4.161386E-04 
3, 1.536390E-03 
1, 3.520071E-04 
2, 1.003926E-03 
8, 1.672762E-06 
8, 9.330994E-07 
4, 1.059934E-03 
8, 1.655829E-06 
3, 1.373131E-03 
4, 1.410148E-03 
2, 8.954197E-04 
2, 1.199070E-03 
2, 1.059282E-03 
4, 1.044780E-03 
2, 1.262777E-03 
4, 1.315806E-03 
3, 9.977953E-04 
5, 5.866315E-04 
1, 3.683412E-04 
7, 3.119872E-05 
4, 1.244743E-03 
7, 2.641368E-06 
2, 1.340725E-03 
8, 1.477826E-06 
4, 1.040719E-03 
4, 1.193068E-03 
7, 6.279311E-06 
7, 1.722353E-05 
7, 1.178919E-04 
8, 1.436024E-06 
3, 1.496007E-03 
8, 1.524094E-06 
4, 1.131166E-03 
8, 1.000520E-06 
3, 1.275342E-03 
4, 1.286721E-03 
5, 3.563651E-04 
5, 5.471641E-04 
3, 1.266957E-03 
4, 1.337346E-03 
2, 1.158759E-03 
3, 9.916426E-04 
2, 1.207555E-03 
6, 2.916986E-04 
2, 8.779393E-04 
4, 1.272432E-03 
4, 1.412945E-03 
3, 1.722707E-03 
4, 1.076060E-03 
4, 1.030828E-03 
8, 1.086895E-06 
5, 6.732236E-04 
1, 3.902098E-04 
3, 1.864562E-03 
1, 3.388816E-04 
2, 1.098042E-03 
6, 1.540185E-04 
1, 4.853419E-04 
2, 1.213348E-03 
6, 2.050616E-04 
2, 1.179401E-03 
7, 8.251415E-06 
4, 1.262385E-03 
3, 1.258991E-03 
1, 5.171816E-04 
1, 3.902058E-04 
8, 9.140707E-07 
8, 9.117414E-07 
1, 5.983872E-04 
5, 6.126850E-04 
2, 1.056550E-03 
1, 5.193835E-04 
4, 1.120765E-03 
3, 1.163171E-03 
4, 4.578578E-04 
6, 2.627856E-04 
3, 1.104295E-03 
2, 1.026818E-03 
5, 6.250772E-04 
5, 6.310477E-04 
6, 2.376527E-04 
5, 4.606253E-04 
4, 1.359672E-03 
3, 1.767194E-03 
5, 7.696041E-04 
2, 1.219231E-03 
4, 1.268696E-03 
5, 1.226143E-03 
7, 4.697648E-05 
2, 1.013586E-03 
3, 1.837087E-03 
5, 5.067589E-04 
5, 5.310393E-04 
7, 2.478778E-05 
3, 1.496568E-03 
8, 1.360424E-06 
3, 1.894936E-03 
4, 1.190918E-03 
2, 9.978676E-04 
5, 5.988145E-04 
3, 1.210427E-03 
4, 1.498402E-03 
6, 1.456750E-04 
6, 2.104582E-04 
3, 1.779383E-03 
7, 2.478778E-05 
4, 1.122023E-03 
2, 1.137118E-03 
1, 3.777248E-04 
8, 1.340446E-06 
3, 1.565249E-03 
1, 5.127708E-04 
7, 2.158830E-05 
3, 1.351663E-03 
4, 1.241864E-03 
2, 1.153966E-03 
8, 1.653628E-06 
8, 1.435816E-06 
5, 5.522689E-04 
4, 1.367123E-03 
2, 1.206177E-03 
8, 1.319138E-06 
5, 5.269651E-04 
6, 3.457421E-05 
3, 1.842946E-03 
1, 3.558593E-04 
7, 1.342943E-06 
4, 1.316498E-03 
2, 9.870168E-04 
1, 4.114841E-04 
5, 6.366757E-04 
8, 1.233584E-06 
7, 3.572405E-05 
2, 1.226824E-03 
3, 1.919090E-03 
7, 2.741053E-05 
3, 1.032437E-03 
1, 3.898032E-04 
4, 1.958755E-03 
1, 4.131032E-04 
4, 1.158236E-03 
1, 5.442061E-04 
7, 2.375325E-05 
1, 5.977245E-04 
3, 1.598848E-03 
5, 6.857056E-04 
1, 6.012334E-04 
3, 1.499303E-03 
3, 1.199363E-03 
2, 1.319496E-03 
6, 1.677255E-04 
7, 9.395295E-05 
4, 7.191699E-04 
6, 1.356850E-04 
6, 1.668913E-04 
1, 3.577288E-04 
2, 1.184817E-03 
6, 1.983677E-04 
4, 1.076860E-03 
7, 4.065726E-05 
6, 1.873473E-04 
7, 6.519470E-06 
8, 1.017418E-06 
5, 6.720278E-04 
3, 1.599959E-03 
2, 1.258250E-03 
5, 7.859714E-04 
3, 1.432823E-03 
2, 1.269447E-03 
8, 1.041772E-06 
4, 1.246117E-03 
8, 1.233419E-06 
4, 1.107389E-03 
5, 5.527612E-04 
3, 1.329857E-03 
5, 5.666454E-04 
7, 5.137874E-05 
1, 3.136096E-04 
5, 5.440596E-04 
1, 3.580317E-04 
4, 1.470927E-03 
1, 4.339413E-04 
5, 5.622895E-04 
4, 1.051678E-03 
8, 1.312223E-06 
2, 1.034496E-03 
8, 1.263852E-06 
4, 1.236140E-03 
5, 3.625003E-04 
2, 9.632219E-04 
7, 3.212722E-05 
3, 1.171539E-03 
7, 1.047979E-05 
5, 2.843244E-04 
1, 5.106340E-04 
7, 5.766135E-06 
5, 4.582451E-04 
1, 4.234484E-04 
7, 1.585401E-06 
3, 1.424044E-03 
4, 1.045005E-03 
7, 3.150913E-05 
7, 1.318913E-06 
7, 1.753537E-05 
8, 1.041772E-06 
8, 1.086181E-06 
7, 3.200580E-05 
6, 2.499260E-04 
8, 1.041772E-06 
8, 1.363148E-06 
2, 1.008084E-03 
8, 1.450246E-06 
6, 1.389739E-04 
5, 6.319856E-04 
1, 5.790877E-04 
6, 1.526429E-04 
6, 1.937883E-04 
8, 1.430269E-06 
8, 1.487527E-06 
3, 1.351687E-03 
6, 1.715218E-04 
1, 3.264919E-04 
8, 1.143725E-06 
8, 1.477826E-06 
2, 9.903839E-04 
7, 1.355424E-04 
3, 1.500104E-03 
4, 1.024270E-03 
7, 3.530814E-05 
6, 2.042279E-04 
8, 1.041772E-06 
3, 1.203577E-03 
3, 1.323142E-03 
8, 1.136798E-06 
4, 1.317456E-03 
8, 1.737586E-06 
4, 1.692135E-03 
4, 1.025225E-03 
7, 8.397372E-05 
5, 3.542439E-04 
7, 5.131027E-05 
5, 5.540554E-04 
8, 1.076471E-06 
4, 1.124794E-03 
5, 4.955688E-04 
4, 1.256655E-03 
2, 1.173875E-03 
8, 1.418621E-06 
4, 1.021195E-03 
4, 3.848021E-04 
5, 6.170475E-04 
5, 6.038963E-04 
7, 7.179481E-06 
8, 1.061406E-06 
8, 1.095649E-06 
6, 2.204954E-04 
7, 1.877968E-05 
6, 1.709106E-04 
2, 1.150644E-03 
5, 4.575761E-04 
6, 1.807894E-04 
2, 1.217343E-03 
5, 4.462713E-04 
7, 3.043285E-05 
3, 1.561951E-03 
7, 2.170543E-05 
5, 5.532012E-04 
5, 5.395551E-04 
2, 1.281078E-03 
3, 1.205907E-03 
1, 5.394893E-04 
5, 6.242063E-04 
3, 1.206899E-03 
7, 2.142053E-05 
2, 7.818436E-04 
1, 3.138734E-04 
5, 6.303051E-04 
2, 1.237934E-03 
6, 2.004891E-04 
7, 2.067977E-05 
4, 1.713603E-03 
3, 1.035444E-03 
6, 1.996575E-04 
4, 1.235943E-03 
8, 1.243161E-06 
6, 1.389701E-04 
2, 1.166554E-03 
8, 1.426497E-06 
2, 1.587702E-03 
4, 1.342920E-03 
1, 5.279882E-04 
6, 1.451264E-04 
4, 1.201864E-03 
5, 6.376300E-04 
4, 1.446527E-03 
5, 5.687971E-04 
4, 1.224445E-03 
7, 5.667840E-05 
3, 1.425567E-03 
5, 6.878217E-04 
8, 1.079478E-06 
3, 1.293091E-03 
7, 2.539260E-05 
3, 1.736764E-03 
5, 4.312707E-04 
3, 1.241869E-03 
7, 2.278968E-05 
7, 4.631256E-05 
4, 1.126214E-03 
3, 1.943725E-03 
4, 1.318389E-03 
8, 1.059522E-06 
3, 1.275546E-03 
5, 5.283988E-04 
6, 1.701820E-04 
2, 1.282768E-03 
6, 1.834343E-04 
6, 1.707545E-04 
7, 4.631256E-05 
7, 2.754229E-05 
8, 1.201635E-06 
2, 1.068279E-03 
5, 4.490300E-04 
6, 1.565130E-04 
6, 1.428538E-04 
4, 1.399940E-03 
7, 5.736065E-06 
3, 1.206899E-03 
5, 6.019859E-04 
2, 1.263111E-03 
6, 1.643743E-04 
1, 4.168073E-04 
3, 1.037702E-03 
3, 1.272030E-03 
8, 1.093315E-06 
4, 1.113788E-03 
4, 1.307096E-03 
5, 6.723291E-04 
8, 1.360424E-06 
2, 1.148963E-03 
1, 4.983453E-04 
1, 4.707213E-04 
6, 2.367605E-04 
1, 3.580317E-04 
2, 9.660740E-04 
1, 3.134900E-04 
3, 1.273092E-03 
3, 1.632977E-03 
6, 2.182809E-04 
3, 1.722016E-03 
5, 4.160929E-04 
2, 1.186802E-03 
4, 1.300535E-03 
8, 1.507098E-06 
2, 9.933866E-04 
8, 1.783096E-06 
4, 1.654738E-03 
4, 1.409788E-03 
6, 2.546581E-04 
8, 1.252739E-06 
8, 1.177264E-06 
1, 3.543256E-04 
5, 3.491874E-04 
3, 1.238387E-03 
1, 4.744732E-04 
3, 1.886581E-03 
1, 4.393410E-04 
7, 1.552102E-06 
4, 1.413350E-03 
7, 6.201354E-05 
2, 9.926729E-04 
4, 4.695514E-04 
8, 1.800475E-06 
1, 5.581622E-04 
8, 1.135184E-06 
7, 3.659859E-05 
8, 1.431514E-06 
1, 4.229125E-04 
3, 1.508344E-03 
2, 1.194059E-03 
1, 3.513281E-04 
3, 1.191049E-03 
5, 5.780756E-04 
1, 5.139295E-04 
4, 1.740753E-03 
3, 1.511613E-03 
4, 1.201732E-03 
2, 1.251754E-03 
5, 3.509303E-04 
8, 1.243161E-06 
6, 1.375820E-04 
7, 3.737868E-05 
3, 1.199737E-03 
3, 1.916341E-03 
7, 2.430523E-06 
7, 6.027212E-06 
3, 1.331719E-03 
4, 1.401532E-03 
5, 6.641004E-04 
6, 1.389701E-04 
3, 1.824516E-03 
6, 3.526372E-04 
8, 1.027651E-06 
7, 1.829607E-05 
7, 2.669398E-05 
4, 1.095889E-03 
8, 1.479799E-06 
4, 1.304244E-03 
1, 4.212556E-04 
4, 1.452116E-03 
7, 4.359177E-05 
7, 5.878528E-06 
6, 1.408263E-04 
4, 1.314232E-03 
6, 2.261558E-04 
4, 1.443373E-03 
7, 4.578379E-05 
5, 3.019790E-04 
5, 4.073775E-04 
2, 9.845277E-04 
1, 4.424292E-04 
1, 3.316611E-04 
3, 1.294024E-03 
3, 1.433369E-03 
4, 1.315307E-03 
2, 1.289850E-03 
8, 1.658872E-06 
3, 1.256638E-03 
3, 1.131166E-03 
1, 3.326689E-04 
1, 4.060946E-04 
6, 2.109315E-04 
2, 1.105568E-03 
8, 1.367988E-06 
5, 6.336915E-04 
3, 1.863628E-03 
8, 1.759234E-06 
1, 3.705702E-04 
4, 1.506291E-03 
5, 5.134823E-04 
8, 1.061292E-06 
7, 1.417117E-06 
2, 1.086122E-03 
4, 1.104295E-03 
1, 4.020010E-04 
2, 1.253765E-03 
3, 1.689527E-03 
3, 1.201102E-03 
2, 1.160101E-03 
3, 1.163171E-03 
6, 2.001884E-04 
7, 1.737505E-05 
1, 4.719799E-04 
8, 9.559793E-07 
4, 1.486435E-03 
1, 5.123797E-04 
4, 1.422562E-03 
2, 1.038150E-03 
2, 1.028015E-03 
4, 1.214096E-03 
2, 8.400549E-04 
5, 6.672607E-04 
4, 1.023866E-03 
8, 1.167331E-06 
2, 7.460987E-04 
8, 1.233419E-06 
3, 1.428262E-03 
8, 1.367988E-06 
2, 9.563112E-04 
8, 1.372674E-06 
8, 1.357826E-06 
2, 1.008547E-03 
7, 2.203496E-05 
3, 1.694718E-03 
5, 5.408256E-04 
4, 1.096954E-03 
4, 1.458671E-03 
7, 4.689516E-05 
7, 4.127048E-05 
4, 1.338197E-03 
4, 1.240701E-03 
6, 2.750195E-04 
4, 1.398204E-03 
5, 4.063135E-04 
3, 1.820496E-03 
2, 9.108151E-04 
7, 2.739744E-05 
5, 4.153269E-04 
2, 1.197599E-03 
3, 1.506988E-03 
2, 1.145492E-03 
6, 2.199128E-04 
6, 1.452792E-04 
7, 3.230432E-05 
7, 4.388796E-05 
7, 2.397993E-05 
8, 1.647357E-06 
1, 4.906667E-04 
5, 1.290173E-03 
2, 1.273050E-03 
8, 1.061292E-06 
2, 1.218025E-03 
6, 2.079761E-04 
5, 5.826422E-04 
7, 6.788087E-06 
1, 4.961433E-04 
8, 1.308378E-06 
6, 2.738239E-04 
5, 1.507144E-03 
2, 1.030999E-03 
6, 1.635923E-04 
7, 9.083375E-06 
6, 1.374039E-04 
3, 1.497719E-03 
5, 3.868848E-04 
1, 4.093099E-04 
2, 1.159961E-03 
2, 9.213425E-04 
7, 2.332987E-05 
2, 1.250889E-03 
2, 9.884195E-04 
6, 1.337311E-04 
2, 1.131015E-03 
6, 2.211463E-04 
5, 5.368974E-04 
3, 1.565662E-03 
5, 6.419188E-04 
1, 3.558593E-04 
4, 1.109150E-03 
8, 1.094751E-06 
7, 1.886881E-05 
4, 1.308045E-03 
5, 5.436934E-04 
7, 2.404025E-06 
4, 1.217619E-03 
3, 1.868037E-03 
8, 1.366972E-06 
1, 3.341290E-04 
6, 1.804761E-04 
1, 4.650738E-04 
4, 1.505591E-03 
3, 1.907840E-03 
7, 7.938994E-06 
2, 1.022757E-03 
8, 1.528106E-06 
7, 8.190354E-06 
5, 7.191699E-04 
1, 5.704544E-04 
5, 5.030394E-04 
7, 2.764047E-05 
7, 2.539260E-05 
5, 1.311075E-03 
5, 5.245112E-04 
6, 9.735710E-05 
3, 1.476821E-03 
8, 1.581085E-06 
5, 5.590722E-04 
4, 1.040434E-03 
7, 5.957691E-06 
8, 9.330994E-07 
4, 1.130036E-03 
5, 6.055555E-04 
4, 1.308499E-03 
1, 4.497612E-04 
4, 1.412992E-03 
7, 2.770786E-05 
3, 1.699632E-03 
1, 4.532243E-04 
6, 1.400171E-04 
8, 1.446002E-06 
5, 4.852559E-04 
7, 4.578379E-05 
5, 3.491874E-04 
3, 1.717833E-03 
8, 1.305532E-06 
3, 1.298681E-03 
5, 5.641300E-04 
5, 5.074947E-04 
8, 1.040904E-06 
7, 1.731550E-05 
2, 1.235078E-03 
3, 1.198976E-03 
3, 1.479222E-03 
8, 1.233419E-06 
5, 4.141007E-04 
4, 1.240500E-03 
8, 1.177264E-06 
3, 1.486859E-03 
1, 3.501986E-04 
2, 1.135171E-03 
6, 1.881914E-04 
6, 1.452402E-04 
5, 4.063135E-04 
1, 3.114728E-04 
1, 3.182722E-04 
1, 4.688296E-04 
8, 1.052612E-06 
2, 1.271177E-03 
2, 1.151163E-03 
1, 4.572828E-04 
1, 3.134900E-04 
4, 1.199299E-03 
4, 1.494198E-03 
5, 5.658935E-04 
7, 9.521558E-06 
1, 3.500072E-04 
7, 2.539260E-05 
6, 1.937883E-04 
3, 1.919351E-03 
4, 1.433666E-03 
6, 1.415772E-04 
7, 4.689516E-05 
6, 1.820601E-04 
2, 9.635002E-04 
8, 1.035659E-06 
4, 1.186860E-03 
4, 1.040250E-03 
8, 1.678934E-06 
8, 1.600136E-06 
5, 5.441680E-04 
6, 2.338473E-04 
7, 3.157940E-05 
7, 1.254796E-05 
8, 1.716839E-06 
4, 1.817284E-03 
4, 1.440491E-03 
3, 1.169109E-03 
2, 1.208641E-03 
8, 1.555568E-06 
7, 3.717808E-05 
7, 2.688914E-05 
7, 7.031275E-06 
2, 1.199756E-03 
8, 1.552102E-06 
4, 1.008170E-03 
5, 5.793691E-04 
6, 1.320030E-04 
4, 1.230265E-03 
4, 1.043643E-03 
5, 5.891665E-04 
8, 1.075742E-06 
8, 1.590302E-06 
4, 1.115165E-03 
5, 5.532012E-04 
4, 1.421931E-03 
4, 1.401574E-03 
7, 2.049310E-05 
6, 1.541756E-04 
7, 1.163819E-06 
6, 1.405191E-04 
8, 1.116146E-06 
7, 6.177477E-06 
6, 1.387938E-04 
1, 4.861616E-04 
5, 3.644700E-04 
1, 4.144269E-04 
1, 4.012639E-04 
7, 2.354688E-05 
5, 6.203015E-04 
2, 1.157953E-03 
7, 3.530814E-05 
2, 1.181473E-03 
6, 1.927604E-04 
8, 1.283261E-06 
5, 4.825738E-04 
3, 1.437753E-03 
1, 4.999788E-04 
8, 1.719108E-06 
6, 1.223768E-04 
7, 2.198488E-05 
3, 1.538677E-03 
3, 1.037702E-03 
1, 3.543256E-04 
1, 3.226607E-04 
7, 8.927061E-05 
4, 1.042558E-03 
4, 1.349366E-03 
5, 4.809748E-04 
2, 9.684457E-04 
5, 3.756201E-04 
5, 5.959043E-04 
4, 1.056074E-03 
3, 1.206546E-03 
7, 2.742999E-05 
1, 3.219136E-04 
3, 1.880782E-03 
2, 1.268836E-03 
1, 3.912936E-04 
7, 6.684971E-06 
7, 6.938137E-06 
4, 1.310927E-03 
6, 1.370312E-04 
5, 4.430056E-04 
3, 1.560482E-03 
5, 2.014789E-04 
3, 1.366297E-03 
4, 1.120019E-03 
2, 1.279407E-03 
3, 1.793947E-03 
7, 4.770686E-05 
6, 1.315977E-04 
8, 1.163819E-06 
2, 1.169104E-03 
2, 1.250327E-03 
6, 1.356493E-04 
6, 2.315315E-04 
1, 3.575839E-04 
1, 5.856298E-04 
5, 5.969685E-04 
8, 1.135184E-06 
4, 1.310077E-03 
2, 1.186867E-03 
3, 1.899233E-03 
2, 1.066017E-03 
5, 3.677385E-04 
4, 1.256452E-03 
8, 1.027651E-06 
5, 5.030268E-04 
4, 1.377965E-03 
5, 2.748806E-04 
7, 1.552102E-06 
3, 1.838123E-03 
6, 2.573201E-04 
5, 6.327964E-04 
3, 1.459588E-03 
1, 3.226607E-04 
1, 4.844496E-04 
8, 9.559793E-07 
4, 1.352227E-03 
3, 1.472502E-03 
5, 5.815309E-04 
8, 1.079971E-06 
2, 1.216793E-03 
3, 1.327680E-03 
1, 3.368457E-04 
7, 2.291013E-05 
6, 2.908063E-04 
6, 1.676121E-04 
7, 2.449635E-05 
3, 1.217661E-03 
3, 1.365640E-03 
8, 1.301360E-06 
5, 5.483099E-04 
2, 1.015345E-03 
6, 1.450759E-04 
2, 1.059258E-03 
8, 2.398391E-06 
2, 1.134208E-03 
2, 9.563112E-04 
6, 1.960022E-04 
4, 1.477543E-03 
2, 1.167520E-03 
6, 1.591411E-04 
1, 3.619285E-04 
6, 1.540185E-04 
5, 4.112252E-04 
6, 2.168315E-04 
5, 4.909678E-04 
6, 1.368899E-04 
1, 5.004985E-04 
2, 1.156453E-03 
8, 1.315445E-06 
2, 1.192731E-03 
8, 1.027651E-06 
7, 1.628729E-06 
1, 5.009081E-04 
5, 5.977818E-04 
4, 1.231659E-03 
7, 3.076694E-05 
6, 1.774129E-04 
8, 1.418621E-06 
5, 6.672607E-04 
1, 3.316611E-04 
7, 4.833256E-06 
6, 1.536792E-04 
8, 1.729856E-06 
6, 1.518975E-04 
3, 1.236210E-03 
8, 1.303842E-06 
5, 4.372876E-04 
6, 1.729772E-04 
4, 1.417120E-03 
4, 1.253088E-03 
2, 9.872609E-04 
5, 5.509610E-04 
1, 3.407138E-04 
1, 4.174303E-04 
8, 1.012173E-06 
4, 1.881365E-03 
6, 1.389088E-04 
1, 4.590421E-04 
2, 8.289735E-04 
3, 1.333255E-03 
4, 1.081198E-03 
2, 1.214823E-03 
1, 5.332323E-04 
5, 5.948621E-04 
1, 4.428791E-04 
6, 1.699512E-04 
5, 6.878217E-04 
3, 1.326630E-03 
8, 1.059883E-06 
2, 8.743164E-04 
2, 1.436190E-03 
2, 1.187477E-03 
6, 1.635923E-04 
7, 5.961550E-06 
2, 1.270605E-03 
3, 9.977953E-04 
1, 4.568212E-04 
3, 1.800712E-03 
7, 3.486962E-05 
7, 2.464626E-05 
4, 1.111049E-03 
2, 1.122823E-03 
4, 1.419836E-03 
7, 2.004382E-05 
1, 3.532249E-04 
8, 1.604810E-06 
7, 2.639477E-05 
1, 3.569459E-04 
5, 4.063135E-04 
3, 1.760637E-03 
1, 4.818443E-04 
6, 2.432371E-04 
2, 7.588023E-04 
5, 6.653663E-04 
8, 1.143725E-06 
3, 1.446509E-03 
7, 3.230432E-05 
3, 1.336949E-03 
3, 1.439158E-03 
3, 1.248153E-03 
5, 4.825738E-04 
7, 3.043285E-05 
1, 5.983872E-04 
2, 1.189610E-03 
7, 2.327362E-05 
5, 6.053083E-04 
1, 4.785971E-04 
5, 5.567184E-04 
2, 1.341273E-03 
3, 1.275745E-03 
3, 1.494489E-03 
2, 1.224311E-03 
6, 1.681191E-04 
5, 5.951969E-04 
6, 1.329990E-04 
1, 5.253656E-04 
2, 1.105086E-03 
6, 2.502537E-04 
1, 5.581622E-04 
7, 3.974842E-05 
5, 6.674194E-04 
1, 5.223093E-04 
8, 9.835981E-07 
7, 6.196311E-05 
3, 1.081198E-03 
3, 1.109879E-03 
1, 4.659224E-04 
2, 9.233367E-04 
1, 3.138734E-04 
2, 4.477098E-04 
3, 1.032437E-03 
2, 6.191874E-04 
3, 9.916426E-04 
1, 5.974005E-04 
1, 2.238549E-04 
6, 1.983677E-04 
1, 2.238549E-04 
6, 1.820404E-04 
8, 1.342943E-06 
