17, 2.513958E-11 
3, 2.871718E-04 
15, 3.672924E-08 
8, 5.631877E-04 
16, 1.122340E-09 
5, 7.462491E-04 
3, 2.917693E-04 
3, 2.181278E-04 
8, 6.965070E-04 
4, 6.484790E-04 
3, 2.314428E-04 
16, 2.437401E-09 
8, 8.396707E-04 
18, 1.435489E-11 
1, 1.153657E-05 
10, 2.024514E-04 
7, 1.149231E-03 
7, 8.153932E-04 
11, 2.757546E-05 
16, 6.041908E-09 
10, 9.733043E-05 
10, 1.322580E-04 
2, 7.715217E-05 
15, 1.169681E-08 
16, 5.446143E-09 
5, 5.407486E-04 
18, 1.499251E-11 
5, 5.933525E-04 
7, 8.936498E-04 
13, 1.761155E-06 
15, 3.042155E-08 
4, 6.260593E-04 
6, 1.044762E-03 
13, 1.598761E-06 
14, 3.933885E-08 
11, 2.496112E-05 
13, 2.024024E-06 
16, 6.330462E-10 
5, 7.160732E-04 
3, 2.062503E-04 
2, 6.456571E-05 
18, 1.198952E-11 
16, 4.834847E-09 
13, 1.731426E-06 
1, 9.811908E-06 
4, 2.749565E-04 
14, 2.990966E-07 
7, 1.161860E-03 
13, 6.893656E-07 
3, 2.692075E-04 
9, 3.179959E-04 
4, 5.704763E-04 
1, 9.747522E-06 
17, 2.437401E-09 
6, 8.374670E-04 
13, 2.573294E-06 
12, 9.338566E-06 
15, 3.361803E-08 
10, 1.404196E-04 
5, 6.703533E-04 
3, 3.002637E-04 
17, 8.100157E-10 
15, 4.607685E-08 
12, 4.185186E-06 
11, 7.172780E-05 
7, 1.261684E-03 
16, 1.919042E-09 
18, 1.639408E-11 
11, 9.485007E-05 
5, 6.453594E-04 
15, 3.837612E-09 
16, 7.379008E-10 
11, 4.376614E-05 
17, 2.591041E-11 
4, 5.290027E-04 
2, 1.249886E-05 
4, 6.223384E-04 
15, 2.365294E-08 
2, 7.060934E-05 
18, 1.189707E-10 
11, 2.807858E-05 
14, 9.165343E-08 
5, 9.338367E-04 
12, 1.131850E-05 
10, 1.736908E-04 
15, 2.238126E-08 
5, 6.980197E-04 
6, 1.452885E-03 
13, 2.586224E-06 
4, 5.245467E-04 
8, 7.973543E-04 
13, 3.913259E-06 
15, 5.771413E-09 
1, 1.029907E-05 
13, 8.758483E-07 
9, 3.715638E-04 
6, 1.129714E-03 
13, 2.146145E-06 
10, 1.476096E-04 
14, 3.292361E-07 
14, 4.883067E-07 
18, 1.093276E-11 
7, 1.025429E-03 
3, 2.773315E-04 
7, 7.769760E-04 
7, 9.481993E-04 
1, 1.579438E-05 
16, 9.217640E-10 
4, 3.215092E-04 
3, 1.866248E-04 
8, 4.605839E-04 
14, 2.887804E-07 
8, 4.665280E-04 
17, 6.483427E-10 
15, 3.984724E-09 
8, 5.467249E-04 
6, 1.255133E-03 
2, 6.543331E-05 
16, 7.540330E-10 
14, 2.368046E-07 
14, 8.442330E-08 
5, 6.024769E-04 
16, 4.746202E-09 
11, 4.465021E-05 
11, 3.818791E-05 
17, 4.485076E-10 
2, 4.982201E-05 
15, 6.661309E-09 
3, 2.376278E-04 
11, 2.677958E-05 
4, 4.496476E-04 
9, 3.312738E-04 
5, 9.157422E-04 
5, 9.986971E-04 
2, 3.426502E-05 
8, 6.160884E-04 
9, 4.035935E-04 
9, 4.389587E-04 
3, 2.841768E-04 
5, 6.637450E-04 
3, 2.539036E-04 
5, 6.066927E-04 
18, 1.404031E-11 
2, 6.921824E-05 
4, 3.253637E-04 
5, 1.029785E-03 
4, 3.176138E-04 
2, 3.109617E-05 
12, 1.344434E-05 
8, 8.323736E-04 
12, 7.628492E-06 
3, 2.606125E-04 
2, 7.831555E-05 
8, 5.616418E-04 
8, 6.621527E-04 
17, 6.483427E-10 
1, 1.316946E-05 
13, 1.479624E-06 
13, 2.204244E-06 
15, 4.140399E-08 
3, 3.534515E-04 
12, 9.381841E-06 
13, 1.568544E-06 
11, 4.931447E-05 
1, 1.195520E-05 
5, 5.501245E-04 
2, 1.426763E-05 
16, 4.519703E-09 
2, 4.914752E-05 
7, 1.005212E-03 
6, 1.051191E-03 
9, 3.613772E-04 
10, 1.648190E-04 
1, 1.255226E-05 
6, 1.079946E-03 
4, 5.290027E-04 
11, 3.457496E-05 
9, 3.356643E-04 
1, 1.178542E-05 
10, 1.043976E-04 
13, 8.728511E-07 
3, 3.002956E-04 
10, 1.970154E-04 
14, 4.923017E-07 
3, 3.253637E-04 
11, 3.454581E-05 
10, 1.498243E-04 
13, 1.491477E-06 
10, 1.862570E-04 
2, 4.513192E-04 
13, 2.039256E-06 
15, 1.226716E-08 
8, 8.879785E-04 
8, 5.475857E-04 
13, 2.758203E-06 
12, 1.253690E-05 
18, 1.499251E-11 
18, 1.444386E-11 
15, 2.186789E-08 
15, 5.892787E-09 
14, 3.042845E-07 
5, 1.038824E-03 
2, 3.415852E-05 
5, 7.390803E-04 
13, 2.573928E-06 
7, 1.130693E-03 
10, 1.639229E-04 
18, 1.747084E-11 
16, 7.146230E-09 
1, 1.006677E-05 
16, 4.635621E-10 
8, 6.648697E-04 
18, 1.865516E-11 
11, 3.327733E-05 
18, 1.561196E-11 
12, 7.451333E-06 
4, 6.589373E-04 
16, 5.133422E-09 
12, 1.245254E-05 
10, 1.212879E-04 
10, 1.873445E-04 
7, 8.445489E-04 
2, 6.195360E-05 
12, 6.820312E-06 
1, 1.323928E-05 
18, 1.912541E-11 
12, 8.370430E-06 
13, 2.261494E-06 
1, 1.005801E-05 
11, 7.285862E-05 
4, 4.952541E-04 
9, 3.677336E-04 
14, 3.183737E-07 
6, 1.059520E-03 
15, 5.571369E-09 
11, 2.835032E-05 
4, 5.671539E-04 
1, 1.378787E-05 
3, 3.572133E-04 
9, 2.925297E-04 
7, 9.229649E-04 
2, 1.634594E-04 
15, 3.014667E-08 
8, 6.619271E-04 
16, 1.102571E-08 
6, 1.120039E-03 
13, 2.178482E-06 
9, 3.401885E-04 
7, 1.187637E-03 
15, 7.328250E-09 
3, 3.271050E-04 
14, 3.074343E-07 
13, 1.724602E-06 
9, 5.365883E-04 
4, 7.185648E-04 
7, 8.982152E-04 
7, 9.861302E-04 
10, 1.415013E-04 
7, 8.816213E-04 
12, 6.991299E-06 
9, 4.055747E-04 
5, 5.287127E-04 
16, 6.997482E-09 
17, 2.816107E-11 
9, 4.661586E-04 
10, 1.771782E-04 
4, 5.123059E-04 
13, 1.552820E-06 
16, 1.881011E-09 
9, 3.793770E-04 
18, 1.401830E-11 
17, 5.997006E-11 
10, 6.842927E-05 
5, 6.587089E-04 
8, 8.176577E-04 
4, 5.348971E-04 
13, 5.746689E-07 
8, 7.690433E-04 
13, 1.568544E-06 
17, 1.401830E-11 
18, 1.609372E-11 
15, 1.163185E-08 
17, 5.177898E-10 
15, 4.119026E-09 
11, 4.290739E-05 
8, 7.938257E-04 
9, 3.959780E-04 
18, 1.710736E-11 
4, 2.683473E-04 
18, 1.442797E-11 
14, 3.203980E-07 
15, 4.119026E-09 
1, 1.031504E-05 
7, 8.493193E-04 
16, 4.923881E-09 
10, 1.305950E-04 
6, 8.391254E-04 
14, 1.026439E-07 
13, 1.972708E-06 
9, 3.839130E-04 
1, 1.173999E-05 
3, 3.195499E-04 
9, 4.264048E-04 
13, 9.234653E-07 
12, 7.304533E-06 
14, 5.805819E-08 
10, 2.152287E-05 
13, 1.535194E-06 
12, 1.270858E-05 
6, 1.539054E-03 
4, 5.475384E-04 
16, 5.554657E-10 
9, 3.058406E-04 
8, 4.935249E-04 
9, 4.020362E-04 
17, 2.905566E-11 
10, 2.001528E-04 
15, 3.755746E-08 
11, 4.472308E-05 
18, 1.760235E-11 
7, 8.398810E-04 
2, 9.473745E-05 
14, 3.544769E-07 
8, 6.068079E-04 
10, 8.811825E-05 
15, 4.750725E-08 
6, 9.463074E-04 
1, 1.213663E-05 
1, 1.052711E-05 
5, 1.039053E-03 
8, 5.287415E-04 
12, 7.985096E-06 
10, 1.665202E-04 
10, 1.020450E-04 
12, 7.558044E-06 
3, 1.413200E-04 
15, 3.850421E-09 
10, 1.159710E-04 
2, 4.942874E-05 
1, 1.306462E-05 
5, 8.431801E-04 
2, 4.828322E-05 
5, 6.105008E-04 
12, 7.451333E-06 
16, 5.763815E-10 
17, 1.865516E-11 
10, 1.638555E-04 
5, 5.445209E-04 
11, 6.442101E-05 
3, 3.235127E-04 
11, 5.394005E-05 
7, 1.008144E-03 
8, 8.364654E-04 
14, 1.236237E-07 
9, 6.318201E-04 
17, 1.787827E-11 
12, 5.947318E-06 
13, 1.480532E-06 
18, 8.939137E-12 
2, 1.084369E-05 
14, 4.470354E-07 
12, 1.717225E-05 
2, 6.137689E-05 
2, 6.492916E-05 
16, 5.786768E-09 
7, 9.285905E-04 
13, 2.347948E-06 
8, 5.845362E-04 
8, 5.923001E-04 
14, 5.474795E-07 
7, 8.453695E-04 
15, 4.119026E-09 
9, 3.084246E-04 
9, 4.428757E-04 
14, 3.042845E-07 
3, 2.841290E-04 
1, 1.564304E-05 
15, 4.722357E-08 
7, 7.460946E-04 
6, 9.189637E-04 
8, 5.460163E-04 
13, 1.731861E-06 
8, 5.632306E-04 
8, 8.693649E-04 
2, 5.070733E-05 
13, 3.438140E-07 
13, 5.953595E-07 
11, 4.321214E-05 
18, 1.912541E-11 
18, 1.580941E-11 
1, 1.022078E-05 
10, 5.033725E-05 
4, 6.262605E-04 
14, 2.965430E-07 
3, 2.165505E-04 
16, 1.060607E-09 
18, 1.682384E-11 
12, 4.402007E-06 
7, 1.045372E-03 
4, 4.938784E-04 
9, 4.802016E-04 
13, 9.696648E-07 
17, 1.507405E-11 
4, 5.041179E-04 
4, 5.589246E-04 
18, 1.596672E-11 
13, 1.650209E-06 
12, 7.326110E-06 
2, 6.568229E-05 
9, 5.425067E-04 
1, 9.087329E-06 
17, 4.608820E-10 
2, 8.468559E-05 
11, 3.924555E-05 
9, 4.587797E-04 
13, 1.013256E-06 
4, 5.556253E-04 
9, 6.359269E-04 
16, 6.128020E-10 
10, 1.207630E-04 
8, 5.880855E-04 
2, 4.980754E-05 
15, 4.993828E-09 
2, 4.906982E-05 
15, 4.638355E-08 
5, 8.959537E-04 
12, 2.294514E-06 
17, 9.886551E-10 
18, 1.048799E-11 
9, 3.392048E-04 
17, 2.437401E-09 
13, 8.342781E-07 
7, 1.269043E-03 
7, 1.053088E-03 
3, 2.211023E-04 
11, 3.755323E-05 
18, 1.499251E-11 
17, 3.147252E-11 
4, 6.626584E-04 
17, 3.368413E-11 
18, 1.738494E-11 
8, 4.954438E-04 
12, 2.644257E-05 
3, 2.099329E-04 
8, 6.325183E-04 
1, 1.314289E-05 
5, 7.774587E-04 
16, 4.307651E-09 
3, 3.005984E-04 
11, 6.714481E-05 
2, 2.535366E-05 
3, 2.743978E-04 
6, 1.101497E-03 
10, 1.913935E-04 
13, 4.979280E-06 
9, 3.260836E-04 
10, 1.428026E-04 
12, 4.965679E-06 
5, 1.041670E-03 
11, 4.135637E-05 
13, 2.267651E-06 
8, 6.976910E-04 
10, 6.059900E-05 
12, 1.217270E-05 
6, 9.637190E-04 
17, 2.911894E-11 
11, 4.208929E-05 
12, 6.546985E-06 
3, 3.070168E-04 
5, 9.430164E-04 
14, 2.495327E-07 
1, 1.520185E-05 
3, 2.354930E-04 
6, 1.051726E-03 
3, 3.215092E-04 
3, 2.166677E-04 
14, 3.242565E-07 
13, 2.024024E-06 
15, 4.842997E-09 
1, 1.070372E-05 
8, 6.611267E-04 
13, 1.560925E-06 
15, 8.022103E-09 
12, 2.044957E-05 
15, 1.050570E-08 
17, 5.721047E-10 
13, 2.680507E-06 
8, 8.793646E-04 
12, 4.203259E-06 
9, 4.715209E-04 
15, 3.664849E-08 
13, 6.045799E-07 
17, 3.080192E-11 
12, 6.173438E-06 
10, 6.411006E-05 
17, 1.830835E-11 
5, 9.640705E-04 
3, 4.411477E-04 
11, 4.396692E-05 
17, 5.942120E-10 
1, 9.811908E-06 
14, 4.455855E-07 
2, 4.308909E-05 
10, 7.594078E-05 
12, 1.121275E-05 
3, 2.387647E-04 
9, 4.075612E-04 
12, 4.151540E-06 
5, 8.371646E-04 
5, 7.099175E-04 
8, 6.509187E-04 
10, 1.171723E-04 
7, 1.155523E-03 
9, 4.219200E-04 
1, 1.051785E-05 
4, 6.272933E-04 
7, 1.067297E-03 
8, 6.141307E-04 
5, 7.691883E-04 
2, 3.914284E-05 
9, 4.440426E-04 
13, 1.610166E-06 
15, 2.732451E-08 
15, 5.529907E-09 
12, 1.458783E-05 
14, 1.444188E-07 
17, 2.591041E-11 
7, 6.510531E-04 
3, 2.490430E-04 
16, 4.566684E-09 
5, 1.028941E-03 
16, 8.317251E-10 
12, 1.116756E-05 
11, 3.487598E-05 
17, 4.200613E-11 
13, 2.297553E-06 
11, 4.887307E-05 
18, 1.176600E-11 
10, 1.287338E-04 
14, 3.283101E-07 
17, 1.648349E-11 
18, 1.063417E-11 
13, 9.529296E-07 
6, 1.019590E-03 
16, 1.445472E-09 
9, 4.648115E-04 
3, 2.431021E-04 
1, 1.284576E-05 
7, 1.073500E-03 
16, 5.529907E-09 
1, 1.283993E-05 
2, 1.090528E-04 
10, 1.813811E-04 
13, 2.691942E-06 
2, 7.739693E-05 
2, 4.980754E-05 
8, 9.032229E-04 
4, 5.238254E-04 
2, 3.236050E-05 
5, 1.001125E-03 
8, 7.350156E-04 
1, 1.262900E-05 
10, 1.898645E-04 
7, 9.432337E-04 
7, 1.033359E-03 
14, 3.183737E-07 
12, 1.131850E-05 
1, 1.372874E-05 
2, 3.495479E-05 
17, 1.083343E-11 
2, 1.643380E-05 
18, 1.512528E-11 
14, 5.737761E-07 
2, 8.474540E-05 
17, 1.648349E-11 
8, 8.329145E-04 
1, 9.681120E-06 
12, 7.377076E-06 
4, 1.034377E-03 
11, 1.960422E-05 
10, 1.426147E-04 
5, 1.045123E-03 
12, 5.080837E-06 
5, 5.307441E-04 
17, 3.203674E-11 
9, 3.612403E-04 
11, 5.085355E-05 
12, 1.101804E-05 
9, 8.548296E-04 
13, 3.862662E-07 
8, 7.036284E-04 
3, 2.220638E-04 
16, 4.608820E-10 
3, 2.314428E-04 
2, 8.468559E-05 
17, 5.543572E-10 
4, 3.218460E-04 
15, 9.914603E-09 
10, 1.062769E-04 
17, 3.381166E-11 
10, 1.361985E-04 
14, 3.204482E-07 
15, 5.037053E-09 
4, 5.735764E-04 
13, 1.272321E-06 
10, 1.360720E-04 
6, 1.054743E-03 
5, 9.711854E-04 
4, 5.769183E-04 
15, 9.804832E-09 
1, 1.178542E-05 
6, 1.255004E-03 
17, 3.494168E-11 
6, 1.076467E-03 
12, 5.547611E-06 
4, 5.619218E-04 
15, 3.840934E-08 
4, 3.138589E-04 
5, 1.034992E-03 
7, 9.738338E-04 
9, 4.892890E-04 
12, 6.173438E-06 
6, 1.041222E-03 
12, 1.012781E-05 
8, 7.401678E-04 
13, 3.106697E-07 
11, 5.609214E-05 
13, 1.088147E-06 
11, 2.908118E-05 
8, 8.507881E-04 
18, 8.939137E-12 
18, 1.499251E-11 
16, 6.888095E-09 
7, 8.757767E-04 
14, 2.965430E-07 
9, 3.557641E-04 
3, 2.678246E-04 
3, 2.610759E-04 
13, 1.486907E-06 
10, 1.736908E-04 
17, 6.612997E-10 
3, 2.963403E-04 
5, 6.802940E-04 
18, 1.401830E-11 
16, 8.238053E-09 
4, 5.390572E-04 
14, 3.042845E-07 
14, 2.541436E-07 
4, 2.800436E-04 
15, 1.314714E-08 
18, 1.609372E-11 
6, 9.884882E-04 
3, 2.685335E-04 
6, 1.016729E-03 
4, 4.057571E-04 
1, 1.330726E-05 
5, 1.028138E-03 
3, 1.944396E-04 
13, 2.294881E-06 
8, 6.073555E-04 
6, 1.059596E-03 
6, 1.013635E-03 
10, 1.128974E-04 
1, 1.380706E-05 
16, 3.765816E-09 
7, 1.105282E-03 
2, 9.485686E-05 
10, 1.508817E-04 
5, 1.025242E-03 
10, 1.886045E-04 
10, 1.260448E-04 
6, 1.045305E-03 
10, 1.224977E-04 
14, 3.333042E-07 
18, 1.470780E-11 
15, 3.664125E-09 
8, 7.690433E-04 
12, 1.122776E-05 
10, 2.110934E-04 
7, 1.011666E-03 
2, 4.305516E-05 
15, 4.607685E-08 
14, 1.070907E-07 
12, 4.151540E-06 
8, 7.068178E-04 
15, 3.381772E-08 
4, 5.719729E-04 
9, 3.059607E-04 
4, 4.675814E-04 
4, 5.978131E-04 
10, 2.415332E-04 
4, 4.331956E-04 
10, 1.932433E-04 
8, 5.925970E-04 
6, 9.392042E-04 
14, 5.671894E-07 
10, 1.135018E-04 
9, 4.871861E-04 
3, 3.338096E-04 
2, 4.905658E-05 
15, 3.435537E-08 
17, 7.886353E-10 
3, 2.804058E-04 
11, 6.503704E-05 
18, 1.450541E-11 
13, 2.674802E-06 
1, 9.734894E-06 
12, 1.928944E-05 
1, 1.062294E-05 
14, 5.016074E-07 
2, 2.455137E-04 
3, 2.792701E-04 
7, 1.085834E-03 
1, 7.960592E-06 
3, 3.250240E-04 
1, 1.269414E-05 
8, 6.384762E-04 
3, 2.309412E-04 
9, 3.133726E-04 
14, 9.947441E-08 
18, 1.435489E-11 
14, 4.616588E-07 
12, 7.131358E-06 
2, 8.376874E-05 
18, 1.499251E-11 
3, 3.246080E-04 
14, 2.913345E-07 
15, 5.224023E-08 
5, 1.049406E-03 
13, 5.506154E-07 
12, 1.786594E-05 
4, 6.499181E-04 
7, 1.132351E-03 
14, 1.029938E-07 
14, 3.242482E-07 
12, 1.101804E-05 
6, 9.884281E-04 
13, 1.767054E-06 
16, 2.979290E-09 
16, 5.368724E-10 
9, 3.096767E-04 
6, 9.119857E-04 
18, 1.629379E-11 
13, 2.445313E-06 
13, 2.546530E-06 
8, 8.044286E-04 
17, 4.617785E-10 
6, 8.835624E-04 
9, 6.779701E-04 
16, 8.317251E-10 
18, 1.499251E-11 
5, 6.163167E-04 
11, 1.555613E-05 
18, 1.865516E-11 
5, 5.580395E-04 
9, 3.148763E-04 
12, 6.637554E-06 
10, 1.185890E-04 
15, 1.253552E-08 
10, 2.074089E-04 
12, 6.285486E-06 
6, 1.060786E-03 
1, 1.306462E-05 
2, 6.318011E-05 
15, 9.286022E-08 
7, 8.192920E-04 
10, 1.551098E-04 
12, 8.738801E-06 
9, 4.471281E-04 
8, 6.165816E-04 
2, 5.760301E-05 
18, 1.068052E-11 
2, 3.634345E-05 
5, 8.430694E-04 
13, 2.309349E-06 
5, 1.044385E-03 
4, 6.186733E-04 
13, 2.768986E-06 
11, 1.960422E-05 
13, 1.386307E-06 
14, 1.007258E-07 
6, 1.421671E-03 
15, 4.915473E-08 
18, 1.499251E-11 
6, 1.385606E-03 
11, 1.479684E-05 
13, 1.641263E-06 
3, 3.004972E-04 
6, 8.502758E-04 
2, 2.858952E-04 
9, 2.799526E-04 
3, 2.576286E-04 
9, 3.534888E-04 
15, 1.343357E-09 
12, 5.169546E-06 
9, 3.956790E-04 
8, 2.854520E-04 
11, 6.118026E-05 
13, 1.568544E-06 
15, 3.713123E-08 
10, 1.522343E-04 
15, 5.771413E-09 
17, 6.074028E-10 
4, 4.057571E-04 
8, 7.464041E-04 
13, 2.309349E-06 
7, 1.085429E-03 
14, 8.567772E-08 
7, 1.111144E-03 
4, 5.784705E-04 
6, 1.163265E-03 
11, 7.274026E-05 
14, 3.245075E-07 
3, 2.576476E-04 
11, 2.626811E-05 
10, 1.795726E-04 
4, 3.186850E-04 
18, 1.709023E-11 
14, 1.324783E-07 
9, 2.977840E-04 
3, 2.902111E-04 
3, 2.655694E-04 
9, 3.921316E-04 
17, 2.978130E-11 
16, 4.991787E-09 
17, 6.128020E-10 
3, 3.137255E-04 
16, 6.483427E-10 
17, 2.793142E-11 
15, 6.997482E-09 
3, 5.888747E-05 
17, 4.254849E-10 
7, 1.145734E-03 
4, 5.896964E-04 
11, 4.780798E-05 
11, 3.240702E-05 
9, 4.257192E-04 
5, 5.224249E-04 
11, 6.434979E-05 
2, 1.426763E-05 
12, 5.952106E-06 
17, 6.330462E-10 
8, 4.954438E-04 
11, 6.261692E-05 
10, 6.714481E-05 
16, 4.635621E-10 
6, 8.592955E-04 
6, 1.079076E-03 
7, 1.004954E-03 
12, 1.786594E-05 
11, 7.067768E-05 
17, 2.793142E-11 
3, 3.002956E-04 
12, 1.832425E-05 
14, 3.446545E-07 
9, 3.439424E-04 
5, 1.406880E-03 
1, 1.105651E-05 
1, 1.082330E-05 
9, 5.283004E-04 
4, 6.647821E-04 
18, 1.499251E-11 
7, 9.241072E-04 
16, 4.874802E-09 
13, 2.256023E-06 
2, 4.675935E-05 
12, 5.669450E-06 
6, 1.125236E-03 
6, 9.063774E-04 
14, 1.198880E-07 
3, 2.814784E-04 
9, 3.698219E-04 
2, 6.570593E-05 
17, 5.697707E-10 
3, 2.460044E-04 
18, 1.709023E-11 
9, 5.219003E-04 
7, 1.486559E-03 
7, 9.161448E-04 
7, 8.330228E-04 
10, 1.778610E-04 
10, 1.057114E-04 
1, 1.307917E-05 
12, 1.113312E-05 
1, 1.080794E-05 
4, 5.157397E-04 
2, 6.036227E-05 
15, 4.828771E-08 
13, 1.922773E-06 
9, 5.813196E-04 
6, 1.032420E-03 
4, 6.914089E-04 
12, 7.266391E-06 
4, 6.432744E-04 
8, 5.868123E-04 
4, 5.441688E-04 
4, 6.215186E-04 
13, 1.537882E-06 
15, 3.946630E-08 
17, 5.721047E-10 
11, 3.186327E-05 
5, 5.280651E-04 
18, 1.401830E-11 
18, 1.176600E-11 
2, 6.467411E-05 
10, 1.639229E-04 
11, 6.411006E-05 
8, 7.994613E-04 
16, 5.481224E-10 
6, 1.116454E-03 
6, 9.869786E-04 
16, 5.740324E-09 
1, 9.069575E-06 
13, 4.289757E-06 
13, 1.201646E-06 
16, 3.837612E-09 
8, 3.961578E-04 
7, 1.119522E-03 
11, 2.663302E-05 
1, 1.252695E-05 
14, 1.518287E-07 
13, 1.773763E-06 
1, 1.250603E-05 
8, 4.092411E-04 
3, 2.548413E-04 
17, 3.875570E-11 
15, 9.466556E-09 
13, 1.518076E-06 
10, 1.440099E-04 
17, 4.635621E-10 
11, 6.696121E-05 
16, 7.912320E-10 
15, 3.701576E-08 
16, 3.765816E-09 
5, 7.928289E-04 
2, 7.856902E-05 
7, 9.634440E-04 
1, 1.384240E-05 
15, 7.938931E-10 
6, 8.362058E-04 
15, 1.239197E-08 
14, 5.047509E-07 
2, 5.436222E-05 
13, 1.592855E-06 
6, 8.910092E-04 
8, 3.613772E-04 
13, 2.391195E-06 
7, 1.095466E-03 
5, 8.300770E-04 
8, 5.563472E-04 
4, 4.809119E-04 
12, 1.009668E-05 
1, 1.384240E-05 
7, 1.033477E-03 
10, 1.272137E-04 
9, 3.675635E-04 
15, 4.281273E-08 
11, 8.850036E-05 
17, 3.514580E-11 
8, 6.950045E-04 
7, 1.036779E-03 
15, 2.430757E-08 
3, 2.244220E-04 
2, 2.386469E-05 
15, 6.231265E-08 
12, 1.035670E-05 
17, 4.254849E-10 
14, 1.402570E-07 
16, 3.222813E-09 
17, 3.080466E-11 
4, 6.400293E-04 
3, 2.548625E-04 
10, 1.358808E-04 
13, 2.574562E-06 
4, 5.089029E-04 
2, 8.185575E-05 
17, 2.376318E-11 
17, 4.298085E-10 
16, 1.156188E-08 
13, 9.310914E-07 
5, 6.691736E-04 
14, 2.984084E-07 
9, 2.899850E-04 
15, 3.229859E-08 
1, 1.316657E-05 
11, 7.067768E-05 
13, 5.703908E-06 
6, 1.069195E-03 
13, 4.924348E-07 
7, 8.542439E-04 
8, 9.070170E-04 
18, 1.059826E-11 
17, 2.964809E-11 
10, 1.480117E-04 
3, 4.557917E-04 
13, 1.988681E-06 
11, 1.916206E-05 
8, 7.549381E-04 
17, 3.070647E-11 
14, 3.311108E-07 
15, 1.100675E-08 
5, 1.046902E-03 
14, 3.346178E-07 
8, 6.492437E-04 
4, 6.497808E-04 
8, 5.616131E-04 
15, 6.771130E-08 
12, 6.052228E-06 
6, 1.295667E-03 
16, 3.434077E-09 
6, 8.743903E-04 
10, 1.644249E-04 
18, 1.106616E-11 
1, 9.639274E-06 
12, 4.907706E-06 
4, 4.574612E-04 
16, 5.889525E-09 
10, 1.239289E-04 
2, 7.572087E-05 
7, 1.101118E-03 
8, 7.677868E-04 
9, 3.846056E-04 
5, 7.491164E-04 
6, 8.165241E-04 
15, 5.082846E-08 
17, 3.011779E-11 
13, 9.257557E-07 
9, 3.702837E-04 
1, 9.218635E-06 
18, 1.499251E-11 
3, 3.105007E-04 
6, 1.169935E-03 
17, 1.199401E-10 
7, 8.218241E-04 
10, 1.500329E-04 
5, 5.769183E-04 
10, 1.673512E-04 
7, 1.015016E-03 
13, 6.005751E-06 
2, 5.644353E-05 
5, 5.623213E-04 
11, 7.204064E-05 
9, 3.160371E-04 
1, 9.510553E-06 
14, 1.333419E-07 
8, 7.175200E-04 
18, 1.499251E-11 
6, 1.003471E-03 
8, 8.165350E-04 
14, 1.059407E-07 
1, 9.547287E-06 
3, 3.086068E-04 
5, 5.868694E-04 
6, 1.327179E-03 
3, 2.707038E-04 
4, 5.273425E-04 
14, 4.509870E-08 
1, 1.171097E-05 
4, 6.467321E-04 
17, 4.591469E-11 
8, 4.909221E-04 
3, 3.002637E-04 
14, 9.173667E-08 
1, 1.378787E-05 
6, 1.369780E-03 
17, 6.593398E-11 
15, 6.078432E-09 
13, 1.756348E-06 
11, 4.045245E-05 
15, 1.257574E-08 
1, 1.363778E-05 
10, 7.208611E-05 
5, 6.638681E-04 
9, 3.790594E-04 
2, 4.914752E-05 
16, 4.874802E-09 
4, 4.725242E-04 
15, 7.429940E-09 
15, 1.578361E-08 
6, 1.156734E-03 
1, 1.300233E-05 
16, 4.074335E-09 
1, 1.435477E-05 
2, 6.032723E-05 
5, 9.338367E-04 
12, 6.554788E-06 
9, 3.992097E-04 
6, 1.398108E-03 
16, 5.517046E-09 
8, 3.548631E-04 
14, 1.015737E-07 
5, 9.701073E-04 
16, 7.379008E-10 
10, 1.785993E-04 
8, 5.819455E-04 
16, 6.483427E-10 
15, 6.378679E-09 
17, 4.617785E-10 
11, 3.986202E-05 
8, 6.948123E-04 
14, 8.883888E-08 
5, 5.203279E-04 
5, 1.008977E-03 
7, 1.078601E-03 
10, 1.862570E-04 
16, 4.119026E-09 
14, 1.347182E-07 
8, 6.775474E-04 
18, 1.247894E-11 
10, 1.357239E-04 
12, 1.343228E-05 
15, 7.713095E-09 
1, 7.989778E-06 
4, 5.418086E-04 
9, 3.310062E-04 
10, 9.279679E-05 
4, 4.444089E-04 
14, 1.430439E-07 
6, 1.026420E-03 
2, 5.778425E-05 
17, 3.236776E-11 
11, 4.759399E-05 
15, 2.186789E-08 
16, 3.729205E-09 
6, 1.567049E-03 
8, 8.018613E-04 
14, 3.544769E-07 
6, 9.990180E-04 
4, 5.186977E-04 
17, 3.173639E-11 
9, 3.085609E-04 
16, 4.001799E-09 
16, 2.979290E-09 
5, 5.410453E-04 
1, 9.166294E-06 
4, 7.621883E-04 
12, 8.027283E-05 
16, 4.827485E-09 
7, 8.577171E-04 
12, 1.176303E-05 
3, 3.164001E-04 
3, 2.354934E-04 
9, 4.536037E-04 
1, 1.238772E-05 
10, 3.394098E-04 
3, 2.527851E-04 
3, 2.846761E-04 
5, 1.015558E-03 
13, 1.491630E-06 
9, 3.260467E-04 
11, 5.497879E-05 
14, 5.506154E-07 
15, 6.181910E-09 
15, 4.527259E-09 
16, 7.872253E-10 
5, 9.951259E-04 
8, 6.117426E-04 
18, 1.865516E-11 
9, 3.616976E-04 
17, 7.835882E-10 
13, 1.655805E-06 
12, 5.914854E-05 
10, 1.403298E-04 
5, 9.937526E-04 
4, 5.203649E-04 
6, 1.001182E-03 
12, 6.714598E-06 
11, 2.301620E-05 
14, 1.119442E-07 
12, 8.314567E-06 
17, 5.997006E-11 
10, 2.185701E-04 
10, 2.282807E-04 
16, 3.606089E-09 
3, 2.278959E-04 
7, 1.080928E-03 
4, 6.302869E-04 
12, 1.034985E-05 
8, 7.265827E-04 
18, 1.499219E-11 
2, 1.322249E-05 
2, 8.376874E-05 
13, 2.157245E-06 
11, 4.599233E-05 
5, 5.449488E-04 
14, 3.283101E-07 
14, 4.551373E-07 
1, 1.188179E-05 
13, 1.810965E-06 
7, 9.944961E-04 
18, 1.499251E-11 
3, 2.651979E-04 
13, 5.670799E-07 
2, 1.316360E-04 
16, 6.323431E-09 
6, 1.106828E-03 
2, 5.975928E-05 
4, 5.168611E-04 
5, 8.363335E-04 
17, 4.644707E-10 
13, 2.039256E-06 
7, 1.020267E-03 
12, 1.401921E-05 
6, 1.057335E-03 
3, 2.582641E-04 
17, 5.613697E-11 
15, 6.263743E-09 
18, 1.145714E-11 
11, 5.856589E-05 
18, 1.302437E-11 
12, 8.181598E-06 
9, 7.053297E-04 
3, 2.477607E-04 
10, 1.455609E-04 
11, 3.986202E-05 
16, 5.888183E-09 
17, 7.938931E-10 
18, 1.499251E-11 
2, 5.649565E-05 
17, 3.800995E-11 
15, 2.238126E-08 
7, 1.051129E-03 
8, 8.023076E-04 
18, 1.401830E-11 
17, 3.455992E-11 
15, 8.599639E-09 
13, 6.663706E-07 
14, 2.131330E-07 
11, 3.904722E-05 
1, 1.515872E-05 
8, 4.712988E-04 
16, 3.547906E-09 
10, 1.744582E-04 
10, 1.005440E-04 
8, 4.712988E-04 
11, 6.691992E-05 
9, 5.361380E-04 
15, 5.743667E-09 
15, 2.150105E-08 
3, 2.047883E-04 
6, 1.193959E-03 
9, 3.334398E-04 
7, 1.286696E-03 
13, 2.171445E-06 
13, 1.842916E-06 
3, 2.327985E-04 
13, 1.725858E-06 
9, 3.853713E-04 
14, 2.314529E-07 
15, 2.382700E-08 
10, 1.422990E-04 
13, 1.858544E-06 
7, 6.452230E-04 
7, 9.344097E-04 
6, 1.024769E-03 
8, 8.340633E-04 
17, 7.938931E-10 
5, 5.287127E-04 
5, 1.031291E-03 
10, 1.021744E-04 
18, 1.476885E-11 
4, 4.544387E-04 
8, 8.604649E-04 
6, 8.926226E-04 
6, 9.525475E-04 
8, 8.498117E-04 
1, 1.127380E-05 
9, 3.643404E-04 
4, 4.362825E-04 
8, 6.000857E-04 
1, 1.372233E-05 
6, 1.068244E-03 
9, 2.967026E-04 
7, 1.154909E-03 
8, 5.535511E-04 
11, 2.167288E-05 
2, 1.286772E-04 
18, 1.176600E-11 
18, 1.478879E-11 
18, 1.499251E-11 
11, 4.544430E-05 
4, 5.203279E-04 
5, 8.549375E-04 
2, 2.873209E-05 
11, 7.285862E-05 
3, 2.751709E-04 
2, 5.888747E-05 
6, 1.008687E-03 
9, 5.334774E-04 
10, 1.067235E-04 
4, 5.395943E-04 
5, 5.800346E-04 
6, 1.322769E-03 
12, 1.204349E-05 
15, 1.505364E-08 
9, 3.065960E-04 
14, 3.068078E-07 
14, 6.213395E-07 
11, 6.918880E-05 
8, 6.839235E-04 
1, 1.020639E-05 
6, 1.065349E-03 
18, 9.568176E-12 
9, 4.219200E-04 
9, 4.264513E-04 
16, 4.461591E-10 
2, 7.554645E-05 
16, 3.831527E-09 
3, 3.216929E-04 
16, 4.874802E-09 
1, 1.154408E-05 
10, 8.349781E-05 
17, 3.101294E-11 
8, 8.879785E-04 
5, 6.659404E-04 
1, 1.478021E-05 
11, 4.300054E-05 
14, 9.522357E-08 
8, 5.653654E-04 
13, 1.813299E-06 
11, 1.289125E-04 
8, 8.000225E-04 
3, 2.145773E-04 
1, 1.171097E-05 
12, 2.778911E-06 
1, 1.192465E-05 
18, 1.648349E-11 
5, 6.703533E-04 
9, 2.924003E-04 
14, 2.107723E-07 
9, 3.719226E-04 
14, 4.484853E-07 
12, 1.205588E-05 
18, 1.401830E-11 
12, 2.065819E-05 
6, 1.089882E-03 
18, 1.499251E-11 
13, 7.134754E-07 
8, 7.594770E-04 
3, 3.052020E-04 
8, 3.530867E-04 
11, 5.074082E-05 
6, 1.052648E-03 
1, 1.255977E-05 
4, 5.419925E-04 
7, 8.494575E-04 
1, 1.185000E-05 
9, 2.948016E-04 
8, 7.265827E-04 
4, 6.143678E-04 
18, 2.900235E-11 
12, 4.446456E-06 
11, 4.304574E-05 
6, 1.100141E-03 
12, 7.558044E-06 
2, 4.561592E-05 
6, 1.061759E-03 
2, 4.654721E-05 
8, 6.452054E-04 
18, 1.499251E-11 
15, 1.365316E-08 
11, 7.999844E-05 
3, 1.954950E-04 
3, 3.271050E-04 
6, 9.672403E-04 
4, 5.416492E-04 
7, 9.317804E-04 
15, 2.777621E-08 
10, 1.415013E-04 
14, 1.489084E-07 
6, 1.108018E-03 
10, 1.463300E-04 
5, 7.135713E-04 
4, 5.709610E-04 
17, 3.452860E-11 
11, 5.395028E-05 
4, 1.309564E-04 
10, 3.193107E-04 
11, 7.907944E-05 
11, 6.714481E-05 
3, 3.436696E-04 
2, 7.344893E-05 
7, 9.760084E-04 
14, 3.438140E-07 
18, 1.292639E-11 
7, 1.095587E-03 
10, 1.482908E-04 
6, 8.777850E-04 
18, 1.499251E-11 
12, 6.652231E-06 
3, 2.871718E-04 
5, 5.868694E-04 
2, 6.362266E-05 
10, 1.063155E-04 
9, 2.806486E-04 
2, 6.744593E-05 
10, 2.256804E-04 
7, 8.235086E-04 
8, 8.750475E-04 
12, 1.405699E-05 
9, 3.485758E-04 
3, 2.795841E-04 
17, 2.998503E-11 
5, 9.350036E-04 
7, 7.024164E-04 
11, 6.377739E-05 
3, 2.503109E-04 
17, 2.922934E-11 
6, 1.005250E-03 
12, 1.101804E-05 
5, 7.212728E-04 
1, 1.031504E-05 
10, 7.899486E-05 
3, 2.433453E-04 
9, 3.083776E-04 
9, 5.225697E-04 
18, 1.648349E-11 
2, 3.729233E-05 
4, 5.063260E-04 
8, 7.026001E-04 
11, 7.619145E-05 
2, 5.369313E-05 
5, 1.021643E-03 
11, 2.597371E-05 
18, 1.580669E-11 
14, 2.696532E-07 
18, 8.932168E-12 
3, 3.272162E-04 
12, 7.559826E-06 
13, 1.486949E-06 
7, 1.095288E-03 
1, 1.054286E-05 
3, 2.858772E-04 
4, 2.985575E-04 
10, 1.618678E-04 
4, 5.089505E-04 
18, 1.499219E-11 
10, 1.448316E-04 
3, 2.609674E-04 
12, 4.605418E-06 
4, 6.828812E-04 
7, 9.193340E-04 
8, 7.174973E-04 
11, 7.384503E-05 
15, 4.842246E-08 
16, 5.481224E-10 
7, 8.581592E-04 
9, 4.010157E-04 
10, 2.140951E-04 
12, 4.621860E-06 
12, 1.621527E-05 
14, 1.062036E-07 
17, 4.254849E-10 
15, 2.490588E-08 
4, 5.571183E-04 
10, 2.704216E-04 
10, 3.123576E-04 
9, 4.292162E-04 
7, 1.067332E-03 
15, 3.345547E-08 
3, 3.065077E-04 
9, 3.841344E-04 
15, 3.543261E-09 
13, 6.876280E-07 
3, 3.078441E-04 
14, 3.686053E-07 
5, 1.047287E-03 
15, 4.607685E-08 
14, 1.225783E-07 
18, 1.199486E-11 
7, 1.033040E-03 
5, 8.240035E-04 
2, 7.344893E-05 
16, 6.483427E-10 
9, 3.675635E-04 
3, 3.323763E-04 
6, 9.535757E-04 
5, 9.791589E-04 
1, 1.085998E-05 
1, 8.338010E-06 
16, 1.517013E-09 
4, 4.362825E-04 
1, 1.192949E-05 
13, 5.712235E-06 
2, 2.884448E-05 
6, 8.786807E-04 
15, 4.106152E-08 
11, 7.172780E-05 
1, 7.989778E-06 
3, 3.219074E-04 
3, 3.176821E-04 
11, 6.696121E-05 
6, 9.338367E-04 
4, 5.222660E-04 
3, 2.812909E-04 
12, 2.044957E-05 
9, 3.312667E-04 
11, 4.759399E-05 
15, 8.961342E-09 
12, 9.639674E-06 
6, 1.005388E-03 
11, 6.544030E-05 
11, 6.940055E-05 
5, 9.120083E-04 
18, 1.499251E-11 
4, 6.468982E-04 
15, 7.531631E-09 
4, 4.793583E-04 
11, 6.148818E-05 
3, 2.132469E-04 
12, 1.088764E-05 
15, 9.189770E-10 
8, 9.202515E-04 
15, 4.874802E-09 
3, 3.117109E-04 
6, 1.055850E-03 
4, 6.684379E-04 
4, 3.429022E-04 
1, 1.249886E-05 
18, 1.499219E-11 
6, 9.863483E-04 
5, 9.982148E-04 
16, 5.729846E-10 
8, 7.056267E-04 
8, 8.624378E-04 
4, 5.435017E-04 
6, 1.010426E-03 
3, 3.186850E-04 
16, 1.186994E-09 
12, 1.176303E-05 
9, 4.053267E-04 
18, 1.881915E-11 
8, 5.084554E-04 
6, 9.054040E-04 
5, 1.022115E-03 
8, 7.959605E-04 
9, 5.252528E-04 
4, 6.090588E-04 
8, 5.711298E-04 
10, 1.763558E-04 
7, 8.299763E-04 
15, 4.108228E-08 
5, 1.037782E-03 
13, 6.243057E-06 
14, 3.952926E-07 
4, 5.529740E-04 
1, 1.478021E-05 
3, 2.774269E-04 
5, 5.445209E-04 
16, 7.794482E-09 
11, 6.714481E-05 
2, 1.232029E-05 
14, 1.353833E-07 
12, 6.912316E-06 
14, 2.541875E-07 
14, 3.183737E-07 
11, 1.908356E-06 
9, 3.692277E-04 
12, 8.396985E-06 
2, 3.631126E-05 
2, 4.460280E-05 
16, 4.837638E-09 
11, 2.716784E-05 
7, 9.681379E-04 
16, 4.626970E-09 
16, 5.697707E-10 
14, 3.354569E-07 
5, 5.024130E-04 
16, 3.856548E-09 
17, 5.543572E-10 
8, 5.673152E-04 
2, 9.079557E-05 
6, 1.012774E-03 
15, 3.569425E-08 
2, 5.774176E-05 
15, 3.765816E-09 
16, 5.130676E-09 
6, 9.768489E-04 
17, 1.445472E-09 
9, 3.354464E-04 
8, 5.450654E-04 
9, 3.719258E-04 
17, 1.715382E-11 
18, 1.499251E-11 
5, 6.273332E-04 
15, 4.566707E-08 
8, 7.899529E-04 
5, 1.044912E-03 
3, 1.817721E-04 
15, 4.837638E-09 
18, 9.688924E-12 
10, 1.418417E-04 
5, 9.797182E-04 
16, 5.705962E-10 
6, 8.180802E-04 
8, 7.919936E-04 
1, 9.086036E-06 
1, 1.048429E-05 
11, 4.405913E-05 
15, 3.402283E-08 
1, 1.126801E-05 
15, 5.115600E-09 
16, 7.463046E-10 
12, 1.132150E-05 
9, 4.716970E-04 
9, 3.109859E-04 
9, 3.772793E-04 
3, 3.037399E-04 
15, 6.352838E-08 
9, 1.069664E-04 
2, 1.019150E-04 
17, 3.356014E-11 
2, 1.019150E-04 
11, 3.728486E-05 
18, 1.482405E-11 
8, 8.545597E-04 
12, 1.405699E-05 
11, 4.660995E-05 
1, 1.389341E-05 
11, 3.352350E-05 
16, 2.876415E-11 
8, 8.183208E-04 
16, 2.121213E-09 
11, 8.099899E-05 
17, 2.437401E-09 
18, 1.183507E-11 
4, 6.038680E-04 
7, 1.056174E-03 
14, 3.446545E-07 
10, 1.830716E-04 
4, 4.511689E-04 
3, 2.385926E-04 
10, 2.185384E-04 
13, 1.486907E-06 
14, 3.742456E-07 
4, 5.301017E-04 
2, 8.900519E-05 
13, 1.208503E-06 
13, 1.552820E-06 
8, 4.617778E-04 
15, 4.566707E-08 
5, 1.028725E-03 
15, 5.081905E-08 
14, 1.320470E-07 
16, 7.912320E-10 
10, 1.674949E-04 
12, 1.159597E-05 
7, 7.460946E-04 
10, 1.645314E-04 
15, 6.181910E-09 
10, 1.631568E-04 
6, 1.221215E-03 
5, 1.024034E-03 
15, 3.450054E-08 
12, 1.544300E-05 
8, 8.442896E-04 
12, 1.832425E-05 
17, 8.716441E-10 
10, 1.842695E-04 
14, 9.196284E-08 
9, 3.263409E-04 
12, 6.826353E-06 
4, 5.000550E-04 
10, 6.755864E-05 
6, 8.354724E-04 
4, 4.725242E-04 
1, 1.029907E-05 
13, 1.746133E-06 
8, 6.165985E-04 
3, 2.603644E-04 
5, 1.008289E-03 
3, 2.405389E-04 
11, 3.848854E-05 
12, 5.587666E-06 
5, 5.185341E-04 
4, 6.652586E-04 
8, 6.181238E-04 
14, 5.474795E-07 
2, 3.497662E-05 
5, 5.958184E-04 
15, 6.795996E-09 
16, 5.294283E-10 
2, 7.831555E-05 
15, 6.771130E-08 
16, 5.375022E-09 
17, 4.738835E-10 
6, 8.743903E-04 
12, 3.968320E-06 
9, 3.530867E-04 
7, 8.680620E-04 
11, 2.491495E-05 
8, 8.275055E-04 
10, 1.426932E-04 
10, 2.304514E-04 
9, 4.000264E-04 
6, 9.562817E-04 
14, 8.924428E-08 
6, 1.054556E-03 
18, 1.825495E-11 
9, 4.257192E-04 
9, 3.448237E-04 
17, 2.998503E-11 
1, 1.197077E-05 
12, 8.000854E-06 
10, 1.166325E-04 
12, 1.000863E-05 
5, 6.573509E-04 
5, 7.035092E-04 
11, 3.582402E-05 
14, 9.278327E-08 
5, 5.540805E-04 
6, 1.071247E-03 
17, 5.237199E-11 
9, 3.562312E-04 
9, 6.407117E-04 
14, 1.281546E-07 
9, 2.793887E-04 
7, 1.144380E-03 
4, 5.734645E-04 
2, 4.552850E-05 
7, 1.159235E-03 
1, 1.095749E-05 
6, 1.081648E-03 
17, 2.899174E-11 
2, 1.286772E-04 
8, 6.978961E-04 
14, 5.775607E-07 
5, 8.097082E-04 
13, 2.699065E-06 
6, 9.491230E-04 
1, 1.351957E-05 
7, 1.022121E-03 
7, 9.571188E-04 
17, 5.537830E-10 
12, 1.106808E-05 
12, 9.685213E-06 
9, 4.648115E-04 
14, 2.090651E-07 
2, 9.178363E-05 
18, 1.401830E-11 
15, 2.208907E-08 
2, 6.195360E-05 
6, 8.502758E-04 
13, 1.917837E-06 
9, 4.640840E-04 
10, 1.983526E-04 
17, 3.177513E-11 
18, 1.401830E-11 
2, 9.330272E-05 
14, 5.737761E-07 
17, 7.300038E-10 
17, 2.867388E-11 
9, 3.793991E-04 
5, 6.154923E-04 
15, 6.236682E-08 
2, 5.470080E-05 
17, 8.507956E-10 
11, 5.420426E-05 
7, 8.165241E-04 
3, 2.811223E-04 
3, 2.989054E-04 
17, 3.302020E-11 
13, 1.731426E-06 
2, 3.898124E-05 
16, 4.797604E-10 
5, 8.720870E-04 
4, 5.755039E-04 
12, 7.087619E-06 
6, 1.059118E-03 
2, 2.103689E-05 
4, 6.162132E-04 
2, 8.407427E-05 
2, 2.500855E-05 
4, 5.750715E-04 
11, 4.334575E-05 
12, 6.110855E-06 
15, 3.345547E-08 
9, 3.405914E-04 
2, 5.365820E-05 
7, 7.938257E-04 
11, 4.188955E-05 
5, 9.734626E-04 
1, 1.239904E-05 
6, 1.056921E-03 
4, 4.433202E-04 
17, 2.998486E-11 
7, 8.349412E-04 
12, 7.977102E-06 
15, 6.707462E-08 
15, 4.012509E-08 
9, 3.085609E-04 
2, 2.657450E-05 
17, 3.343549E-11 
17, 5.705962E-10 
7, 1.009551E-03 
17, 7.540330E-10 
8, 5.728964E-04 
7, 8.749410E-04 
2, 8.272945E-05 
4, 5.455630E-04 
15, 2.880384E-08 
9, 7.998783E-04 
4, 5.491622E-04 
7, 8.078132E-04 
11, 3.373978E-05 
12, 9.937851E-06 
2, 8.956623E-05 
17, 3.530298E-11 
8, 5.450952E-04 
2, 6.639234E-05 
17, 4.608820E-10 
13, 7.870003E-07 
15, 3.991908E-08 
12, 1.717225E-05 
5, 6.999436E-04 
4, 5.393668E-04 
9, 3.384867E-04 
6, 8.910431E-04 
4, 7.715710E-04 
3, 2.719759E-04 
3, 2.220638E-04 
3, 2.431021E-04 
13, 5.544911E-06 
6, 1.048472E-03 
9, 3.695776E-04 
13, 1.531551E-06 
14, 2.387181E-07 
5, 6.781379E-04 
6, 1.357430E-03 
4, 5.256821E-04 
7, 9.600233E-04 
10, 1.541234E-04 
5, 9.900926E-04 
1, 7.960592E-06 
12, 5.147678E-06 
11, 5.854070E-05 
12, 6.183518E-06 
6, 1.166955E-03 
13, 1.724602E-06 
6, 8.843639E-04 
2, 7.413657E-05 
7, 9.822748E-04 
14, 3.438140E-07 
3, 2.078345E-04 
5, 7.317814E-04 
1, 1.062432E-05 
18, 1.486161E-11 
9, 3.779651E-04 
6, 1.391469E-03 
13, 1.827572E-06 
11, 4.321214E-05 
1, 1.532150E-05 
5, 4.845297E-04 
18, 1.068052E-11 
9, 4.160019E-04 
12, 7.266391E-06 
6, 9.378132E-04 
17, 3.358476E-11 
14, 1.373287E-07 
14, 2.965430E-07 
9, 3.335895E-04 
7, 9.120205E-04 
9, 2.806486E-04 
17, 6.128020E-10 
16, 4.256287E-09 
17, 7.835882E-10 
4, 6.414996E-04 
14, 8.418607E-08 
8, 5.126236E-04 
2, 4.079099E-05 
10, 1.221962E-04 
15, 6.231265E-08 
17, 3.304118E-11 
13, 5.981932E-07 
10, 7.699392E-05 
5, 6.006062E-04 
16, 7.586145E-10 
18, 1.499251E-11 
6, 1.205836E-03 
15, 4.227487E-09 
16, 8.100157E-10 
2, 1.651125E-04 
17, 1.715382E-11 
15, 7.531631E-09 
17, 1.188159E-11 
17, 2.954187E-11 
18, 1.709023E-11 
1, 1.070016E-05 
2, 3.303551E-05 
13, 2.611803E-06 
2, 9.182008E-05 
18, 1.046433E-11 
2, 8.407427E-05 
4, 6.360771E-04 
1, 1.007467E-05 
3, 2.378328E-04 
16, 3.856548E-09 
5, 1.044978E-03 
8, 5.251952E-04 
15, 6.785562E-08 
15, 3.275129E-08 
11, 3.927695E-05 
2, 2.623527E-04 
2, 7.157123E-05 
18, 1.063417E-11 
15, 1.177905E-08 
3, 2.164270E-04 
3, 2.749565E-04 
11, 6.177340E-05 
13, 1.000866E-06 
5, 9.079426E-04 
10, 2.017874E-04 
11, 5.411268E-05 
12, 7.052932E-06 
14, 3.026837E-07 
1, 1.235259E-05 
15, 2.318455E-08 
1, 1.178542E-05 
16, 4.797604E-10 
8, 6.745105E-04 
9, 4.606197E-04 
17, 8.115875E-10 
17, 1.830835E-11 
14, 9.176002E-08 
9, 4.487618E-04 
5, 6.720399E-04 
16, 4.149503E-09 
12, 5.087661E-06 
3, 3.046624E-04 
7, 8.289921E-04 
5, 1.021491E-03 
17, 4.254849E-10 
15, 4.204162E-08 
14, 2.090651E-07 
14, 2.515011E-07 
13, 1.480532E-06 
17, 8.045192E-10 
14, 3.141379E-07 
7, 1.091438E-03 
14, 2.142505E-07 
11, 6.138534E-05 
6, 9.928796E-04 
14, 1.537530E-07 
13, 2.351874E-06 
3, 2.587378E-04 
4, 6.559105E-04 
10, 9.279679E-05 
4, 9.231126E-04 
5, 5.501245E-04 
3, 3.029768E-04 
16, 4.993828E-09 
3, 2.245458E-04 
3, 2.924927E-04 
11, 4.662871E-05 
1, 1.277248E-05 
2, 8.577624E-05 
17, 6.074028E-10 
2, 5.205078E-05 
17, 5.543572E-10 
8, 8.212510E-04 
8, 5.423662E-04 
3, 2.335071E-04 
1, 1.122491E-05 
1, 1.091294E-05 
4, 4.801519E-04 
2, 8.140888E-05 
4, 5.494848E-04 
17, 7.339523E-10 
18, 1.865516E-11 
13, 1.715468E-06 
12, 5.666499E-06 
16, 1.266092E-09 
7, 9.397893E-04 
16, 4.353230E-09 
15, 8.238053E-09 
9, 3.066329E-04 
4, 4.836789E-04 
15, 7.867770E-08 
14, 5.279766E-07 
12, 2.044957E-05 
7, 9.952976E-04 
14, 2.661313E-07 
7, 8.756799E-04 
7, 1.192861E-03 
8, 8.850444E-04 
14, 4.058397E-08 
16, 4.368955E-09 
17, 5.729846E-10 
7, 1.163122E-03 
15, 9.065267E-09 
13, 1.479624E-06 
4, 5.121017E-04 
10, 2.022268E-04 
2, 9.339129E-05 
5, 6.429714E-04 
7, 1.004384E-03 
5, 8.012897E-04 
3, 3.231279E-04 
12, 6.450914E-06 
4, 4.814769E-04 
2, 5.365820E-05 
15, 4.046214E-08 
13, 1.802562E-06 
18, 1.016884E-11 
16, 5.571369E-09 
1, 1.006461E-05 
13, 1.438758E-06 
2, 2.619774E-05 
8, 8.481877E-04 
8, 8.758381E-04 
16, 4.874802E-09 
1, 1.135888E-05 
5, 8.644687E-04 
12, 1.544300E-05 
13, 1.531551E-06 
12, 7.265017E-06 
11, 7.365787E-05 
15, 4.477945E-08 
3, 2.704562E-04 
5, 1.020531E-03 
13, 2.348898E-06 
16, 6.351145E-09 
14, 3.333042E-07 
8, 6.007245E-04 
16, 8.429103E-10 
18, 1.287242E-11 
4, 4.249887E-04 
14, 1.790501E-07 
2, 6.507038E-05 
7, 8.843639E-04 
4, 4.879252E-04 
7, 6.879514E-04 
17, 1.507421E-11 
13, 2.092535E-06 
3, 2.758419E-04 
10, 1.406868E-04 
11, 3.643738E-05 
2, 1.679790E-04 
16, 4.010848E-09 
10, 1.192879E-04 
3, 3.016286E-04 
13, 4.616588E-07 
1, 1.192949E-05 
11, 4.282455E-05 
6, 1.046299E-03 
12, 1.329599E-05 
18, 1.648349E-11 
18, 1.542107E-11 
8, 4.718320E-04 
9, 3.662182E-04 
3, 2.142209E-04 
7, 1.196931E-03 
17, 3.014842E-11 
10, 1.016154E-04 
7, 1.108127E-03 
12, 5.981129E-06 
11, 5.593483E-05 
15, 7.455031E-10 
5, 9.408094E-04 
11, 3.684111E-05 
3, 2.622585E-04 
10, 8.244829E-05 
7, 9.811064E-04 
10, 1.624231E-04 
11, 3.643738E-05 
14, 3.141379E-07 
5, 6.948684E-04 
14, 1.011825E-07 
12, 9.625366E-06 
8, 6.522680E-04 
9, 3.113471E-04 
8, 8.443369E-04 
10, 1.597018E-04 
9, 2.906762E-04 
15, 4.111138E-08 
4, 5.043134E-04 
4, 5.614465E-04 
14, 9.765322E-08 
8, 4.915492E-04 
17, 5.294283E-10 
4, 5.616440E-04 
7, 1.149420E-03 
16, 4.874802E-09 
7, 6.138222E-04 
1, 1.378787E-05 
13, 1.694170E-06 
1, 1.203661E-05 
6, 1.037641E-03 
5, 6.854509E-04 
10, 1.534549E-04 
4, 6.802940E-04 
3, 2.398970E-04 
14, 3.566346E-07 
4, 5.449488E-04 
9, 3.719258E-04 
15, 3.765816E-09 
15, 3.767472E-08 
5, 7.025218E-04 
6, 9.392042E-04 
9, 3.534888E-04 
7, 9.987822E-04 
2, 6.362266E-05 
14, 5.474795E-07 
3, 2.373204E-04 
13, 2.171445E-06 
4, 5.051343E-04 
2, 3.919541E-05 
10, 1.599939E-04 
13, 1.773239E-06 
8, 8.097912E-04 
1, 8.753528E-06 
13, 1.709523E-06 
1, 1.130946E-05 
12, 6.492720E-06 
4, 2.312267E-04 
9, 3.378035E-04 
6, 9.206092E-04 
2, 1.153603E-05 
13, 1.737035E-06 
9, 4.292162E-04 
15, 4.111138E-08 
6, 9.119857E-04 
11, 4.659372E-05 
18, 1.183507E-11 
4, 5.888411E-04 
16, 4.239220E-09 
1, 1.392770E-05 
18, 1.561196E-11 
2, 2.238356E-05 
6, 1.037766E-03 
9, 3.607558E-04 
3, 2.854893E-04 
14, 3.242565E-07 
12, 1.101804E-05 
17, 7.687527E-10 
7, 3.226115E-04 
16, 4.119026E-09 
9, 3.902140E-04 
5, 8.637841E-04 
16, 8.509699E-10 
7, 8.479514E-04 
8, 6.138222E-04 
18, 1.499251E-11 
5, 5.307441E-04 
13, 9.893609E-07 
12, 1.150425E-05 
2, 4.942874E-05 
2, 2.535366E-05 
1, 8.723109E-06 
12, 7.973641E-06 
4, 4.805019E-04 
12, 1.091308E-05 
18, 1.648349E-11 
18, 1.629955E-11 
13, 1.963563E-06 
15, 3.505656E-08 
4, 7.152267E-04 
10, 1.358808E-04 
5, 1.000605E-03 
15, 6.236682E-08 
16, 5.743667E-09 
18, 1.401830E-11 
5, 5.407486E-04 
18, 1.580669E-11 
10, 2.237598E-04 
17, 8.185862E-10 
5, 8.475715E-04 
9, 3.821307E-04 
15, 1.022030E-08 
2, 8.900519E-05 
2, 1.413200E-04 
10, 1.170414E-04 
13, 9.213586E-07 
3, 2.265428E-04 
15, 3.591881E-08 
13, 2.189948E-06 
11, 1.686166E-05 
14, 1.157265E-07 
13, 2.432709E-06 
13, 1.965628E-06 
16, 9.271242E-10 
8, 8.877498E-04 
10, 1.119165E-04 
8, 6.351080E-04 
17, 6.612997E-10 
17, 4.632467E-11 
16, 6.781308E-09 
10, 6.549423E-05 
6, 1.030196E-03 
11, 4.521422E-05 
18, 1.270445E-11 
14, 3.057208E-07 
1, 2.430404E-05 
8, 5.848006E-04 
12, 1.517939E-05 
7, 1.144000E-03 
16, 1.156188E-08 
8, 4.760066E-04 
8, 3.526809E-04 
8, 6.864268E-04 
4, 4.370711E-04 
13, 5.706392E-06 
15, 3.933885E-08 
9, 3.155711E-04 
15, 3.345547E-08 
1, 1.564304E-05 
5, 6.673568E-04 
16, 3.222813E-09 
7, 1.025868E-03 
18, 1.287891E-11 
1, 1.430162E-05 
12, 7.973641E-06 
11, 3.280425E-05 
8, 7.750993E-04 
15, 3.591881E-08 
10, 1.135018E-04 
14, 3.117382E-07 
7, 9.569438E-04 
13, 1.740803E-06 
11, 4.135637E-05 
7, 8.213769E-04 
4, 4.863471E-04 
18, 9.641201E-12 
18, 1.499251E-11 
7, 9.106279E-04 
13, 9.574116E-07 
9, 3.856177E-04 
3, 2.569609E-04 
18, 2.009331E-11 
17, 1.989551E-11 
11, 3.197244E-05 
12, 9.465621E-06 
13, 2.138647E-06 
13, 1.781135E-06 
5, 6.903976E-04 
17, 5.932753E-10 
3, 2.460044E-04 
5, 6.273332E-04 
6, 9.330531E-04 
9, 3.045209E-04 
11, 6.599481E-05 
2, 4.345492E-05 
2, 5.739664E-05 
10, 1.224977E-04 
18, 1.499251E-11 
4, 6.426076E-04 
9, 3.081681E-04 
7, 9.683007E-04 
1, 1.003583E-05 
5, 9.988099E-04 
3, 2.118466E-04 
6, 1.048139E-03 
17, 5.047965E-10 
3, 2.392566E-04 
12, 1.621527E-05 
8, 6.497225E-04 
1, 9.547287E-06 
11, 4.909459E-05 
5, 9.432924E-04 
15, 6.661309E-09 
7, 6.990761E-04 
3, 2.007330E-04 
18, 1.083343E-11 
13, 2.432709E-06 
4, 5.222660E-04 
17, 5.943685E-10 
2, 7.412989E-05 
1, 1.315884E-05 
18, 1.499251E-11 
18, 1.507405E-11 
7, 7.769760E-04 
11, 2.595582E-05 
2, 8.583196E-05 
1, 1.355132E-05 
11, 4.908195E-05 
7, 8.175861E-04 
12, 6.912316E-06 
5, 7.483099E-04 
9, 3.514710E-04 
18, 1.421185E-11 
17, 5.547995E-11 
1, 1.006461E-05 
5, 9.981129E-04 
13, 2.883192E-06 
15, 3.855594E-08 
2, 1.679790E-04 
9, 3.096767E-04 
7, 1.079265E-03 
14, 3.454278E-07 
12, 6.802762E-06 
17, 6.160543E-10 
12, 6.400279E-06 
5, 9.411812E-04 
7, 9.614146E-04 
13, 1.486949E-06 
2, 5.369313E-05 
11, 2.687066E-05 
9, 3.071074E-04 
9, 3.190912E-04 
12, 7.706429E-06 
17, 5.177898E-10 
16, 4.385476E-09 
16, 4.096016E-09 
6, 1.027545E-03 
5, 7.306062E-04 
2, 6.019318E-05 
13, 2.101049E-06 
1, 1.236312E-05 
4, 6.083512E-04 
12, 5.827342E-06 
18, 1.287242E-11 
15, 6.771130E-08 
4, 6.674248E-04 
11, 3.505759E-05 
8, 5.814991E-04 
11, 6.713753E-05 
11, 3.848854E-05 
7, 8.280217E-04 
4, 5.777994E-04 
8, 7.062861E-04 
13, 2.573294E-06 
11, 5.454778E-05 
5, 5.506920E-04 
18, 1.499251E-11 
6, 1.475112E-03 
8, 5.410832E-04 
2, 5.778425E-05 
11, 2.825142E-05 
6, 1.118532E-03 
18, 1.499251E-11 
7, 1.007587E-03 
5, 9.546296E-04 
6, 1.119232E-03 
1, 8.393402E-06 
1, 2.391567E-05 
9, 4.981864E-04 
10, 2.145161E-04 
4, 5.541462E-04 
14, 8.216585E-08 
7, 9.787817E-04 
14, 9.852594E-08 
5, 9.528033E-04 
5, 6.832794E-04 
13, 1.592855E-06 
9, 2.930536E-04 
1, 8.723109E-06 
6, 1.069058E-03 
7, 9.669841E-04 
14, 8.217399E-08 
6, 1.056949E-03 
8, 9.059262E-04 
1, 1.307917E-05 
11, 4.474152E-05 
9, 1.498243E-04 
1, 8.137545E-06 
10, 2.294899E-04 
15, 8.130700E-10 
17, 3.717439E-11 
10, 1.939679E-04 
2, 4.283412E-05 
12, 7.585031E-06 
4, 4.952541E-04 
6, 9.943285E-04 
5, 6.979069E-04 
5, 5.623213E-04 
1, 1.152798E-05 
3, 2.382800E-04 
9, 5.247229E-04 
6, 1.083394E-03 
6, 8.192920E-04 
15, 4.159214E-08 
15, 4.842246E-08 
5, 9.068818E-04 
9, 4.068102E-04 
16, 4.874802E-09 
12, 8.664966E-06 
14, 3.653011E-07 
9, 3.677336E-04 
5, 1.034389E-03 
10, 1.601752E-04 
4, 3.381533E-05 
14, 1.101987E-07 
14, 5.352414E-07 
6, 1.030453E-03 
3, 1.944396E-04 
7, 7.986331E-04 
12, 1.907393E-05 
12, 1.111500E-05 
13, 1.176665E-06 
11, 1.161268E-05 
17, 3.718413E-11 
17, 3.507189E-11 
5, 1.036470E-03 
9, 3.986943E-04 
3, 2.524406E-04 
18, 9.281780E-12 
14, 3.117382E-07 
7, 1.138857E-03 
15, 9.063727E-09 
9, 6.068079E-04 
6, 1.604281E-03 
3, 2.515466E-04 
8, 7.219448E-04 
4, 6.409927E-04 
12, 2.059650E-05 
9, 5.239672E-04 
16, 5.889525E-09 
8, 8.978880E-04 
3, 2.398970E-04 
16, 6.127947E-10 
13, 7.520573E-07 
15, 2.238126E-08 
9, 2.849366E-04 
11, 4.596217E-05 
11, 4.183780E-05 
13, 2.574562E-06 
17, 4.853778E-10 
18, 1.188159E-11 
18, 1.462032E-11 
8, 8.960013E-04 
6, 1.341495E-03 
7, 8.839331E-04 
2, 6.051211E-05 
11, 6.395899E-05 
8, 6.427623E-04 
2, 4.828322E-05 
18, 1.465558E-11 
7, 8.201925E-04 
2, 8.105023E-05 
2, 2.211291E-05 
1, 1.062294E-05 
12, 4.152297E-06 
18, 1.499251E-11 
3, 2.528645E-04 
14, 4.095935E-07 
9, 2.080970E-04 
14, 2.984084E-07 
18, 1.444386E-11 
9, 4.488585E-04 
8, 8.053580E-04 
15, 4.899073E-08 
9, 3.902140E-04 
5, 9.080888E-04 
5, 7.211787E-04 
6, 1.044561E-03 
17, 6.265724E-11 
1, 1.099937E-05 
10, 1.740489E-04 
14, 3.567377E-07 
1, 1.139845E-05 
1, 1.479282E-05 
13, 2.429339E-06 
14, 1.037529E-07 
14, 3.641613E-07 
3, 2.676910E-04 
9, 4.337266E-04 
2, 3.871020E-05 
10, 2.005677E-04 
1, 1.054725E-05 
8, 5.770519E-04 
7, 1.220461E-03 
14, 3.022084E-07 
9, 3.248769E-04 
6, 9.971005E-04 
14, 8.403403E-08 
13, 1.491630E-06 
4, 9.993671E-04 
6, 1.036403E-03 
12, 1.343228E-05 
9, 3.682766E-04 
6, 1.000374E-03 
12, 4.422429E-06 
10, 1.498243E-04 
12, 4.066039E-06 
13, 1.549258E-06 
10, 1.236233E-04 
11, 3.848854E-05 
11, 5.966101E-05 
8, 7.337865E-04 
16, 4.239220E-09 
17, 5.483708E-11 
4, 5.741524E-04 
8, 2.996485E-04 
2, 8.121528E-05 
15, 7.458411E-09 
4, 4.668518E-04 
1, 1.132846E-05 
5, 1.010093E-03 
10, 1.284659E-04 
4, 6.253919E-04 
10, 1.384148E-04 
10, 5.214596E-04 
11, 4.258627E-05 
10, 1.062502E-04 
7, 1.139594E-03 
10, 4.285392E-04 
2, 3.481038E-05 
9, 5.003501E-04 
6, 1.037475E-03 
14, 3.199590E-07 
3, 2.433453E-04 
12, 1.227085E-05 
15, 5.224023E-08 
4, 6.863401E-04 
11, 7.233957E-05 
9, 4.073605E-04 
12, 9.468866E-06 
12, 5.599928E-06 
7, 1.070539E-03 
16, 2.437401E-09 
10, 9.140743E-05 
16, 4.743900E-09 
15, 2.150105E-08 
13, 2.123726E-06 
16, 4.610971E-09 
16, 7.146230E-09 
6, 9.775054E-04 
13, 9.248261E-07 
9, 3.113471E-04 
11, 4.915913E-05 
6, 1.084898E-03 
7, 9.872546E-04 
10, 1.429339E-04 
3, 2.244775E-04 
13, 1.549258E-06 
7, 8.505143E-04 
3, 3.206234E-04 
13, 1.480532E-06 
8, 8.671808E-04 
15, 2.203195E-08 
1, 1.227943E-05 
6, 9.848460E-04 
14, 3.042845E-07 
11, 4.277086E-05 
2, 8.777408E-05 
7, 8.609422E-04 
1, 1.404140E-05 
5, 1.001167E-03 
8, 5.516013E-04 
2, 3.929480E-05 
16, 7.872253E-10 
18, 1.450541E-11 
11, 4.545890E-05 
16, 8.599639E-09 
9, 5.426610E-04 
7, 1.251993E-03 
3, 2.738286E-04 
15, 4.368955E-09 
15, 3.345547E-08 
16, 3.455012E-09 
8, 8.858594E-04 
16, 7.586145E-10 
18, 9.568176E-12 
16, 8.429103E-10 
9, 4.556427E-04 
17, 5.533110E-10 
12, 1.550693E-05 
11, 2.984400E-05 
7, 1.074185E-03 
4, 6.646042E-04 
1, 1.197077E-05 
3, 1.916631E-04 
14, 2.425337E-07 
3, 2.430788E-04 
15, 4.874802E-09 
12, 7.832364E-06 
6, 9.782142E-04 
15, 4.046214E-08 
7, 6.769611E-04 
17, 1.787827E-11 
15, 3.758895E-08 
13, 9.195292E-07 
17, 4.485076E-10 
13, 1.143601E-07 
3, 2.247132E-04 
2, 6.880873E-05 
1, 9.681120E-06 
13, 2.434276E-06 
10, 8.811825E-05 
14, 3.567377E-07 
7, 8.664841E-04 
15, 4.480850E-08 
7, 1.122326E-03 
2, 9.114081E-05 
4, 4.972245E-04 
1, 1.322249E-05 
3, 2.113633E-04 
7, 1.141102E-03 
4, 6.496630E-04 
8, 3.826885E-04 
3, 1.838061E-04 
17, 3.675908E-09 
2, 1.019150E-04 
10, 8.408805E-05 
8, 6.415137E-04 
13, 1.537882E-06 
7, 7.585740E-04 
16, 5.892787E-09 
8, 6.447119E-04 
9, 5.120856E-04 
5, 1.001024E-03 
7, 1.045677E-03 
1, 8.615355E-06 
15, 9.271075E-08 
1, 1.530125E-05 
12, 5.038740E-06 
7, 8.874594E-04 
12, 1.214400E-05 
14, 1.177905E-08 
2, 4.530377E-05 
12, 6.546985E-06 
15, 1.041735E-08 
17, 2.932945E-11 
12, 1.148826E-05 
10, 2.773539E-04 
1, 1.478021E-05 
5, 6.163167E-04 
12, 7.840567E-06 
18, 8.645485E-12 
18, 3.146829E-11 
3, 2.743978E-04 
6, 8.792927E-04 
11, 5.040711E-05 
17, 3.324747E-11 
12, 1.221140E-05 
18, 1.200553E-11 
13, 2.513099E-06 
4, 7.360409E-04 
15, 6.888095E-09 
11, 6.842927E-05 
13, 1.568544E-06 
4, 8.809570E-04 
6, 1.078778E-03 
17, 7.539567E-10 
13, 2.557470E-06 
1, 9.775692E-06 
7, 1.108386E-03 
3, 3.008847E-04 
17, 1.450541E-11 
11, 4.915913E-05 
18, 1.596672E-11 
11, 5.144438E-05 
16, 5.908198E-09 
3, 2.588517E-04 
3, 2.844811E-04 
8, 6.493816E-04 
2, 2.721211E-05 
6, 1.087473E-03 
15, 8.845367E-09 
3, 3.333381E-04 
5, 9.491871E-04 
1, 1.550446E-05 
18, 1.129445E-11 
8, 8.153932E-04 
15, 3.715260E-08 
7, 1.031990E-03 
14, 2.990966E-07 
4, 4.992695E-04 
18, 1.184769E-11 
6, 9.813049E-04 
17, 8.100157E-10 
13, 1.895308E-06 
9, 4.306355E-04 
2, 9.473745E-05 
6, 8.926226E-04 
10, 2.704216E-04 
2, 5.568075E-05 
5, 7.096364E-04 
2, 3.713179E-05 
17, 4.467380E-10 
16, 6.997482E-09 
11, 2.167288E-05 
15, 2.732451E-08 
5, 9.224914E-04 
18, 1.503328E-11 
16, 5.037053E-09 
3, 2.243263E-04 
17, 5.406977E-11 
8, 3.651340E-04 
2, 3.327292E-05 
10, 1.323966E-04 
11, 2.558366E-05 
4, 9.409993E-04 
7, 8.851003E-04 
16, 1.051692E-09 
3, 2.811088E-04 
10, 1.164711E-04 
17, 4.738835E-10 
7, 8.257805E-04 
6, 1.370345E-03 
10, 1.739672E-04 
13, 2.685155E-06 
4, 4.888917E-04 
14, 3.567377E-07 
10, 1.967897E-04 
4, 4.331956E-04 
17, 4.467380E-10 
14, 1.054396E-07 
16, 5.115600E-09 
5, 1.024979E-03 
13, 3.567377E-07 
6, 1.217340E-03 
1, 1.037785E-05 
5, 9.869564E-04 
6, 9.063774E-04 
14, 2.107723E-07 
9, 5.770730E-04 
5, 9.830469E-04 
7, 9.610835E-04 
6, 1.085497E-03 
8, 6.207179E-04 
3, 2.283207E-04 
1, 1.043624E-05 
18, 1.623141E-11 
5, 9.079426E-04 
10, 1.127553E-04 
4, 4.475377E-04 
15, 3.591881E-08 
3, 2.885084E-04 
5, 8.764685E-04 
16, 4.096016E-09 
14, 3.024182E-07 
15, 2.382700E-08 
3, 2.486597E-04 
5, 6.270622E-04 
11, 4.778573E-05 
4, 5.089505E-04 
10, 4.649793E-05 
8, 7.296231E-04 
7, 1.083702E-03 
13, 1.899017E-06 
5, 5.958184E-04 
4, 3.859661E-04 
6, 1.032070E-03 
17, 2.994756E-11 
11, 4.887307E-05 
1, 9.166294E-06 
12, 8.489034E-06 
5, 1.029484E-03 
6, 1.076535E-03 
3, 3.076479E-04 
1, 1.278773E-05 
5, 1.035964E-03 
7, 1.145990E-03 
13, 2.571451E-06 
8, 4.665280E-04 
4, 3.926675E-04 
5, 1.039177E-03 
14, 4.883067E-07 
18, 1.450541E-11 
15, 4.019396E-08 
4, 3.043380E-04 
4, 4.691968E-04 
9, 3.257799E-04 
11, 4.196201E-05 
7, 1.165927E-03 
5, 1.017768E-03 
2, 2.516814E-05 
9, 3.334398E-04 
6, 1.003248E-03 
12, 1.132150E-05 
3, 3.132307E-04 
1, 9.821128E-06 
1, 7.917674E-06 
10, 1.164711E-04 
18, 1.292639E-11 
6, 8.121983E-04 
11, 4.248738E-05 
10, 2.185384E-04 
17, 3.731426E-11 
2, 2.361412E-05 
5, 1.011738E-03 
10, 1.451057E-04 
11, 4.705212E-05 
17, 1.379176E-09 
14, 3.245255E-07 
2, 6.334139E-05 
14, 3.147108E-07 
6, 1.023006E-03 
15, 4.031811E-08 
16, 4.010848E-09 
1, 1.101793E-05 
3, 3.319049E-04 
9, 3.323450E-04 
17, 4.485076E-10 
18, 2.742383E-11 
11, 5.061585E-05 
11, 6.165054E-05 
6, 1.062492E-03 
18, 1.499251E-11 
12, 2.017685E-05 
18, 1.292639E-11 
3, 3.026892E-04 
6, 9.935948E-04 
4, 2.946518E-04 
14, 5.047509E-07 
13, 2.167584E-06 
17, 1.467778E-11 
2, 8.984973E-05 
4, 5.717422E-04 
11, 4.159632E-05 
8, 8.692708E-04 
18, 1.298481E-11 
9, 3.187029E-04 
12, 6.710518E-06 
18, 1.016854E-11 
16, 3.904078E-09 
13, 1.518076E-06 
13, 1.694170E-06 
5, 1.003406E-03 
4, 7.078473E-04 
13, 3.858532E-07 
2, 5.205078E-05 
2, 6.543331E-05 
10, 1.159710E-04 
11, 2.905408E-05 
13, 1.480532E-06 
18, 1.063417E-11 
18, 1.787827E-11 
2, 4.097727E-05 
10, 6.622509E-05 
4, 8.889857E-04 
16, 8.977945E-10 
6, 8.599802E-04 
16, 6.074028E-10 
11, 5.893425E-05 
2, 7.321508E-05 
11, 4.649793E-05 
18, 1.577885E-11 
8, 6.794539E-04 
17, 2.901082E-11 
9, 3.747343E-04 
6, 1.062063E-03 
14, 3.470450E-07 
4, 5.411553E-04 
1, 1.031504E-05 
2, 2.540796E-05 
6, 9.964103E-04 
4, 7.510311E-04 
7, 9.858555E-04 
4, 6.443377E-04 
9, 3.282845E-04 
13, 6.674159E-07 
7, 1.141610E-03 
16, 4.119026E-09 
7, 1.013833E-03 
17, 3.675141E-11 
17, 4.254849E-10 
13, 2.554921E-06 
10, 1.358808E-04 
6, 1.329723E-03 
14, 3.346178E-07 
18, 1.417762E-11 
6, 1.306903E-03 
18, 1.499251E-11 
17, 4.461591E-10 
12, 5.980626E-06 
3, 3.229429E-04 
8, 6.327086E-04 
4, 6.618228E-04 
18, 1.046433E-11 
16, 4.119026E-09 
13, 2.000214E-06 
1, 1.541608E-05 
10, 1.667069E-04 
15, 1.116415E-08 
5, 7.680923E-04 
2, 4.813778E-05 
1, 1.070510E-05 
5, 6.321185E-04 
3, 3.078292E-04 
4, 7.379359E-04 
16, 1.312287E-09 
10, 1.321499E-04 
8, 4.646472E-04 
1, 1.288461E-05 
14, 3.026837E-07 
15, 1.186303E-07 
14, 8.283807E-08 
13, 2.554921E-06 
12, 8.310082E-06 
2, 5.975928E-05 
7, 1.099098E-03 
17, 5.048040E-10 
13, 2.178482E-06 
7, 9.876343E-04 
15, 9.749603E-09 
10, 1.410460E-04 
3, 2.426914E-04 
15, 4.021328E-08 
7, 1.164545E-03 
10, 1.538704E-04 
11, 1.906141E-05 
4, 7.065429E-04 
13, 1.240416E-06 
16, 5.705962E-10 
6, 1.075808E-03 
7, 9.580908E-04 
8, 5.222475E-04 
16, 4.140690E-09 
7, 1.047436E-03 
18, 1.129445E-11 
13, 1.823518E-06 
2, 1.192465E-05 
11, 3.767875E-05 
3, 5.649565E-05 
3, 2.014898E-04 
1, 1.439755E-05 
17, 4.635621E-10 
11, 3.776533E-05 
15, 2.203195E-08 
6, 9.555477E-04 
12, 7.101138E-06 
18, 1.648349E-11 
7, 1.024430E-03 
4, 4.943577E-04 
7, 1.117121E-03 
15, 3.952293E-08 
16, 4.119026E-09 
14, 6.085689E-07 
11, 5.496439E-05 
11, 3.643738E-05 
1, 9.408238E-06 
12, 1.346590E-05 
15, 5.783756E-09 
5, 9.810826E-04 
18, 9.540957E-12 
6, 8.900081E-04 
11, 5.774021E-05 
14, 3.789506E-07 
18, 1.689000E-11 
11, 6.549423E-05 
11, 5.454778E-05 
18, 1.401830E-11 
18, 1.401830E-11 
9, 3.135744E-04 
4, 6.212828E-04 
7, 1.002373E-03 
13, 1.650209E-06 
8, 7.993475E-04 
8, 4.314798E-04 
1, 1.135888E-05 
1, 1.146773E-05 
17, 2.437401E-09 
2, 2.752422E-05 
2, 6.112582E-05 
18, 1.442797E-11 
16, 8.934760E-10 
3, 2.907370E-04 
0, 2.344175E-05 
17, 2.225448E-10 
11, 5.506520E-05 
3, 2.615557E-04 
2, 6.127767E-05 
6, 1.108801E-03 
11, 4.984624E-05 
14, 1.011318E-06 
2, 5.888747E-05 
3, 3.248934E-04 
15, 6.231265E-08 
12, 8.694221E-06 
10, 1.704499E-04 
17, 3.649948E-11 
14, 3.335068E-07 
12, 5.728666E-06 
8, 4.921842E-04 
17, 1.499251E-11 
11, 6.488530E-05 
6, 1.012949E-03 
12, 9.626608E-06 
5, 5.659377E-04 
2, 4.616052E-05 
14, 1.260707E-07 
4, 4.879446E-04 
10, 1.491461E-04 
17, 4.485076E-10 
10, 1.751315E-04 
17, 7.886353E-10 
8, 5.723645E-04 
3, 2.675125E-04 
7, 1.056596E-03 
15, 2.364537E-08 
1, 1.139907E-05 
6, 1.022010E-03 
10, 1.632424E-04 
7, 1.236717E-03 
18, 1.576529E-11 
4, 6.943489E-04 
5, 1.011109E-03 
14, 1.163532E-07 
16, 5.110150E-09 
12, 1.417865E-05 
8, 5.410832E-04 
7, 9.189637E-04 
13, 1.737035E-06 
4, 5.704763E-04 
17, 2.886435E-11 
7, 1.027589E-03 
2, 1.019150E-04 
14, 3.106697E-07 
17, 4.853778E-10 
10, 1.429339E-04 
7, 8.391254E-04 
8, 5.517119E-04 
12, 1.724602E-06 
10, 1.478558E-04 
11, 4.467022E-05 
10, 1.062769E-04 
7, 1.014283E-03 
6, 9.865255E-04 
16, 7.872253E-10 
18, 1.234168E-11 
11, 4.277086E-05 
18, 9.379746E-12 
13, 1.925968E-06 
4, 6.002937E-04 
6, 9.781823E-04 
7, 8.567291E-04 
3, 5.020059E-04 
17, 2.998503E-11 
18, 1.564368E-11 
11, 3.196612E-05 
2, 5.568075E-05 
4, 6.427974E-04 
4, 4.980231E-04 
7, 1.034132E-03 
11, 5.816859E-05 
12, 8.314567E-06 
18, 1.499251E-11 
14, 1.009441E-07 
12, 2.797501E-05 
4, 5.826414E-04 
16, 1.387003E-09 
11, 4.188955E-05 
5, 6.135760E-04 
13, 2.546939E-06 
2, 2.131172E-05 
12, 1.111500E-05 
9, 3.362337E-04 
1, 1.420011E-05 
1, 9.069575E-06 
18, 1.419046E-11 
5, 7.818305E-04 
2, 6.080207E-05 
12, 1.204349E-05 
6, 1.028211E-03 
16, 9.235570E-10 
1, 8.064789E-06 
5, 1.049492E-03 
3, 2.536686E-04 
12, 4.309261E-06 
15, 4.455267E-08 
3, 3.147944E-04 
2, 4.940241E-05 
4, 7.928289E-04 
8, 6.598002E-04 
11, 7.294192E-05 
5, 8.182404E-04 
13, 2.425841E-06 
7, 8.631718E-04 
16, 4.519703E-09 
15, 3.042155E-08 
10, 1.740489E-04 
8, 5.516013E-04 
15, 4.119026E-09 
4, 3.859661E-04 
12, 6.050096E-06 
6, 1.090148E-03 
16, 4.874802E-09 
16, 4.506705E-09 
3, 2.607391E-04 
18, 1.655941E-11 
14, 2.965430E-07 
9, 3.473366E-04 
5, 1.029579E-03 
4, 4.879446E-04 
10, 1.090599E-04 
12, 6.284689E-06 
3, 2.776705E-04 
3, 2.601658E-04 
17, 4.992843E-10 
11, 3.776533E-05 
18, 1.643539E-11 
10, 2.756998E-04 
13, 1.535194E-06 
4, 5.116797E-04 
7, 1.146831E-03 
17, 4.434006E-11 
15, 7.938931E-10 
6, 8.825424E-04 
15, 4.021328E-08 
8, 9.044043E-04 
13, 1.724602E-06 
2, 4.940241E-05 
16, 1.358700E-09 
4, 6.292125E-04 
7, 1.096885E-03 
16, 1.035580E-09 
12, 1.169429E-05 
2, 5.298213E-05 
17, 3.177889E-11 
16, 7.938931E-10 
16, 5.972213E-10 
8, 7.664689E-04 
12, 7.772905E-06 
1, 1.293147E-05 
10, 1.040314E-04 
1, 1.278773E-05 
6, 1.287320E-03 
11, 3.052989E-05 
5, 7.317814E-04 
7, 7.955208E-04 
4, 6.261867E-04 
18, 1.507405E-11 
5, 6.024769E-04 
15, 7.713095E-09 
14, 4.509870E-08 
13, 5.805819E-08 
3, 2.997198E-04 
6, 1.070673E-03 
3, 2.567547E-04 
8, 5.222475E-04 
11, 2.152287E-05 
18, 1.438203E-11 
17, 1.485016E-11 
7, 1.151176E-03 
13, 2.768986E-06 
13, 9.394067E-07 
4, 5.520832E-04 
2, 4.003349E-05 
2, 7.190413E-05 
11, 3.912734E-05 
15, 7.611379E-09 
6, 9.881740E-04 
12, 9.030688E-06 
6, 8.362058E-04 
5, 5.349981E-04 
6, 5.480429E-04 
13, 1.272028E-06 
15, 1.184998E-08 
16, 4.566684E-09 
12, 8.560846E-06 
10, 1.664538E-04 
1, 9.382793E-06 
11, 5.040711E-05 
13, 1.471277E-06 
9, 3.717501E-04 
18, 1.787827E-11 
15, 3.014667E-08 
12, 7.682031E-06 
13, 1.598761E-06 
1, 1.239944E-05 
17, 1.445472E-09 
6, 1.084257E-03 
2, 3.979204E-05 
15, 9.026500E-09 
13, 1.560925E-06 
2, 5.739664E-05 
7, 8.936498E-04 
6, 9.673578E-04 
8, 5.216292E-04 
9, 3.365297E-04 
8, 5.814991E-04 
10, 1.873177E-04 
1, 1.358428E-05 
18, 1.053328E-11 
16, 3.348282E-09 
8, 8.398810E-04 
15, 6.785562E-08 
5, 6.587089E-04 
17, 4.644707E-10 
13, 2.574562E-06 
7, 7.572170E-04 
17, 3.458194E-11 
3, 2.904573E-04 
7, 9.077613E-04 
2, 6.186048E-05 
17, 2.998438E-11 
14, 3.446828E-07 
13, 2.435992E-06 
12, 1.217967E-05 
18, 1.870784E-11 
4, 5.057285E-04 
1, 1.507479E-05 
12, 1.440738E-05 
10, 1.053149E-04 
12, 6.560491E-06 
1, 1.192465E-05 
3, 2.550918E-04 
10, 8.069630E-05 
7, 1.025676E-03 
9, 3.377734E-04 
18, 9.641201E-12 
10, 2.553880E-04 
16, 5.889525E-09 
12, 4.340706E-06 
5, 9.384312E-04 
16, 4.001799E-09 
14, 9.492717E-08 
6, 1.288269E-03 
17, 5.294283E-10 
11, 8.876293E-05 
18, 1.499251E-11 
7, 1.000151E-03 
9, 4.045908E-04 
9, 3.662182E-04 
8, 6.073933E-04 
18, 1.751213E-11 
12, 7.863381E-06 
10, 1.784051E-04 
11, 4.909014E-05 
6, 9.969141E-04 
6, 8.354724E-04 
11, 5.201570E-05 
14, 3.042845E-07 
6, 1.046755E-03 
15, 3.090126E-08 
11, 4.405913E-05 
17, 9.189770E-10 
17, 3.041358E-11 
13, 2.573294E-06 
14, 4.480850E-08 
11, 4.263852E-05 
10, 7.294192E-05 
12, 1.217270E-05 
12, 9.609134E-06 
9, 3.717501E-04 
18, 1.499251E-11 
7, 1.119008E-03 
1, 1.194507E-05 
18, 1.167038E-11 
1, 1.153965E-05 
14, 3.446828E-07 
11, 4.183780E-05 
11, 3.063147E-05 
14, 8.604714E-08 
15, 8.367607E-09 
10, 1.915292E-04 
9, 5.550007E-04 
2, 3.904403E-05 
18, 1.499251E-11 
18, 1.865516E-11 
4, 4.836789E-04 
1, 1.179366E-05 
15, 3.969579E-08 
2, 1.225011E-04 
17, 4.992843E-10 
3, 2.697469E-04 
12, 1.081603E-05 
12, 1.092004E-05 
16, 5.884085E-09 
17, 1.648349E-11 
17, 6.074028E-10 
2, 7.103565E-05 
8, 6.745105E-04 
7, 9.672103E-04 
8, 7.145955E-04 
9, 3.484908E-04 
17, 3.281849E-11 
14, 1.039232E-07 
15, 2.208907E-08 
17, 1.445472E-09 
4, 7.607385E-04 
14, 1.042943E-07 
4, 6.293228E-04 
18, 2.037774E-11 
17, 3.215355E-11 
10, 8.876293E-05 
15, 1.187042E-08 
8, 4.795442E-04 
11, 5.284648E-05 
2, 1.225011E-04 
18, 1.499251E-11 
3, 2.776705E-04 
4, 3.913855E-04 
8, 5.388500E-04 
5, 9.995150E-04 
10, 1.551098E-04 
6, 1.157819E-03 
8, 6.621527E-04 
14, 5.047990E-08 
14, 7.959342E-08 
4, 1.020210E-03 
8, 8.792934E-04 
10, 1.473717E-04 
17, 4.797604E-10 
18, 1.499251E-11 
6, 1.002879E-03 
1, 9.763684E-06 
1, 3.315183E-05 
15, 1.128808E-08 
1, 1.242072E-05 
16, 3.984724E-09 
9, 3.526809E-04 
16, 4.227487E-09 
8, 6.050793E-04 
14, 1.134269E-06 
17, 3.246485E-11 
14, 3.742456E-07 
8, 5.691346E-04 
9, 6.019561E-04 
4, 3.926675E-04 
4, 6.370724E-04 
8, 5.281347E-04 
17, 1.893105E-09 
11, 2.044957E-05 
4, 4.114346E-04 
7, 1.195088E-03 
7, 9.824251E-04 
16, 8.022103E-09 
18, 9.281780E-12 
14, 4.924348E-07 
4, 6.488203E-04 
9, 4.436755E-04 
15, 7.531631E-09 
1, 9.273555E-06 
17, 2.007634E-11 
14, 3.748708E-07 
1, 1.509637E-05 
17, 5.876810E-10 
17, 2.437401E-09 
2, 3.436442E-05 
6, 8.964170E-04 
1, 1.563879E-05 
2, 8.121528E-05 
8, 8.122041E-04 
10, 1.652216E-04 
13, 2.189948E-06 
14, 1.151389E-07 
10, 2.003659E-04 
7, 8.535683E-04 
8, 5.508351E-04 
9, 4.544486E-04 
18, 1.250061E-11 
1, 1.154273E-05 
9, 2.869557E-04 
7, 9.885670E-04 
6, 1.380687E-03 
13, 9.863811E-07 
2, 1.201711E-05 
6, 9.933065E-04 
5, 6.634320E-04 
15, 4.566707E-08 
14, 4.860535E-08 
1, 1.210474E-05 
17, 5.932766E-10 
7, 1.049520E-03 
2, 2.078854E-05 
10, 1.596554E-04 
16, 4.781845E-09 
16, 1.610062E-09 
7, 1.213346E-03 
18, 1.465558E-11 
7, 1.033922E-03 
6, 1.023283E-03 
9, 3.149504E-04 
18, 1.491783E-11 
3, 2.265942E-04 
15, 3.536038E-08 
16, 1.054275E-09 
16, 2.001185E-09 
3, 2.426914E-04 
13, 2.101049E-06 
10, 1.276749E-04 
8, 6.165385E-04 
5, 9.291364E-04 
9, 3.003329E-04 
17, 2.997759E-11 
14, 2.314529E-07 
13, 1.709523E-06 
18, 1.507421E-11 
4, 1.014460E-04 
2, 8.984973E-05 
10, 1.446294E-04 
13, 1.046918E-06 
1, 1.154273E-05 
14, 1.235819E-07 
16, 5.682458E-09 
8, 8.995380E-04 
10, 1.043976E-04 
7, 1.151093E-03 
11, 6.066570E-05 
8, 5.960501E-04 
12, 4.576939E-06 
16, 1.648349E-11 
11, 1.467902E-05 
1, 1.035212E-05 
11, 2.492693E-05 
11, 3.166203E-05 
17, 1.199401E-10 
15, 3.969157E-08 
6, 9.474233E-04 
16, 1.141192E-09 
17, 3.741161E-11 
16, 8.100157E-10 
17, 5.997006E-11 
3, 2.801032E-04 
3, 2.838698E-04 
8, 8.969039E-04 
1, 7.917674E-06 
17, 2.823495E-10 
16, 7.379008E-10 
8, 9.015056E-04 
16, 1.296685E-09 
2, 7.403074E-05 
12, 8.904112E-06 
7, 9.241072E-04 
16, 6.997482E-09 
15, 5.482577E-08 
6, 1.024830E-03 
7, 9.372818E-04 
3, 7.491337E-05 
18, 1.648331E-11 
13, 8.378295E-07 
14, 3.725558E-07 
8, 6.638749E-04 
4, 3.078292E-04 
14, 1.471100E-07 
2, 8.074855E-05 
9, 3.772052E-04 
9, 3.846310E-04 
10, 1.448316E-04 
9, 5.036387E-04 
1, 1.144658E-05 
3, 2.668547E-04 
15, 5.224023E-08 
6, 1.012560E-03 
9, 6.049945E-04 
9, 3.279464E-04 
6, 1.507405E-03 
2, 6.917207E-05 
4, 4.503407E-04 
4, 5.996830E-04 
16, 6.483427E-10 
7, 8.699246E-04 
18, 1.394698E-11 
18, 1.096455E-11 
5, 6.646042E-04 
12, 7.751631E-06 
9, 3.179959E-04 
3, 3.232449E-04 
6, 9.942128E-04 
18, 1.004666E-11 
16, 4.840013E-10 
3, 2.140636E-04 
2, 9.184070E-05 
4, 6.621813E-04 
8, 9.009912E-04 
12, 8.421378E-06 
15, 4.352330E-08 
11, 4.908195E-05 
2, 4.396175E-05 
16, 4.654681E-09 
11, 3.019555E-05 
15, 1.434493E-08 
1, 8.615355E-06 
16, 3.016305E-09 
9, 3.251785E-04 
14, 3.183737E-07 
14, 1.097343E-07 
10, 1.624231E-04 
1, 1.498395E-05 
3, 3.231780E-04 
11, 6.234066E-05 
16, 4.990723E-09 
4, 5.257964E-04 
1, 1.221244E-05 
5, 5.996439E-04 
5, 6.673568E-04 
16, 5.991231E-09 
10, 8.180485E-05 
16, 7.938931E-10 
3, 3.120087E-04 
15, 5.856145E-08 
5, 1.049548E-03 
12, 1.479684E-05 
14, 4.480119E-07 
11, 3.283718E-05 
13, 3.858532E-07 
17, 1.881011E-09 
13, 1.720242E-06 
5, 6.585763E-04 
8, 5.721173E-04 
14, 1.703036E-07 
1, 8.753528E-06 
18, 1.176600E-11 
13, 2.611803E-06 
14, 3.544769E-07 
1, 8.393402E-06 
15, 6.632984E-09 
7, 8.484352E-04 
18, 1.167038E-11 
5, 5.540805E-04 
17, 6.128020E-10 
5, 5.547851E-04 
11, 6.377739E-05 
12, 7.304533E-06 
16, 4.610971E-09 
4, 5.290062E-04 
1, 1.091294E-05 
4, 4.674958E-04 
8, 5.532702E-04 
14, 8.481044E-08 
15, 3.508550E-08 
15, 3.148971E-08 
1, 1.084369E-05 
17, 4.461591E-10 
5, 9.236092E-04 
12, 1.205588E-05 
6, 1.288269E-03 
12, 1.009668E-05 
16, 5.786768E-09 
6, 1.017202E-03 
17, 3.081395E-11 
14, 3.179646E-07 
4, 5.445527E-04 
8, 5.322758E-04 
15, 3.565447E-09 
6, 9.494158E-04 
7, 1.110165E-03 
11, 6.302964E-05 
9, 4.226704E-04 
2, 8.777408E-05 
16, 3.152851E-09 
18, 1.865516E-11 
4, 5.198940E-04 
5, 6.951496E-04 
5, 9.614146E-04 
15, 3.229859E-08 
3, 2.971771E-04 
9, 4.031617E-04 
7, 1.180934E-03 
12, 6.025237E-06 
10, 1.078845E-04 
5, 8.396148E-04 
6, 1.084762E-03 
14, 3.242482E-07 
3, 2.805752E-04 
16, 4.743900E-09 
14, 2.146089E-07 
15, 5.889525E-09 
18, 9.848851E-12 
18, 1.787827E-11 
12, 1.204349E-05 
12, 1.204349E-05 
9, 3.784827E-04 
15, 6.804565E-08 
1, 1.148027E-05 
1, 1.291480E-05 
15, 9.585805E-09 
18, 9.688924E-12 
1, 1.200971E-05 
16, 1.242401E-09 
1, 9.747522E-06 
18, 1.648349E-11 
2, 1.069319E-04 
1, 8.338010E-06 
1, 8.137545E-06 
1, 8.064789E-06 
5, 3.889543E-04 
4, 2.945544E-04 
7, 6.452230E-04 
8, 6.050793E-04 
8, 4.718320E-04 
8, 4.646472E-04 
8, 4.617778E-04 
2, 2.477607E-04 
3, 3.070168E-04 
4, 2.601658E-04 
3, 2.536686E-04 
7, 7.145955E-04 
7, 6.990761E-04 
7, 6.879514E-04 
7, 6.769611E-04 
7, 6.510531E-04 
7, 5.728964E-04 
8, 4.795442E-04 
11, 8.349781E-05 
10, 6.442101E-05 
11, 5.914854E-05 
11, 5.816859E-05 
11, 4.396692E-05 
14, 5.352414E-07 
14, 5.482577E-08 
14, 5.047990E-08 
15, 4.860535E-08 
15, 3.664849E-08 
15, 3.508550E-08 
15, 3.402283E-08 
16, 2.437401E-09 
17, 3.786210E-09 
17, 2.437401E-09 
15, 2.437401E-09 
17, 1.893105E-09 
18, 1.270445E-11 
18, 1.710736E-11 
18, 1.577885E-11 
17, 1.503328E-11 
18, 1.467778E-11 
18, 1.270445E-11 
18, 1.270445E-11 
