4, 1.426155E-03 
4, 1.385882E-03 
5, 9.380192E-04 
8, 2.615271E-05 
4, 1.381667E-03 
9, 6.132005E-07 
10, 1.600921E-07 
8, 2.024262E-05 
4, 9.295748E-04 
4, 7.407650E-04 
2, 8.200705E-04 
9, 4.328656E-06 
7, 1.177417E-04 
7, 1.034463E-04 
2, 5.986897E-04 
7, 1.083805E-04 
2, 8.797722E-04 
4, 1.258912E-03 
8, 1.845012E-05 
5, 8.150078E-04 
8, 2.024262E-05 
7, 9.693978E-05 
3, 1.399412E-03 
9, 7.803731E-07 
1, 2.202895E-04 
2, 1.406054E-03 
9, 5.465396E-06 
8, 2.546229E-05 
1, 3.075440E-04 
5, 7.373384E-04 
3, 1.317269E-03 
6, 6.521347E-04 
9, 5.828912E-06 
5, 7.811547E-04 
6, 4.001652E-04 
9, 5.322646E-06 
5, 8.531721E-04 
9, 5.527092E-06 
10, 1.516000E-07 
7, 1.177999E-04 
5, 6.588922E-04 
7, 1.044902E-04 
1, 1.889115E-04 
2, 6.950018E-04 
2, 7.664195E-04 
2, 7.585245E-04 
7, 1.301000E-04 
2, 6.169881E-04 
3, 1.155166E-03 
7, 1.081551E-04 
3, 1.363562E-03 
5, 8.317272E-04 
1, 2.081189E-04 
3, 1.652536E-03 
2, 7.954387E-04 
3, 1.454555E-03 
9, 3.502163E-06 
9, 5.194846E-06 
1, 1.941383E-04 
8, 2.090735E-05 
1, 2.907427E-04 
3, 1.628778E-03 
3, 1.683416E-03 
2, 8.253421E-04 
4, 8.320087E-04 
5, 9.934363E-04 
3, 1.228488E-03 
8, 2.090735E-05 
6, 3.812432E-04 
7, 1.177417E-04 
2, 8.737845E-04 
3, 1.075190E-03 
4, 8.835533E-04 
5, 8.753873E-04 
1, 1.901076E-04 
9, 5.886086E-06 
1, 2.014274E-04 
5, 6.439191E-04 
10, 2.595123E-07 
5, 8.800551E-04 
9, 4.461457E-06 
7, 1.483305E-04 
9, 8.046468E-06 
1, 3.218758E-04 
6, 3.964185E-04 
6, 2.543271E-04 
6, 3.913225E-04 
2, 8.574487E-04 
5, 9.254166E-04 
1, 3.057283E-04 
7, 1.053753E-04 
5, 9.520144E-04 
4, 1.010752E-03 
3, 1.151154E-03 
1, 2.244920E-04 
8, 3.018070E-05 
8, 6.778777E-06 
1, 2.132595E-04 
3, 1.587624E-03 
1, 2.269547E-04 
7, 1.533684E-04 
3, 7.954387E-04 
9, 3.115854E-06 
7, 3.397862E-05 
2, 8.459780E-04 
3, 1.609087E-03 
2, 1.562041E-03 
10, 2.266565E-07 
2, 8.585217E-04 
1, 2.328397E-04 
10, 1.824864E-07 
2, 8.281015E-04 
2, 8.351187E-04 
8, 7.246219E-06 
9, 5.873293E-06 
7, 1.182679E-04 
8, 4.231117E-06 
4, 1.256107E-03 
10, 1.788439E-07 
7, 1.574273E-04 
2, 7.873238E-04 
2, 8.323223E-04 
8, 2.093838E-05 
9, 8.371039E-06 
2, 8.509189E-04 
6, 5.324524E-04 
8, 1.505663E-05 
5, 1.023174E-03 
3, 1.662224E-03 
6, 2.588460E-04 
3, 1.146548E-03 
5, 7.406379E-04 
7, 1.232542E-04 
6, 2.694108E-04 
1, 3.179895E-04 
5, 7.596468E-04 
7, 1.052976E-04 
1, 3.695745E-04 
9, 8.601002E-07 
10, 3.258228E-07 
1, 2.834001E-04 
10, 1.990720E-07 
2, 4.863096E-04 
5, 1.075553E-03 
1, 2.974141E-04 
3, 1.430002E-03 
7, 1.070364E-04 
3, 1.336616E-03 
5, 6.940927E-04 
9, 3.845241E-06 
3, 1.239490E-03 
7, 1.181173E-04 
7, 1.311519E-04 
10, 1.815844E-07 
7, 1.533684E-04 
1, 2.033062E-04 
3, 8.663980E-04 
3, 1.626798E-03 
8, 2.442775E-05 
5, 8.818335E-04 
5, 9.373391E-04 
8, 3.263129E-05 
1, 2.487683E-04 
9, 7.084687E-07 
6, 2.809491E-04 
3, 1.577237E-03 
7, 2.310923E-04 
9, 3.497905E-06 
1, 2.269664E-04 
4, 1.209651E-03 
9, 5.930366E-06 
8, 2.612250E-05 
10, 2.655885E-07 
5, 7.448293E-04 
5, 7.301006E-04 
9, 4.972676E-07 
4, 1.101547E-03 
3, 8.994141E-04 
10, 1.391775E-07 
10, 1.358666E-07 
3, 1.670633E-03 
9, 6.276925E-07 
2, 8.625620E-04 
4, 8.384165E-04 
8, 2.111592E-05 
5, 6.751652E-04 
4, 1.128150E-03 
4, 8.937080E-04 
7, 1.354467E-04 
1, 3.516485E-04 
3, 1.560204E-03 
7, 1.044521E-04 
2, 8.982764E-04 
9, 3.067503E-06 
3, 7.612780E-04 
8, 3.018070E-05 
5, 8.258744E-04 
6, 3.757196E-04 
8, 1.185596E-05 
7, 1.871355E-04 
1, 3.673832E-04 
1, 2.314124E-04 
3, 1.675736E-03 
1, 2.129498E-04 
10, 2.438547E-07 
5, 8.412995E-04 
7, 1.105215E-04 
10, 1.491316E-07 
10, 1.617771E-07 
2, 7.476505E-04 
5, 1.033535E-03 
10, 2.231008E-07 
7, 1.057116E-04 
10, 5.495328E-07 
5, 7.813654E-04 
4, 1.201113E-03 
9, 5.429287E-07 
9, 4.041363E-06 
7, 6.142181E-05 
1, 3.176069E-04 
8, 3.883922E-05 
1, 2.147468E-04 
9, 2.971917E-06 
5, 8.889738E-04 
8, 4.480418E-05 
4, 9.133437E-04 
7, 1.114430E-04 
7, 1.457162E-04 
10, 2.385691E-07 
5, 9.421909E-04 
3, 1.276821E-03 
5, 1.096160E-03 
5, 6.394327E-04 
4, 1.312510E-03 
10, 1.508844E-07 
3, 8.994141E-04 
7, 1.266899E-04 
7, 1.852473E-04 
2, 7.934714E-04 
2, 7.225549E-04 
2, 7.662703E-04 
4, 1.321454E-03 
8, 1.063929E-05 
3, 1.745245E-03 
7, 1.551247E-04 
5, 9.842941E-04 
7, 1.379681E-04 
7, 1.411828E-04 
5, 1.072908E-03 
2, 7.896255E-04 
6, 3.994217E-04 
2, 7.688170E-04 
8, 2.960288E-05 
4, 9.466435E-04 
5, 9.696434E-04 
5, 7.368325E-04 
2, 1.344681E-03 
9, 6.454259E-07 
6, 3.645080E-04 
3, 9.850620E-04 
1, 2.331541E-04 
10, 1.452301E-07 
8, 2.118422E-05 
9, 7.010943E-07 
2, 8.247024E-04 
2, 8.367915E-04 
10, 2.081093E-07 
3, 1.632551E-03 
3, 1.411667E-03 
4, 8.429670E-04 
5, 9.471268E-04 
10, 4.289150E-07 
4, 1.240180E-03 
10, 1.924110E-07 
3, 1.246242E-03 
8, 3.336322E-05 
4, 9.865761E-04 
9, 5.930366E-06 
6, 2.658584E-04 
8, 2.378933E-05 
4, 1.051221E-03 
2, 8.622286E-04 
2, 9.371877E-04 
8, 3.566371E-05 
2, 1.170692E-03 
1, 2.223885E-04 
8, 2.678716E-05 
2, 8.867083E-04 
1, 3.046565E-04 
4, 9.253939E-04 
9, 5.163407E-06 
10, 2.285533E-07 
1, 2.223885E-04 
2, 7.317522E-04 
1, 1.920977E-04 
10, 1.617771E-07 
5, 8.961109E-04 
6, 2.670085E-04 
1, 2.751748E-04 
10, 1.720072E-07 
10, 1.528542E-07 
9, 5.628882E-06 
4, 1.418828E-03 
3, 1.324473E-03 
8, 2.340913E-05 
9, 3.895640E-06 
3, 1.339503E-03 
8, 2.013173E-05 
3, 1.632673E-03 
1, 2.294950E-04 
7, 2.522404E-04 
10, 1.381630E-07 
2, 9.033809E-04 
6, 4.070882E-04 
5, 1.135175E-03 
5, 7.481477E-04 
10, 1.358666E-07 
1, 2.018012E-04 
6, 2.570539E-04 
3, 1.375947E-03 
6, 2.582289E-04 
3, 1.384474E-03 
7, 1.097185E-04 
7, 1.250975E-04 
2, 7.629560E-04 
2, 8.657571E-04 
6, 2.469307E-04 
10, 3.881882E-07 
1, 2.672803E-04 
4, 8.429670E-04 
8, 7.877032E-06 
7, 1.545355E-04 
7, 1.810045E-04 
2, 6.332388E-04 
3, 1.625561E-03 
7, 1.362674E-04 
8, 7.123869E-06 
5, 9.732489E-04 
5, 8.831853E-04 
6, 1.076402E-04 
6, 3.028853E-04 
3, 1.620167E-03 
1, 1.954310E-04 
1, 1.990980E-04 
10, 2.228289E-07 
2, 2.223885E-04 
8, 2.129001E-05 
5, 7.079928E-04 
5, 9.466968E-04 
6, 3.863574E-04 
9, 4.174782E-06 
7, 1.221268E-04 
5, 7.381765E-04 
2, 6.609856E-04 
5, 9.501278E-04 
9, 4.543775E-06 
8, 3.275297E-05 
4, 9.466435E-04 
2, 9.120870E-04 
4, 7.770197E-04 
1, 2.180660E-04 
9, 5.163407E-06 
5, 2.626212E-04 
7, 1.045024E-04 
5, 7.059371E-04 
5, 8.724783E-04 
1, 2.677006E-04 
7, 1.403827E-04 
6, 4.213488E-04 
2, 7.798473E-04 
4, 1.114262E-03 
2, 7.873238E-04 
5, 8.750621E-04 
7, 2.181034E-04 
6, 3.375653E-04 
4, 7.770197E-04 
5, 9.998850E-04 
10, 2.099282E-07 
3, 1.617570E-03 
7, 1.555180E-04 
10, 4.966698E-07 
8, 2.844169E-05 
6, 3.203012E-04 
5, 8.689042E-04 
4, 1.491692E-03 
7, 1.610581E-04 
8, 2.442775E-05 
8, 3.001402E-05 
8, 1.860766E-05 
8, 2.093838E-05 
9, 4.680061E-06 
7, 1.824103E-04 
8, 1.949397E-05 
3, 1.357300E-03 
7, 3.071090E-05 
4, 1.356802E-03 
7, 1.165266E-04 
4, 9.203942E-04 
3, 9.273137E-04 
1, 1.912084E-04 
4, 9.354373E-04 
1, 3.682333E-04 
3, 1.696316E-03 
1, 2.133904E-04 
1, 2.945622E-04 
1, 2.101818E-04 
8, 2.632613E-05 
10, 1.617771E-07 
8, 2.901249E-05 
9, 3.539389E-06 
1, 2.398552E-04 
8, 1.855591E-05 
7, 1.871230E-04 
3, 1.512283E-03 
9, 4.362936E-06 
10, 1.766976E-07 
1, 2.858783E-04 
3, 1.353997E-03 
6, 3.514543E-04 
7, 1.100841E-04 
4, 1.444446E-03 
10, 2.220781E-07 
9, 5.469477E-06 
10, 2.565455E-07 
4, 1.495689E-03 
10, 2.634980E-07 
8, 2.863829E-05 
10, 2.006499E-07 
6, 2.507669E-04 
6, 2.834841E-04 
10, 1.508844E-07 
2, 8.328629E-04 
2, 9.143897E-04 
1, 3.052359E-04 
1, 3.556969E-04 
4, 1.397800E-03 
2, 7.279768E-04 
5, 7.683119E-04 
6, 4.576205E-04 
1, 1.934739E-04 
9, 4.304728E-06 
9, 7.312197E-07 
3, 1.489422E-03 
3, 1.553731E-03 
8, 2.232812E-05 
2, 9.390807E-04 
5, 9.834182E-04 
3, 1.553758E-03 
9, 5.908442E-07 
2, 9.007217E-04 
4, 1.334845E-03 
9, 4.324611E-06 
1, 2.245028E-04 
6, 9.213651E-04 
4, 8.558569E-04 
8, 2.988505E-05 
2, 7.813518E-04 
6, 3.326978E-04 
6, 1.448467E-04 
9, 3.572153E-07 
6, 2.661723E-04 
5, 1.046253E-03 
1, 3.649910E-04 
9, 4.158542E-07 
2, 7.087851E-04 
5, 8.332435E-04 
7, 1.315487E-04 
3, 1.425893E-03 
8, 1.466119E-06 
10, 2.157481E-07 
10, 1.573766E-07 
4, 1.392599E-03 
1, 2.470932E-04 
3, 9.461477E-04 
10, 2.247988E-07 
9, 7.763764E-07 
5, 9.735849E-04 
7, 1.379397E-04 
4, 1.048857E-03 
7, 1.675650E-04 
6, 2.554472E-04 
9, 5.617158E-06 
10, 1.517032E-07 
2, 7.843103E-04 
2, 7.408955E-04 
5, 1.019419E-03 
9, 2.943043E-06 
6, 2.051311E-04 
8, 2.711511E-05 
6, 3.831001E-04 
5, 1.006740E-03 
4, 9.561506E-04 
5, 1.024143E-03 
7, 1.353279E-04 
4, 9.602797E-04 
3, 1.478488E-03 
5, 1.069229E-03 
3, 1.184357E-03 
7, 6.414933E-05 
6, 3.689748E-04 
2, 8.454676E-04 
3, 1.393803E-03 
10, 1.605281E-07 
9, 8.341429E-07 
8, 2.336431E-05 
3, 1.410882E-03 
10, 2.647538E-07 
9, 4.682613E-07 
2, 8.812163E-04 
7, 1.291748E-04 
8, 2.350700E-05 
3, 1.187504E-03 
7, 1.135104E-04 
3, 1.509425E-03 
1, 2.043500E-04 
6, 3.817131E-04 
5, 8.117936E-04 
10, 3.227130E-07 
10, 1.614840E-07 
7, 1.811208E-04 
7, 1.144954E-04 
8, 2.764694E-05 
2, 6.760844E-04 
4, 1.198057E-03 
9, 6.700910E-06 
5, 1.031580E-03 
2, 7.225805E-04 
4, 1.086772E-03 
8, 4.305224E-05 
3, 1.295391E-03 
6, 4.795463E-04 
10, 2.307731E-07 
1, 7.425393E-04 
1, 3.587726E-04 
5, 1.107433E-03 
5, 7.736142E-04 
3, 1.682043E-03 
10, 2.105185E-07 
7, 1.429363E-04 
9, 5.786155E-06 
9, 3.409941E-06 
9, 5.737335E-07 
1, 2.422641E-04 
6, 3.794819E-04 
2, 8.737320E-04 
8, 2.580357E-05 
6, 2.443469E-04 
8, 1.845012E-05 
4, 1.461480E-03 
2, 8.221763E-04 
9, 4.044739E-06 
7, 2.606681E-05 
6, 4.843648E-04 
9, 6.864769E-06 
8, 1.412611E-05 
4, 1.418388E-03 
9, 4.375089E-06 
6, 3.511987E-04 
2, 7.973450E-04 
3, 9.273137E-04 
3, 1.515550E-03 
6, 4.045353E-04 
9, 4.331772E-06 
2, 7.682402E-04 
9, 4.109144E-06 
10, 1.508844E-07 
3, 1.266078E-03 
1, 2.235211E-04 
8, 3.135325E-05 
8, 3.126985E-05 
4, 9.116182E-04 
7, 1.130657E-04 
9, 5.138686E-06 
6, 2.555019E-04 
6, 4.362276E-04 
10, 1.523504E-07 
5, 1.046683E-03 
3, 1.520769E-03 
2, 7.402094E-04 
2, 8.751312E-04 
6, 4.028957E-04 
6, 4.532724E-04 
4, 1.382390E-03 
2, 9.140219E-04 
2, 8.337921E-04 
8, 2.949618E-05 
6, 2.832337E-04 
8, 3.018070E-05 
10, 1.667292E-07 
7, 1.060453E-04 
8, 3.018070E-05 
4, 1.373819E-03 
8, 2.421067E-05 
2, 9.020043E-04 
3, 8.109662E-04 
9, 1.815844E-07 
9, 4.828300E-06 
5, 7.419554E-04 
9, 5.218922E-06 
9, 7.147018E-07 
8, 1.149801E-05 
9, 4.938001E-07 
8, 2.754681E-05 
2, 7.813518E-04 
7, 1.298702E-04 
6, 3.536562E-04 
7, 1.241204E-04 
4, 1.333580E-03 
8, 1.101880E-05 
7, 1.127298E-04 
10, 1.564795E-07 
9, 5.263717E-06 
7, 1.296547E-04 
5, 8.132004E-04 
2, 8.281015E-04 
7, 1.663648E-04 
5, 7.275120E-04 
2, 1.111773E-03 
10, 1.508844E-07 
9, 1.294217E-06 
10, 2.230278E-07 
6, 3.851710E-04 
1, 2.218551E-04 
2, 8.102783E-04 
1, 2.989281E-04 
3, 1.427636E-03 
2, 7.746180E-04 
6, 3.806888E-04 
1, 2.194931E-04 
7, 1.326402E-04 
6, 3.011649E-04 
5, 1.015835E-03 
3, 1.002270E-03 
7, 1.057116E-04 
1, 2.323283E-04 
5, 8.651585E-04 
5, 8.478101E-04 
4, 1.395223E-03 
4, 1.423066E-03 
7, 1.226621E-04 
7, 1.320969E-04 
3, 1.558319E-03 
4, 1.391215E-03 
2, 7.843103E-04 
7, 1.372500E-04 
7, 1.391670E-04 
9, 5.786155E-06 
10, 1.516000E-07 
2, 8.127431E-04 
1, 2.061448E-04 
10, 1.689898E-07 
1, 2.185171E-04 
2, 8.438185E-04 
1, 3.424622E-04 
1, 2.398552E-04 
4, 1.048473E-03 
10, 8.199425E-07 
10, 2.510313E-07 
8, 1.695305E-05 
3, 1.519583E-03 
1, 2.810681E-04 
3, 8.315595E-04 
8, 1.949397E-05 
2, 9.046236E-04 
10, 1.780505E-07 
4, 1.428307E-03 
9, 3.664897E-06 
4, 9.390890E-04 
9, 4.630776E-06 
3, 1.397052E-03 
4, 9.966387E-04 
8, 2.252652E-05 
2, 8.123940E-04 
6, 3.622124E-04 
10, 2.012279E-07 
8, 2.111592E-05 
9, 8.951431E-07 
6, 4.021087E-04 
2, 8.181107E-04 
1, 2.625040E-04 
8, 3.469833E-05 
3, 7.322422E-04 
1, 2.287922E-04 
3, 1.452232E-03 
6, 4.498027E-04 
1, 3.294102E-04 
7, 1.282068E-04 
5, 8.292290E-04 
5, 9.200135E-04 
8, 1.830522E-05 
2, 8.308585E-04 
7, 9.001450E-05 
1, 1.994212E-04 
2, 9.294647E-04 
10, 1.802633E-07 
8, 4.242274E-05 
10, 1.381630E-07 
10, 2.232184E-07 
2, 1.443177E-03 
6, 2.970697E-04 
4, 1.156825E-03 
5, 9.654403E-04 
3, 1.605113E-03 
5, 6.781175E-04 
2, 8.450313E-04 
10, 1.617771E-07 
5, 1.051344E-03 
9, 4.174782E-06 
7, 1.593169E-04 
9, 5.753896E-06 
1, 1.864832E-04 
2, 7.864074E-04 
5, 1.038223E-03 
1, 2.729236E-04 
6, 2.359712E-04 
4, 9.302706E-04 
7, 1.726256E-04 
6, 4.524989E-04 
1, 2.014274E-04 
5, 7.086283E-04 
3, 1.659743E-03 
3, 1.301061E-03 
3, 7.640295E-04 
3, 1.188007E-03 
8, 3.443217E-05 
10, 1.662520E-07 
5, 8.590961E-04 
10, 1.819559E-07 
4, 9.423452E-04 
10, 2.167133E-07 
4, 7.770197E-04 
1, 2.339072E-04 
6, 2.617888E-04 
2, 9.239856E-04 
9, 5.465396E-06 
9, 5.851160E-06 
1, 3.129715E-04 
9, 5.587282E-06 
9, 2.971917E-06 
9, 4.556700E-06 
5, 7.597784E-04 
10, 1.617771E-07 
6, 3.856436E-04 
6, 3.452859E-04 
8, 7.877032E-06 
2, 9.074172E-04 
3, 1.718056E-03 
7, 1.306122E-04 
6, 3.969489E-04 
4, 1.010775E-03 
9, 6.442559E-07 
8, 5.163407E-06 
3, 8.933055E-04 
2, 8.518486E-04 
6, 4.730989E-04 
2, 7.803879E-04 
4, 1.094797E-03 
2, 7.932762E-04 
7, 1.400557E-04 
4, 8.821877E-04 
6, 3.227299E-04 
6, 2.577991E-04 
8, 2.192259E-05 
1, 2.513218E-04 
9, 3.472477E-06 
1, 2.312957E-04 
6, 2.775983E-04 
8, 2.306792E-05 
4, 1.378737E-03 
5, 9.531709E-04 
9, 4.961973E-06 
7, 1.394095E-04 
8, 1.860766E-05 
7, 1.055477E-04 
6, 4.045828E-04 
1, 1.920977E-04 
1, 2.194931E-04 
4, 1.290735E-03 
1, 2.129498E-04 
9, 3.982943E-06 
9, 5.736263E-06 
9, 3.589827E-06 
10, 1.484106E-07 
10, 1.508844E-07 
3, 1.257867E-03 
10, 1.715428E-07 
3, 1.506551E-03 
1, 3.690660E-04 
8, 1.101880E-05 
2, 9.494365E-04 
4, 8.924442E-04 
7, 1.071946E-04 
4, 1.369229E-03 
7, 4.841124E-05 
4, 9.325301E-04 
7, 2.116805E-04 
2, 8.300077E-04 
4, 1.339503E-03 
5, 9.221465E-04 
1, 2.641873E-04 
6, 4.683536E-04 
2, 8.453034E-04 
7, 1.400243E-04 
8, 2.711511E-05 
9, 5.617158E-06 
10, 2.167133E-07 
7, 1.098866E-04 
3, 1.368460E-03 
1, 2.934449E-04 
10, 1.657784E-07 
8, 9.113400E-06 
4, 1.633803E-03 
4, 9.364523E-04 
1, 2.414811E-04 
8, 3.091215E-05 
5, 1.046843E-03 
3, 1.455086E-03 
4, 1.155082E-03 
3, 1.292459E-03 
9, 4.961973E-06 
8, 2.880456E-05 
8, 2.902251E-05 
1, 2.356169E-04 
4, 1.502863E-03 
5, 8.569827E-04 
6, 4.717179E-04 
4, 9.602195E-04 
9, 2.959394E-06 
7, 1.380944E-04 
5, 7.811547E-04 
6, 4.710995E-04 
1, 1.873874E-04 
10, 1.352370E-07 
9, 6.156430E-07 
2, 6.888637E-04 
9, 4.461457E-06 
5, 9.743573E-04 
4, 1.233426E-03 
9, 4.284086E-06 
10, 1.617771E-07 
5, 8.935221E-04 
8, 7.135992E-06 
8, 2.244284E-05 
10, 1.573766E-07 
3, 1.415808E-03 
5, 1.004692E-03 
8, 3.250063E-05 
1, 2.631298E-04 
2, 8.495311E-04 
1, 2.422641E-04 
2, 7.905245E-04 
7, 1.089218E-04 
8, 2.606681E-05 
7, 1.518337E-04 
1, 2.652820E-04 
7, 1.569343E-04 
7, 5.642063E-05 
1, 3.522748E-04 
6, 4.346217E-04 
3, 1.585038E-03 
9, 7.144307E-07 
5, 7.199222E-04 
6, 3.106638E-04 
10, 3.432345E-07 
10, 3.572153E-07 
9, 3.409941E-06 
7, 1.730363E-04 
5, 1.025403E-03 
6, 4.180319E-04 
4, 1.059598E-03 
8, 2.138785E-06 
4, 9.273137E-04 
10, 1.391775E-07 
8, 1.773036E-05 
8, 8.371039E-06 
10, 1.538932E-07 
3, 1.323385E-03 
9, 5.930366E-06 
1, 2.223885E-04 
7, 1.233191E-04 
10, 1.614840E-07 
5, 7.351765E-04 
4, 1.263289E-03 
7, 1.158908E-04 
9, 3.067503E-06 
8, 1.988040E-05 
9, 6.679710E-07 
1, 2.467738E-04 
1, 3.229207E-04 
9, 4.508340E-06 
1, 2.493328E-04 
7, 1.129677E-04 
7, 1.488538E-04 
4, 1.479422E-03 
5, 9.195969E-04 
5, 1.184740E-03 
3, 1.389311E-03 
9, 5.205406E-06 
9, 7.727946E-07 
8, 2.021287E-05 
3, 1.198012E-03 
6, 2.822079E-04 
9, 2.959394E-06 
6, 4.847088E-04 
1, 1.917629E-04 
8, 1.589094E-05 
4, 8.689348E-04 
9, 4.403048E-06 
4, 1.372962E-03 
6, 4.638105E-04 
3, 1.521678E-03 
8, 1.402622E-05 
2, 7.300473E-04 
5, 9.649238E-04 
6, 2.482170E-04 
6, 2.681012E-04 
3, 1.562001E-03 
8, 9.830481E-06 
1, 2.356169E-04 
8, 2.129001E-05 
6, 2.570539E-04 
3, 1.632609E-03 
9, 7.524297E-06 
1, 2.725729E-04 
3, 1.221822E-03 
7, 1.344134E-04 
8, 3.442988E-05 
2, 7.959392E-04 
9, 5.663334E-06 
2, 7.203151E-04 
7, 1.085635E-04 
5, 8.704599E-04 
4, 1.403586E-03 
9, 4.585657E-06 
2, 6.362178E-04 
10, 2.342490E-07 
1, 3.549198E-04 
2, 7.777571E-04 
4, 9.524932E-04 
7, 1.417550E-04 
8, 2.853105E-05 
4, 1.338085E-03 
3, 1.692107E-03 
4, 7.770197E-04 
9, 4.585657E-06 
3, 1.189130E-03 
8, 1.683849E-05 
10, 2.093192E-07 
4, 1.424547E-03 
10, 2.694132E-07 
6, 3.824971E-04 
2, 8.301296E-04 
6, 2.790736E-04 
10, 1.720072E-07 
10, 1.860964E-07 
6, 4.565275E-04 
7, 1.486560E-04 
2, 7.751750E-04 
1, 2.595607E-04 
8, 1.935884E-05 
1, 3.568091E-04 
4, 9.905210E-04 
3, 8.509189E-04 
4, 9.252362E-04 
1, 3.509512E-04 
10, 1.613760E-07 
6, 2.465007E-04 
8, 1.417535E-05 
5, 7.651495E-04 
7, 1.460713E-04 
2, 8.613548E-04 
4, 7.635880E-04 
3, 1.403816E-03 
9, 4.836471E-06 
1, 2.541627E-04 
4, 1.169205E-03 
5, 1.051824E-03 
4, 1.062795E-03 
5, 8.868859E-04 
3, 1.360705E-03 
1, 2.741796E-04 
6, 4.309833E-04 
7, 1.107851E-04 
10, 1.886080E-07 
7, 1.054208E-04 
7, 1.443057E-04 
8, 1.984789E-05 
2, 7.420020E-04 
3, 1.598609E-03 
10, 3.572153E-07 
6, 3.893522E-04 
2, 8.112240E-04 
10, 1.430393E-07 
3, 1.468951E-03 
2, 8.793204E-04 
7, 1.216358E-04 
5, 1.183092E-03 
5, 9.853975E-04 
9, 4.700281E-06 
5, 3.058060E-04 
3, 1.626883E-03 
8, 2.580357E-05 
3, 1.699431E-03 
2, 8.922071E-04 
8, 1.111971E-05 
5, 9.015778E-04 
10, 3.183807E-07 
6, 4.418355E-04 
6, 4.003982E-04 
9, 6.597716E-07 
6, 4.021004E-04 
7, 1.130030E-04 
1, 3.456572E-04 
7, 1.261180E-04 
4, 1.300068E-03 
10, 1.791374E-07 
6, 3.898102E-04 
10, 1.809575E-07 
2, 7.950174E-04 
4, 9.379303E-04 
7, 1.297720E-04 
2, 1.041996E-03 
6, 3.755383E-04 
7, 1.371241E-04 
9, 4.828300E-06 
7, 1.117304E-04 
5, 1.069161E-03 
2, 6.366517E-04 
4, 1.049391E-03 
2, 8.002886E-04 
9, 4.639649E-06 
4, 1.379745E-03 
3, 1.373357E-03 
7, 1.343259E-04 
9, 7.733241E-07 
9, 6.131274E-07 
4, 1.360680E-03 
10, 2.205332E-07 
1, 2.398552E-04 
4, 1.460394E-03 
8, 4.720688E-05 
10, 1.508844E-07 
6, 2.644170E-04 
4, 1.298230E-03 
4, 8.844893E-04 
6, 2.562921E-04 
5, 1.046297E-03 
4, 1.438148E-03 
4, 1.039073E-03 
9, 9.601419E-07 
3, 1.633361E-03 
4, 7.392428E-04 
8, 2.695005E-05 
9, 7.403655E-07 
8, 3.001711E-05 
6, 3.022417E-04 
10, 1.617771E-07 
1, 2.559419E-04 
9, 4.130103E-06 
3, 1.547791E-03 
7, 1.557556E-04 
6, 3.578736E-04 
1, 3.047816E-04 
5, 1.071399E-03 
1, 2.141211E-04 
6, 6.724073E-04 
7, 1.382702E-04 
4, 1.160326E-03 
2, 8.300077E-04 
4, 1.334331E-03 
8, 2.482557E-05 
1, 3.642983E-04 
7, 1.352259E-04 
1, 3.132519E-04 
2, 7.878454E-04 
8, 7.123869E-06 
2, 1.077475E-03 
10, 2.385691E-07 
6, 4.094736E-04 
10, 3.227130E-07 
3, 1.272821E-03 
8, 3.551378E-05 
5, 1.195459E-03 
8, 1.153031E-05 
2, 8.579447E-04 
6, 3.702522E-04 
1, 2.335416E-04 
1, 3.548486E-04 
8, 1.121013E-05 
4, 1.449875E-03 
10, 1.515770E-07 
9, 3.678796E-06 
10, 2.404754E-07 
2, 9.464145E-04 
4, 8.593686E-04 
2, 1.167252E-03 
4, 1.046291E-03 
3, 1.379758E-03 
8, 2.600894E-05 
2, 7.776449E-04 
4, 1.395401E-03 
1, 1.984704E-04 
9, 2.878177E-06 
4, 9.141393E-04 
6, 4.033537E-04 
7, 1.154469E-04 
5, 8.808962E-04 
4, 9.236554E-04 
4, 8.951166E-04 
8, 1.443875E-05 
6, 4.417543E-04 
5, 7.683119E-04 
7, 1.056576E-04 
1, 3.225992E-04 
2, 8.301764E-04 
1, 3.136612E-04 
4, 1.285866E-03 
7, 1.688706E-04 
2, 8.933372E-04 
1, 2.144624E-04 
5, 9.570298E-04 
8, 2.021287E-05 
1, 3.493584E-04 
9, 5.873293E-06 
2, 8.887026E-04 
5, 6.847817E-04 
2, 7.862359E-04 
3, 1.397323E-03 
7, 1.068100E-04 
4, 9.575224E-04 
7, 1.186197E-04 
2, 6.366517E-04 
7, 1.486498E-04 
6, 4.142007E-04 
2, 9.541719E-04 
2, 7.526471E-04 
9, 3.582236E-06 
4, 1.370075E-03 
8, 1.998996E-05 
2, 8.157961E-04 
8, 3.219787E-05 
10, 2.682106E-07 
6, 3.886503E-04 
3, 1.465707E-03 
6, 2.724645E-04 
7, 1.467808E-04 
10, 2.054063E-07 
6, 3.903785E-04 
8, 7.471263E-06 
9, 6.090008E-07 
6, 2.452905E-04 
1, 1.889496E-04 
1, 3.353183E-04 
3, 1.403368E-03 
6, 3.803313E-04 
10, 1.508844E-07 
2, 8.831326E-04 
1, 1.922997E-04 
5, 9.514446E-04 
5, 9.351514E-04 
7, 1.654153E-04 
9, 4.231117E-06 
9, 6.035376E-07 
8, 3.565386E-05 
6, 2.603942E-04 
9, 4.805522E-06 
1, 2.014274E-04 
5, 1.015835E-03 
3, 1.615812E-03 
9, 6.454259E-07 
1, 2.572855E-04 
7, 1.085822E-04 
9, 6.752165E-06 
6, 4.446888E-04 
1, 2.662102E-04 
2, 8.099264E-04 
1, 2.897221E-04 
3, 1.412803E-03 
2, 7.925621E-04 
5, 7.060796E-04 
6, 4.249800E-04 
2, 7.905245E-04 
3, 1.690006E-03 
1, 2.725729E-04 
3, 1.406154E-03 
7, 1.099424E-04 
10, 1.468227E-07 
9, 4.401338E-06 
1, 2.408727E-04 
4, 1.268791E-03 
10, 2.387330E-07 
6, 4.362068E-04 
2, 7.658469E-04 
10, 4.127470E-07 
9, 4.556700E-06 
10, 2.388607E-07 
7, 1.085459E-04 
3, 1.245243E-03 
6, 3.159592E-04 
2, 8.934103E-04 
9, 3.321793E-06 
7, 1.657664E-04 
7, 1.574273E-04 
8, 1.829441E-05 
5, 8.571705E-04 
10, 1.845327E-07 
4, 1.025943E-03 
4, 1.043359E-03 
9, 4.700281E-06 
9, 4.375089E-06 
5, 6.468156E-04 
1, 1.901076E-04 
5, 8.452140E-04 
4, 1.394569E-03 
2, 6.626264E-04 
4, 9.461477E-04 
1, 2.849921E-04 
4, 8.055552E-04 
1, 1.921545E-04 
5, 7.436428E-04 
6, 3.294513E-04 
2, 8.357347E-04 
9, 8.089479E-06 
9, 4.680061E-06 
2, 7.420020E-04 
2, 8.452113E-04 
1, 3.202506E-04 
2, 7.708555E-04 
6, 2.645976E-04 
7, 1.544476E-04 
4, 1.078297E-03 
8, 4.841124E-05 
6, 3.755699E-04 
3, 1.638696E-03 
3, 1.664808E-03 
8, 3.397862E-05 
1, 3.493584E-04 
6, 4.247631E-04 
8, 1.891943E-05 
3, 1.263023E-03 
3, 1.402137E-03 
1, 2.354222E-04 
7, 1.793396E-04 
2, 7.388831E-04 
6, 4.060138E-04 
8, 5.108567E-06 
6, 2.620476E-04 
2, 9.202469E-04 
5, 8.811789E-04 
10, 2.334356E-07 
1, 2.123599E-04 
9, 3.013526E-06 
10, 3.227130E-07 
4, 1.228086E-03 
1, 2.619151E-04 
2, 3.227811E-04 
1, 3.689866E-04 
2, 7.890183E-04 
10, 1.720072E-07 
7, 4.015359E-05 
9, 5.741718E-06 
5, 1.239406E-03 
3, 1.411540E-03 
9, 3.934727E-06 
10, 2.117721E-07 
7, 1.182166E-04 
2, 7.463045E-04 
5, 9.845035E-04 
5, 8.925277E-04 
7, 1.372500E-04 
2, 8.135705E-04 
3, 1.367888E-03 
9, 5.018641E-06 
5, 8.141569E-04 
8, 1.891943E-05 
1, 2.742283E-04 
3, 1.567054E-03 
5, 8.255314E-04 
7, 1.312682E-04 
6, 2.525350E-04 
6, 3.817131E-04 
7, 1.539591E-04 
6, 4.399003E-04 
10, 4.857981E-07 
8, 2.458655E-05 
5, 7.354484E-04 
10, 1.617771E-07 
4, 8.907891E-04 
2, 8.203693E-04 
5, 7.406379E-04 
7, 1.110795E-04 
2, 7.432454E-04 
7, 2.402560E-04 
7, 1.864919E-04 
4, 1.116138E-03 
10, 3.572153E-07 
8, 3.442988E-05 
4, 1.403216E-03 
10, 7.967285E-07 
6, 4.302480E-04 
1, 2.111934E-04 
5, 9.613431E-04 
8, 3.067545E-05 
8, 2.552870E-05 
4, 1.020965E-03 
3, 1.622250E-03 
8, 6.889004E-06 
10, 1.381615E-07 
2, 8.392037E-04 
4, 1.241600E-03 
3, 1.385202E-03 
9, 5.138112E-06 
2, 8.689047E-04 
6, 4.346324E-04 
1, 2.804173E-04 
7, 1.121455E-04 
9, 6.236993E-06 
8, 3.378539E-05 
8, 2.226178E-05 
9, 3.539389E-06 
6, 4.366563E-04 
10, 3.572153E-07 
10, 2.537699E-07 
1, 3.000689E-04 
2, 7.903116E-04 
5, 9.731545E-04 
8, 2.013173E-05 
3, 1.563894E-03 
6, 2.644170E-04 
3, 1.334966E-03 
3, 1.479354E-03 
9, 3.982943E-06 
8, 4.015359E-05 
10, 1.445049E-07 
7, 2.464083E-04 
9, 7.877032E-06 
8, 2.756595E-05 
8, 2.138567E-05 
5, 7.233383E-04 
4, 8.750621E-04 
4, 1.072951E-03 
2, 7.748578E-04 
6, 3.969489E-04 
8, 7.144307E-07 
9, 4.089648E-06 
6, 3.555191E-04 
1, 3.689866E-04 
9, 6.454259E-07 
9, 7.471263E-06 
8, 2.806630E-05 
7, 1.177417E-04 
8, 2.436211E-05 
7, 1.428198E-04 
7, 1.083467E-04 
8, 3.275297E-05 
2, 6.908471E-04 
7, 1.092683E-04 
3, 1.190023E-03 
7, 1.467808E-04 
5, 7.608014E-04 
6, 2.526953E-04 
6, 3.581315E-04 
6, 3.363782E-04 
7, 1.835551E-04 
7, 1.312995E-04 
5, 1.069419E-03 
9, 2.943043E-06 
4, 8.932136E-04 
8, 2.442775E-05 
3, 7.640295E-04 
9, 8.714327E-07 
5, 8.839163E-04 
1, 2.508874E-04 
6, 3.919327E-04 
4, 1.198922E-03 
10, 2.543377E-07 
3, 1.102241E-03 
10, 4.318536E-07 
8, 2.691754E-05 
3, 1.690970E-03 
8, 2.468453E-05 
1, 3.083078E-04 
3, 1.358402E-03 
10, 1.631966E-07 
3, 1.330973E-03 
4, 1.151723E-03 
10, 2.289223E-07 
10, 1.459284E-07 
7, 1.242420E-04 
10, 1.631966E-07 
3, 1.424420E-03 
10, 1.631966E-07 
4, 1.475058E-03 
4, 1.155185E-03 
6, 3.453821E-04 
1, 3.225992E-04 
7, 2.181034E-04 
4, 8.315595E-04 
3, 1.471165E-03 
3, 1.076924E-03 
7, 1.394095E-04 
2, 7.960392E-04 
5, 6.681598E-04 
6, 4.555394E-04 
9, 5.426935E-06 
7, 1.301000E-04 
8, 2.386461E-05 
3, 1.638030E-03 
4, 1.209651E-03 
3, 1.355928E-03 
2, 8.987576E-04 
5, 6.847817E-04 
7, 2.030069E-04 
10, 2.943321E-07 
5, 7.750151E-04 
9, 4.698928E-07 
10, 2.151498E-07 
5, 1.024677E-03 
5, 1.053803E-03 
8, 3.038372E-05 
8, 2.506520E-05 
5, 7.016045E-04 
8, 4.002599E-05 
5, 7.634344E-04 
6, 3.755383E-04 
1, 3.227811E-04 
6, 4.056252E-04 
10, 3.838512E-07 
9, 4.543775E-06 
2, 8.673153E-04 
1, 2.808394E-04 
3, 1.397313E-03 
4, 9.142909E-04 
5, 9.234022E-04 
3, 1.469905E-03 
2, 6.950018E-04 
5, 1.003921E-03 
9, 6.706267E-07 
6, 4.222438E-04 
4, 1.548107E-03 
5, 8.465494E-04 
2, 9.486391E-04 
1, 1.934566E-04 
6, 4.240201E-04 
9, 3.818903E-06 
9, 6.864769E-06 
3, 1.193752E-03 
8, 2.948762E-05 
6, 3.414992E-04 
5, 1.017238E-03 
10, 1.897366E-07 
7, 1.725899E-04 
9, 4.190827E-06 
6, 4.833259E-04 
6, 2.726362E-04 
4, 8.099061E-04 
2, 7.277573E-04 
1, 2.214751E-04 
4, 1.126673E-03 
9, 4.108199E-06 
6, 1.101651E-04 
10, 1.868019E-07 
8, 2.728859E-05 
8, 1.852714E-05 
9, 3.321793E-06 
7, 1.055477E-04 
3, 1.443888E-03 
4, 1.428640E-03 
2, 7.619072E-04 
6, 4.636635E-04 
3, 1.200647E-03 
2, 7.558369E-04 
7, 1.343259E-04 
6, 3.319066E-04 
7, 1.183694E-04 
1, 2.855611E-04 
6, 3.903785E-04 
5, 1.083134E-03 
7, 1.189511E-04 
9, 3.379600E-06 
5, 8.329364E-04 
7, 1.360051E-04 
3, 7.596435E-04 
10, 1.374470E-07 
6, 4.535479E-04 
4, 1.330546E-03 
2, 8.094553E-04 
7, 1.183586E-04 
10, 1.920523E-07 
6, 3.382854E-04 
1, 2.147468E-04 
7, 1.117304E-04 
10, 1.619389E-07 
9, 4.078075E-06 
10, 2.577327E-07 
3, 1.289232E-03 
5, 8.307799E-04 
4, 1.079906E-03 
1, 2.101818E-04 
9, 8.431871E-07 
5, 9.791506E-04 
3, 1.666360E-03 
4, 1.292047E-03 
3, 1.075190E-03 
3, 1.355954E-03 
1, 2.227417E-04 
9, 5.890854E-07 
1, 2.259120E-04 
9, 9.007625E-07 
3, 1.587194E-03 
10, 2.219362E-07 
5, 7.817023E-04 
4, 9.072644E-04 
4, 1.072462E-03 
9, 5.662658E-06 
2, 7.489505E-04 
9, 3.572153E-07 
4, 1.283372E-03 
10, 1.617771E-07 
8, 3.071090E-05 
10, 1.681086E-07 
10, 1.770517E-07 
8, 1.830522E-05 
10, 1.766976E-07 
3, 1.273281E-03 
7, 1.053863E-04 
7, 1.439183E-04 
3, 1.573079E-03 
2, 8.768840E-04 
5, 1.073571E-03 
2, 7.688170E-04 
6, 2.440215E-04 
4, 1.258912E-03 
2, 7.553155E-04 
5, 6.714806E-04 
3, 6.700588E-04 
2, 9.105682E-04 
3, 1.232788E-03 
6, 4.070882E-04 
10, 1.459284E-07 
9, 3.688275E-06 
5, 8.149623E-04 
6, 4.605637E-04 
6, 2.465007E-04 
4, 1.005914E-03 
2, 8.130026E-04 
9, 4.362936E-06 
1, 2.485433E-04 
6, 4.091721E-04 
4, 1.013453E-03 
6, 3.058060E-04 
8, 3.018872E-05 
4, 1.327214E-03 
2, 8.512667E-04 
3, 1.492628E-03 
5, 1.062160E-03 
9, 3.067503E-06 
9, 5.851160E-06 
8, 3.062074E-05 
5, 8.034007E-04 
8, 2.259272E-05 
1, 3.141785E-04 
10, 2.431802E-07 
9, 6.221129E-07 
9, 4.304728E-06 
2, 1.017688E-03 
9, 4.190827E-06 
3, 1.358024E-03 
3, 1.588488E-03 
5, 7.504641E-04 
7, 1.053286E-04 
6, 2.520259E-04 
1, 1.878275E-04 
1, 1.912084E-04 
6, 2.899008E-04 
9, 4.890099E-06 
1, 1.969648E-04 
10, 2.650058E-07 
8, 1.445165E-05 
8, 1.676405E-05 
8, 2.404720E-05 
7, 1.182679E-04 
7, 1.486560E-04 
3, 1.464953E-03 
7, 1.327358E-04 
7, 1.423691E-04 
9, 7.949742E-07 
2, 8.837772E-04 
7, 1.054455E-04 
6, 2.613226E-04 
10, 3.258228E-07 
6, 3.806571E-04 
8, 1.087472E-05 
10, 1.489709E-07 
9, 7.783005E-07 
9, 3.502163E-06 
6, 2.452905E-04 
1, 3.474680E-04 
9, 4.682613E-07 
3, 1.196251E-03 
4, 1.431674E-03 
6, 4.583084E-04 
3, 1.410320E-03 
2, 7.788218E-04 
6, 4.240222E-04 
5, 9.002346E-04 
7, 1.232742E-04 
9, 7.129686E-07 
1, 2.149693E-04 
8, 3.080904E-05 
8, 2.265269E-05 
8, 2.887750E-05 
8, 2.764694E-05 
7, 1.076402E-04 
2, 9.085709E-04 
3, 1.278680E-03 
9, 1.782958E-07 
4, 1.031190E-03 
5, 8.820862E-04 
6, 4.071272E-04 
10, 2.451185E-07 
3, 1.009910E-03 
4, 1.340988E-03 
4, 9.597837E-04 
1, 2.243286E-04 
5, 1.121979E-03 
8, 1.829441E-05 
4, 1.047992E-03 
3, 1.301284E-03 
3, 1.676045E-03 
5, 8.843927E-04 
8, 5.205406E-06 
3, 1.653674E-03 
3, 1.607176E-03 
10, 2.232184E-07 
7, 1.871355E-04 
5, 7.627094E-04 
5, 7.860358E-04 
5, 7.478711E-04 
7, 1.039888E-04 
8, 3.038180E-05 
7, 1.225203E-04 
4, 1.395673E-03 
8, 3.278278E-05 
10, 3.227130E-07 
6, 2.798519E-04 
5, 7.617927E-04 
2, 8.248659E-04 
3, 1.481418E-03 
10, 1.478458E-07 
9, 5.761603E-07 
10, 1.707356E-07 
6, 3.334971E-04 
6, 2.577991E-04 
6, 2.697379E-04 
6, 3.536228E-04 
7, 1.502370E-04 
7, 1.443057E-04 
10, 2.426636E-07 
5, 8.420039E-04 
9, 6.454259E-07 
6, 4.040420E-04 
2, 9.269701E-04 
8, 2.555054E-05 
1, 3.625838E-04 
3, 1.342214E-03 
1, 2.339072E-04 
9, 5.289723E-07 
1, 2.803634E-04 
7, 1.166776E-04 
8, 2.442775E-05 
6, 3.835774E-04 
5, 8.986391E-04 
6, 3.599611E-04 
6, 3.103752E-04 
10, 1.508844E-07 
1, 2.620314E-04 
5, 8.404706E-04 
4, 8.081909E-04 
1, 2.859934E-04 
2, 8.183167E-04 
10, 1.567417E-07 
10, 1.967465E-07 
1, 1.950435E-04 
1, 3.239060E-04 
5, 7.288925E-04 
8, 1.452878E-05 
9, 3.647104E-06 
5, 6.946987E-04 
3, 1.406023E-03 
3, 1.363793E-03 
8, 2.581738E-05 
3, 1.715520E-03 
9, 6.471074E-07 
10, 2.344098E-07 
6, 3.427174E-04 
7, 1.135118E-04 
6, 3.709773E-04 
9, 3.444299E-06 
9, 4.044739E-06 
4, 9.255742E-04 
2, 7.498785E-04 
10, 1.617771E-07 
3, 1.573428E-03 
4, 1.046002E-03 
1, 2.917534E-04 
6, 3.543944E-04 
6, 2.514561E-04 
4, 9.708602E-04 
7, 1.293238E-04 
1, 2.272145E-04 
1, 3.055828E-04 
4, 1.275279E-03 
6, 4.758372E-04 
4, 1.402770E-03 
5, 1.014638E-03 
10, 1.811632E-07 
5, 9.363411E-04 
10, 1.538932E-07 
5, 6.946987E-04 
8, 3.019082E-05 
5, 1.001744E-03 
1, 1.966477E-04 
3, 1.484954E-03 
9, 5.134036E-06 
1, 1.941383E-04 
2, 7.892827E-04 
8, 1.852714E-05 
10, 1.820195E-07 
4, 9.860508E-04 
10, 1.547778E-07 
9, 1.420106E-07 
7, 1.606144E-04 
10, 2.392853E-07 
2, 8.862026E-04 
5, 6.509538E-04 
3, 1.440443E-03 
10, 3.881882E-07 
10, 3.313512E-07 
4, 1.405787E-03 
5, 8.787601E-04 
2, 7.146687E-04 
8, 3.043980E-05 
2, 8.320471E-04 
7, 1.538341E-04 
3, 1.211497E-03 
2, 7.865724E-04 
9, 6.515020E-07 
6, 3.955013E-04 
3, 1.610189E-03 
8, 2.561276E-05 
9, 4.508340E-06 
4, 1.394198E-03 
8, 3.615585E-05 
8, 9.190773E-05 
6, 2.756542E-04 
2, 1.410569E-03 
5, 1.042231E-03 
5, 8.281345E-04 
10, 1.617771E-07 
4, 1.224824E-03 
5, 9.543506E-04 
4, 9.399490E-04 
6, 2.762208E-04 
5, 1.041197E-03 
10, 1.374470E-07 
2, 9.617819E-04 
1, 2.770449E-04 
9, 3.299381E-06 
4, 8.658921E-04 
10, 1.617771E-07 
1, 2.662102E-04 
8, 2.800600E-05 
10, 1.745877E-07 
6, 4.407744E-04 
8, 4.085349E-05 
1, 2.993160E-04 
2, 7.903798E-04 
10, 2.387330E-07 
10, 1.780762E-07 
1, 1.889496E-04 
9, 6.752165E-06 
1, 3.081210E-04 
9, 3.637823E-06 
3, 1.502364E-03 
2, 7.693456E-04 
3, 1.389111E-03 
8, 2.083034E-05 
3, 1.284316E-03 
3, 1.445593E-03 
6, 2.734337E-04 
8, 3.364811E-05 
5, 8.629814E-04 
6, 4.751198E-04 
5, 6.708070E-04 
3, 7.932762E-04 
3, 9.695641E-04 
2, 8.784088E-04 
3, 1.656203E-03 
4, 1.269818E-03 
10, 1.575745E-07 
8, 2.442775E-05 
7, 2.404720E-05 
6, 2.543271E-04 
10, 2.584543E-07 
4, 1.048484E-03 
1, 3.160749E-04 
8, 7.471263E-06 
2, 7.054755E-04 
9, 6.761304E-07 
1, 2.559419E-04 
9, 6.778777E-06 
10, 2.364193E-07 
1, 2.101818E-04 
9, 5.469477E-06 
10, 3.227130E-07 
4, 1.102241E-03 
5, 1.022782E-03 
2, 8.655870E-04 
8, 2.514655E-05 
9, 4.585657E-06 
5, 8.610034E-04 
1, 1.954310E-04 
10, 1.770517E-07 
7, 1.020353E-04 
2, 7.884220E-04 
3, 1.440383E-03 
1, 2.287951E-04 
9, 7.949742E-07 
4, 1.075055E-03 
6, 4.226060E-04 
3, 1.386600E-03 
5, 8.883747E-04 
4, 1.289623E-03 
1, 3.051520E-04 
7, 2.406861E-05 
9, 4.972676E-07 
8, 2.980429E-05 
8, 2.756485E-05 
8, 4.901749E-06 
1, 1.864832E-04 
6, 4.360424E-04 
8, 2.612250E-05 
8, 3.419098E-05 
7, 1.326402E-04 
2, 2.876046E-04 
5, 8.757174E-04 
5, 1.039748E-03 
9, 5.230069E-06 
6, 4.400130E-04 
8, 3.603948E-05 
5, 6.770058E-04 
7, 1.053863E-04 
1, 2.791564E-04 
4, 8.809116E-04 
8, 2.350700E-05 
1, 1.912084E-04 
3, 1.373977E-03 
3, 7.570319E-04 
8, 4.085349E-05 
10, 1.766976E-07 
3, 1.483526E-03 
7, 1.275425E-04 
10, 2.005554E-07 
1, 3.532033E-04 
7, 1.098113E-04 
3, 1.438286E-03 
10, 3.227130E-07 
4, 1.084234E-03 
10, 1.508844E-07 
3, 1.415664E-03 
6, 2.520259E-04 
5, 8.750077E-04 
8, 2.269755E-05 
1, 2.034642E-04 
4, 1.232210E-03 
2, 7.972383E-04 
3, 1.543507E-03 
4, 1.348671E-03 
8, 2.759885E-05 
5, 6.895039E-04 
6, 3.590881E-04 
9, 3.255307E-06 
2, 8.663980E-04 
6, 2.644170E-04 
8, 2.261365E-05 
1, 3.618911E-04 
3, 1.332043E-03 
1, 3.549198E-04 
5, 8.304701E-04 
3, 1.462722E-03 
6, 2.574876E-04 
10, 5.306217E-07 
8, 3.481223E-05 
3, 1.537380E-03 
8, 2.172209E-05 
4, 1.063139E-03 
9, 4.667912E-06 
10, 1.617771E-07 
6, 3.945716E-04 
3, 1.457870E-03 
5, 1.050824E-03 
8, 2.507168E-05 
2, 8.406472E-04 
6, 2.534218E-04 
3, 1.210116E-03 
3, 1.664808E-03 
1, 2.156697E-04 
4, 1.395661E-03 
1, 1.972546E-04 
2, 7.596334E-04 
4, 1.325569E-03 
10, 2.099282E-07 
3, 1.338060E-03 
4, 1.108684E-03 
4, 8.651585E-04 
6, 2.653138E-04 
5, 9.833412E-04 
10, 1.508844E-07 
4, 1.181069E-03 
1, 2.101818E-04 
2, 9.468389E-04 
9, 3.337548E-06 
8, 1.935884E-05 
5, 1.142795E-03 
4, 1.045691E-03 
3, 1.456904E-03 
7, 1.779446E-04 
10, 1.969183E-07 
10, 2.561829E-07 
6, 2.553219E-04 
7, 8.727757E-05 
2, 8.297170E-04 
1, 2.849921E-04 
4, 1.165033E-03 
9, 3.638172E-06 
9, 4.701161E-06 
7, 1.160936E-04 
2, 6.362178E-04 
9, 3.664897E-06 
4, 1.423066E-03 
6, 3.409131E-04 
1, 2.236900E-04 
5, 1.130754E-03 
6, 3.070515E-04 
7, 1.743547E-04 
4, 1.087912E-03 
4, 1.021043E-03 
10, 3.183807E-07 
4, 1.133923E-03 
6, 4.379542E-04 
1, 1.864832E-04 
5, 7.959224E-04 
4, 1.439234E-03 
1, 3.050320E-04 
10, 1.914792E-07 
8, 5.650335E-07 
3, 1.403873E-03 
4, 1.390128E-03 
8, 2.448247E-05 
10, 2.131814E-07 
3, 1.380029E-03 
5, 7.711610E-04 
2, 9.071650E-04 
6, 5.488967E-04 
7, 1.226621E-04 
4, 1.404134E-03 
6, 6.468156E-04 
4, 1.397054E-03 
6, 3.706423E-04 
6, 4.356494E-04 
8, 2.485040E-05 
6, 2.562921E-04 
3, 1.514810E-03 
10, 3.572153E-07 
8, 4.585657E-06 
2, 7.402094E-04 
4, 6.681598E-04 
3, 1.348464E-03 
4, 8.099061E-04 
4, 8.055552E-04 
1, 2.180660E-04 
1, 1.873874E-04 
5, 7.059371E-04 
5, 6.940927E-04 
6, 5.312590E-04 
5, 4.094736E-04 
6, 3.685654E-04 
6, 3.453821E-04 
6, 4.015359E-05 
1, 1.864832E-04 
3, 9.273137E-04 
6, 3.536228E-04 
6, 2.899008E-04 
6, 2.116805E-04 
6, 1.864919E-04 
7, 1.852473E-04 
7, 3.336322E-05 
8, 2.442775E-05 
10, 4.698928E-07 
10, 3.838512E-07 
