13, 6.357469E-06 
18, 6.860277E-13 
13, 2.820451E-06 
14, 8.306196E-07 
3, 3.355854E-04 
9, 3.241969E-04 
5, 9.102250E-04 
3, 2.185361E-04 
6, 8.659726E-04 
11, 9.596884E-05 
18, 1.374785E-10 
1, 8.466281E-06 
4, 5.405206E-04 
6, 9.073841E-04 
8, 9.294489E-04 
16, 7.280192E-08 
7, 8.850239E-04 
9, 5.439620E-04 
12, 4.431571E-05 
7, 8.858351E-04 
12, 6.606812E-05 
14, 3.174376E-06 
13, 2.517069E-05 
8, 8.365527E-04 
14, 1.447241E-06 
3, 2.332818E-04 
10, 3.529328E-04 
7, 9.041702E-04 
19, 7.102104E-13 
18, 1.851605E-10 
19, 2.619899E-13 
17, 1.928683E-10 
17, 2.731373E-09 
18, 1.768398E-12 
9, 7.413148E-04 
4, 4.284032E-04 
1, 1.423266E-05 
3, 1.984140E-04 
1, 1.111825E-05 
2, 1.310566E-04 
2, 5.919307E-05 
19, 4.028600E-13 
7, 8.707772E-04 
7, 9.869377E-04 
6, 7.477595E-04 
3, 2.440362E-04 
10, 3.554917E-04 
3, 2.062875E-04 
15, 3.366769E-07 
10, 2.542769E-04 
8, 5.157928E-04 
18, 9.440881E-11 
18, 5.100760E-13 
13, 1.670619E-05 
9, 3.909135E-04 
11, 1.116835E-04 
14, 2.765639E-06 
17, 1.530328E-09 
3, 1.476138E-04 
14, 3.910287E-06 
5, 7.477595E-04 
18, 2.590632E-13 
16, 1.237510E-07 
15, 1.759049E-07 
12, 5.826662E-05 
7, 1.128203E-03 
10, 2.961484E-04 
17, 2.548955E-10 
14, 3.230007E-06 
3, 2.773334E-04 
11, 1.271204E-04 
5, 8.476677E-04 
12, 3.113508E-05 
1, 1.859124E-05 
4, 3.838356E-04 
15, 8.511751E-08 
11, 7.104503E-05 
4, 3.972320E-04 
3, 1.807710E-04 
10, 3.319935E-04 
3, 1.500165E-04 
13, 3.500375E-06 
12, 3.640237E-05 
12, 5.119651E-05 
5, 8.784974E-04 
7, 8.245592E-04 
2, 3.377414E-04 
15, 4.907814E-07 
13, 1.633283E-05 
3, 1.449965E-04 
13, 2.650170E-05 
1, 1.540756E-05 
6, 8.143552E-04 
17, 5.029601E-11 
19, 2.544624E-13 
10, 2.837913E-04 
13, 1.317315E-05 
17, 4.398210E-09 
19, 3.638198E-13 
11, 1.253026E-04 
1, 1.088708E-05 
8, 8.537781E-04 
16, 3.758622E-08 
16, 5.227392E-09 
9, 5.228805E-04 
17, 4.868051E-09 
13, 1.114633E-05 
18, 1.664866E-12 
15, 5.454718E-07 
12, 2.779386E-05 
12, 2.718313E-05 
12, 3.648203E-05 
3, 1.679417E-04 
17, 2.700457E-10 
7, 9.166145E-04 
16, 2.465002E-08 
2, 2.726772E-04 
19, 3.103894E-13 
15, 4.204873E-07 
15, 3.291132E-07 
18, 6.432948E-11 
6, 6.301768E-04 
17, 3.128899E-09 
12, 3.957983E-05 
19, 3.420357E-13 
8, 8.003736E-04 
13, 1.412779E-05 
17, 2.508418E-09 
9, 4.070487E-04 
1, 1.611218E-05 
2, 4.722109E-05 
9, 2.890216E-04 
15, 1.132208E-07 
3, 2.260041E-04 
6, 9.518254E-04 
13, 3.391154E-06 
13, 4.808216E-06 
10, 2.810352E-04 
18, 1.051501E-12 
16, 7.825264E-08 
15, 3.830225E-07 
1, 1.180136E-05 
4, 5.629172E-04 
19, 3.845097E-13 
12, 3.317949E-05 
4, 5.517808E-04 
6, 6.805355E-04 
13, 1.097392E-05 
16, 3.451155E-09 
11, 8.886321E-05 
9, 2.776664E-04 
14, 2.681409E-06 
8, 9.049676E-04 
3, 2.921503E-04 
14, 3.706237E-06 
9, 4.744119E-04 
5, 5.441335E-04 
2, 1.423277E-04 
6, 9.012372E-04 
3, 1.603069E-04 
1, 1.320724E-05 
4, 6.197290E-04 
6, 9.222684E-04 
1, 1.336716E-05 
16, 5.503266E-08 
6, 6.277131E-04 
6, 8.390276E-04 
15, 4.052329E-07 
17, 4.249457E-12 
12, 6.034234E-05 
1, 8.822802E-06 
14, 9.517797E-07 
17, 5.140738E-09 
5, 1.071858E-03 
13, 7.558742E-06 
18, 9.440881E-11 
14, 1.946574E-06 
2, 3.476319E-05 
1, 9.692110E-06 
11, 8.661152E-05 
8, 9.913520E-04 
13, 2.770035E-05 
9, 2.806728E-04 
8, 5.812402E-04 
6, 1.023638E-03 
17, 4.069278E-09 
14, 2.160871E-06 
9, 3.398558E-04 
17, 5.872140E-09 
5, 6.884012E-04 
9, 4.997306E-04 
14, 2.160871E-06 
7, 1.133409E-03 
4, 3.379236E-04 
2, 1.156114E-04 
17, 1.706722E-10 
8, 8.986558E-04 
4, 4.716823E-04 
4, 4.487030E-04 
18, 8.215554E-11 
10, 1.814918E-04 
3, 2.341440E-04 
12, 7.191951E-05 
17, 3.734570E-09 
12, 4.170549E-05 
19, 3.638198E-13 
2, 2.688415E-05 
9, 3.201743E-04 
1, 1.491832E-05 
13, 6.705815E-06 
3, 3.798229E-04 
8, 8.085218E-04 
5, 8.246056E-04 
18, 4.796950E-13 
11, 1.146510E-04 
7, 1.081737E-03 
10, 3.372206E-04 
9, 5.155806E-04 
17, 4.271181E-09 
5, 8.103425E-04 
1, 1.133416E-05 
15, 1.036378E-07 
4, 3.230438E-04 
9, 2.799604E-04 
2, 7.956755E-05 
19, 4.829906E-13 
1, 1.397770E-05 
10, 2.309861E-04 
14, 2.738307E-06 
11, 1.038866E-04 
10, 2.027004E-04 
5, 7.294898E-04 
18, 9.732815E-11 
15, 5.766923E-07 
5, 8.614377E-04 
2, 3.764603E-05 
4, 4.100819E-04 
13, 2.127006E-05 
7, 1.140838E-03 
11, 9.055865E-05 
7, 9.373600E-04 
17, 6.545232E-11 
7, 1.013071E-03 
12, 4.264355E-05 
18, 2.941555E-13 
1, 8.484623E-06 
8, 5.748638E-04 
6, 6.505925E-04 
19, 2.552256E-13 
11, 1.148708E-04 
2, 1.866598E-04 
6, 7.777154E-04 
13, 6.566459E-06 
9, 3.981188E-04 
1, 1.231102E-05 
18, 1.030398E-12 
4, 4.091608E-04 
17, 5.872140E-09 
11, 1.177522E-04 
3, 2.413027E-04 
5, 9.071536E-04 
18, 7.247971E-11 
16, 7.047678E-08 
3, 2.302475E-04 
7, 1.242442E-03 
1, 9.492143E-06 
13, 3.451196E-06 
10, 1.787078E-04 
10, 2.064008E-04 
10, 1.908803E-04 
17, 3.870002E-09 
4, 5.471561E-04 
3, 2.257473E-04 
19, 4.721163E-13 
16, 4.288924E-08 
11, 1.327934E-04 
14, 2.615230E-06 
1, 1.206318E-05 
1, 1.325039E-05 
5, 8.295133E-04 
19, 2.544472E-13 
11, 1.405159E-04 
3, 2.448111E-04 
16, 6.684013E-08 
18, 5.064256E-11 
6, 5.877807E-04 
17, 3.870002E-09 
15, 1.518002E-07 
13, 1.930403E-05 
16, 1.060888E-08 
6, 7.766741E-04 
6, 8.585460E-04 
9, 5.700918E-04 
3, 1.725716E-04 
18, 1.025359E-12 
4, 3.056594E-04 
5, 9.863254E-04 
15, 4.544649E-07 
12, 5.293466E-05 
11, 8.409285E-05 
11, 6.213079E-05 
4, 4.097354E-04 
2, 1.331800E-04 
11, 1.525030E-04 
2, 3.317820E-05 
12, 3.262087E-05 
18, 1.254967E-12 
9, 4.657267E-04 
10, 2.036809E-04 
6, 6.231497E-04 
3, 2.257626E-04 
17, 3.095159E-10 
13, 1.136035E-05 
5, 5.998802E-04 
6, 1.073124E-03 
8, 9.861600E-04 
8, 5.970840E-04 
10, 2.384125E-04 
6, 9.908389E-04 
4, 4.770590E-04 
15, 9.968105E-07 
16, 9.949830E-08 
1, 1.218229E-05 
11, 6.369964E-05 
4, 4.488662E-04 
4, 3.952723E-04 
16, 8.687615E-09 
9, 4.744119E-04 
18, 2.481186E-10 
1, 1.859124E-05 
11, 1.265302E-04 
8, 9.760700E-04 
3, 2.558724E-04 
12, 4.907479E-05 
6, 8.939528E-04 
12, 4.397412E-05 
13, 1.580834E-05 
4, 5.212724E-04 
17, 1.374785E-10 
19, 4.400113E-13 
14, 6.542062E-07 
17, 3.904453E-09 
11, 9.007593E-05 
1, 8.466281E-06 
19, 4.297716E-13 
12, 3.224685E-05 
7, 1.183994E-03 
1, 1.248146E-05 
7, 1.170920E-03 
7, 8.100168E-04 
3, 1.897982E-04 
8, 9.475013E-04 
14, 9.431619E-07 
11, 9.377335E-05 
15, 7.401808E-08 
15, 4.472806E-07 
12, 3.582026E-05 
17, 2.055005E-10 
12, 3.678458E-06 
2, 5.684104E-05 
13, 9.859286E-06 
8, 8.111955E-04 
16, 7.156839E-08 
8, 8.957533E-04 
1, 9.701426E-06 
7, 1.024320E-03 
3, 1.960632E-04 
3, 2.335930E-04 
16, 7.941622E-08 
7, 9.612589E-04 
5, 8.777488E-04 
4, 3.704593E-04 
9, 4.609881E-04 
19, 3.956143E-13 
13, 1.236207E-05 
1, 1.110687E-05 
17, 2.570369E-09 
7, 9.440395E-04 
17, 5.872140E-09 
8, 8.516025E-04 
17, 3.523868E-09 
3, 2.255348E-04 
14, 2.456035E-06 
8, 7.995374E-04 
9, 2.983844E-04 
7, 9.096246E-04 
3, 2.547430E-04 
13, 1.447215E-05 
12, 5.754311E-05 
10, 3.005381E-04 
10, 2.480892E-04 
14, 4.120827E-06 
12, 3.725778E-05 
4, 2.125024E-04 
11, 8.496544E-05 
17, 3.902653E-09 
4, 3.553020E-04 
7, 8.044794E-04 
6, 8.688379E-04 
4, 5.661813E-04 
15, 7.156839E-08 
1, 1.396253E-05 
19, 4.461762E-13 
18, 5.162394E-11 
11, 5.308385E-05 
10, 1.738787E-04 
8, 8.621168E-04 
15, 1.532043E-07 
14, 4.479293E-07 
10, 1.799996E-04 
5, 8.731642E-04 
13, 2.675186E-05 
14, 4.295176E-06 
16, 7.032655E-08 
8, 8.944295E-04 
6, 6.419431E-04 
19, 3.539652E-13 
12, 4.883628E-05 
2, 9.828115E-05 
14, 3.513198E-06 
3, 2.248729E-04 
11, 9.380526E-05 
15, 2.688858E-07 
9, 4.272244E-04 
17, 3.262106E-09 
16, 9.881408E-09 
12, 6.819725E-05 
6, 5.938846E-04 
18, 1.374785E-10 
16, 6.684013E-08 
17, 3.734570E-09 
9, 3.179908E-04 
5, 6.350978E-04 
4, 4.612125E-04 
6, 8.773172E-04 
11, 9.437033E-05 
4, 3.230438E-04 
3, 1.854192E-04 
11, 1.248651E-04 
6, 5.925756E-04 
8, 7.709209E-04 
5, 5.964042E-04 
10, 2.354123E-04 
8, 7.781675E-04 
11, 9.087751E-05 
1, 1.234455E-05 
6, 1.158502E-03 
3, 3.023931E-04 
5, 5.632252E-04 
17, 2.696442E-09 
12, 5.766570E-05 
6, 1.061039E-03 
1, 1.309090E-05 
16, 4.296854E-08 
5, 6.879306E-04 
8, 6.230596E-04 
9, 3.401332E-04 
10, 3.331542E-04 
2, 7.747643E-05 
10, 1.858216E-04 
9, 3.715877E-04 
18, 2.564416E-13 
4, 4.877637E-04 
6, 1.105222E-03 
15, 7.767767E-09 
16, 1.097270E-08 
12, 4.484799E-05 
4, 5.911129E-04 
10, 1.858216E-04 
5, 1.093506E-03 
19, 2.723792E-13 
16, 7.406454E-09 
2, 1.465757E-04 
18, 5.159286E-11 
15, 4.186584E-07 
16, 6.787413E-08 
2, 8.317111E-05 
4, 5.654634E-04 
16, 9.383123E-08 
3, 2.469360E-04 
2, 3.223859E-05 
12, 3.688547E-05 
13, 9.691688E-06 
10, 3.074773E-04 
12, 3.042588E-05 
7, 1.157292E-03 
13, 3.747321E-06 
12, 3.544334E-05 
6, 8.514846E-04 
8, 9.281733E-04 
13, 6.564571E-06 
7, 8.692550E-04 
2, 1.034766E-04 
5, 9.017862E-04 
1, 9.701426E-06 
13, 2.522183E-05 
13, 1.962752E-05 
10, 2.585243E-04 
4, 5.308287E-04 
7, 1.120927E-03 
4, 3.598600E-04 
11, 8.124610E-05 
16, 1.349167E-07 
13, 1.068868E-05 
4, 9.906539E-04 
2, 1.890421E-05 
14, 2.765484E-06 
1, 1.456589E-05 
6, 5.938846E-04 
16, 7.195524E-09 
17, 2.979977E-09 
10, 2.218727E-04 
7, 9.054061E-04 
14, 3.444734E-06 
9, 4.705141E-04 
3, 1.446068E-04 
16, 1.154629E-08 
7, 8.850361E-04 
4, 3.664099E-04 
3, 2.232288E-04 
15, 3.054222E-07 
10, 2.220706E-04 
18, 1.032844E-12 
12, 6.017766E-05 
9, 2.827353E-04 
11, 1.130409E-04 
18, 9.565529E-13 
6, 9.367903E-04 
12, 3.467898E-05 
7, 1.058336E-03 
1, 9.293310E-06 
15, 1.411909E-07 
8, 9.203524E-04 
19, 5.393109E-13 
2, 7.836379E-05 
3, 2.379912E-04 
10, 1.900959E-04 
11, 1.305911E-04 
5, 9.178442E-04 
16, 8.008887E-08 
1, 9.102072E-06 
14, 3.368632E-06 
18, 9.258024E-11 
3, 2.543504E-04 
7, 9.423600E-04 
15, 1.605849E-07 
16, 5.310712E-08 
18, 1.630645E-12 
2, 3.959278E-05 
2, 4.825271E-05 
18, 3.865051E-13 
11, 1.512785E-04 
15, 1.006026E-07 
10, 2.143779E-04 
5, 6.481373E-04 
19, 2.609617E-13 
11, 1.203030E-04 
2, 2.588630E-04 
4, 5.911518E-04 
13, 1.010866E-05 
18, 7.247971E-11 
8, 6.141412E-04 
9, 3.677401E-04 
9, 3.006579E-04 
13, 6.289000E-06 
18, 1.230924E-10 
11, 1.450104E-04 
3, 1.936593E-04 
15, 1.015792E-07 
16, 9.195278E-09 
2, 8.884025E-05 
13, 2.969031E-05 
19, 2.723792E-13 
6, 8.908700E-04 
1, 9.194326E-06 
13, 1.068868E-05 
9, 3.444213E-04 
3, 1.417043E-04 
8, 9.734085E-04 
15, 3.514698E-07 
15, 4.780795E-07 
14, 3.809234E-06 
18, 6.139406E-11 
2, 8.267740E-05 
8, 8.778189E-04 
16, 5.216390E-08 
4, 3.851471E-04 
19, 2.619899E-13 
16, 5.792406E-08 
8, 5.848313E-04 
12, 5.013224E-05 
18, 4.343047E-13 
8, 1.104225E-03 
19, 2.590632E-13 
19, 2.601004E-13 
10, 5.027329E-04 
5, 8.948537E-04 
4, 4.584877E-04 
8, 6.296549E-04 
13, 1.211443E-05 
5, 9.208154E-04 
6, 9.295203E-04 
13, 3.984288E-06 
5, 5.716831E-04 
16, 4.173324E-08 
14, 4.232335E-06 
1, 1.456637E-05 
6, 8.036382E-04 
9, 5.408132E-04 
13, 3.882750E-06 
4, 4.269720E-04 
7, 8.914148E-04 
15, 3.037072E-07 
12, 5.362657E-05 
12, 5.131331E-05 
1, 9.845790E-06 
15, 4.204873E-07 
5, 8.674391E-04 
9, 4.893094E-04 
11, 9.236176E-05 
18, 9.857317E-11 
11, 8.235802E-05 
8, 4.440618E-04 
2, 7.653868E-05 
18, 1.029467E-12 
12, 5.160693E-05 
4, 3.786249E-04 
13, 1.163486E-05 
8, 9.048443E-04 
14, 1.972094E-06 
4, 4.278798E-04 
10, 2.000308E-04 
18, 9.440881E-11 
14, 2.517595E-06 
14, 6.356481E-07 
1, 1.173972E-05 
10, 3.085664E-04 
3, 1.843229E-04 
6, 9.270614E-04 
8, 8.925873E-04 
10, 2.404708E-04 
9, 4.211424E-04 
11, 1.094143E-04 
4, 2.137973E-04 
8, 7.966466E-04 
1, 1.127710E-05 
5, 8.618320E-04 
12, 3.335860E-05 
18, 9.258024E-11 
5, 8.911491E-04 
12, 5.432697E-05 
6, 1.045034E-03 
10, 1.898985E-04 
19, 3.589615E-13 
11, 1.055570E-04 
4, 2.678265E-04 
5, 9.779677E-04 
8, 9.592258E-04 
8, 6.719284E-04 
2, 1.144931E-04 
18, 6.545232E-11 
9, 3.102341E-04 
13, 3.606889E-06 
3, 2.633454E-04 
19, 4.516619E-13 
11, 1.288483E-04 
4, 4.066664E-04 
3, 2.020205E-04 
17, 3.309825E-09 
8, 1.462420E-03 
13, 3.605637E-06 
6, 9.042746E-04 
1, 8.986767E-06 
5, 1.002313E-03 
2, 2.660726E-05 
14, 2.018680E-06 
15, 3.435123E-07 
12, 4.330693E-05 
5, 5.651259E-04 
11, 9.202184E-05 
15, 7.447632E-08 
13, 3.809234E-06 
10, 2.652729E-04 
16, 5.872140E-09 
15, 1.457688E-07 
19, 2.544320E-13 
6, 8.978629E-04 
14, 3.197327E-06 
17, 3.167580E-09 
12, 3.008306E-05 
14, 2.741580E-06 
16, 7.291019E-09 
15, 4.127604E-07 
12, 3.413124E-05 
13, 7.883625E-06 
10, 1.718560E-04 
6, 6.115664E-04 
3, 2.460956E-04 
9, 3.638174E-04 
9, 4.759452E-04 
19, 2.643718E-13 
11, 9.792133E-05 
8, 7.947386E-04 
13, 5.148927E-06 
8, 8.275653E-04 
6, 8.803155E-04 
15, 4.960964E-07 
8, 8.750749E-04 
12, 5.308385E-05 
8, 1.313607E-03 
8, 8.710695E-04 
15, 1.048796E-07 
16, 4.979236E-08 
9, 5.455947E-04 
4, 4.149434E-04 
11, 1.592151E-04 
8, 9.371235E-04 
2, 6.723562E-05 
3, 2.125024E-04 
14, 1.271296E-06 
17, 3.320507E-09 
19, 3.406064E-13 
10, 2.142411E-04 
10, 2.962267E-04 
5, 7.606174E-04 
2, 7.633773E-05 
11, 1.571681E-04 
7, 9.764717E-04 
8, 5.961913E-04 
2, 2.100443E-05 
11, 1.378206E-04 
10, 2.786742E-04 
1, 9.765063E-06 
15, 6.391920E-08 
18, 2.295059E-12 
3, 3.064912E-04 
13, 9.691688E-06 
3, 1.561643E-04 
17, 3.460718E-09 
3, 2.106222E-04 
13, 9.582058E-06 
7, 9.115451E-04 
7, 9.058342E-04 
4, 4.945407E-04 
4, 3.989652E-04 
4, 4.488662E-04 
14, 6.044389E-07 
4, 3.725481E-04 
4, 3.336541E-04 
16, 7.808907E-09 
2, 1.058197E-04 
4, 4.634455E-04 
13, 1.475488E-05 
9, 4.389640E-04 
13, 5.696526E-06 
7, 9.498774E-04 
4, 4.410078E-04 
18, 6.432948E-11 
5, 6.029156E-04 
11, 1.365466E-04 
16, 1.045754E-07 
12, 5.268586E-05 
14, 1.972094E-06 
17, 4.317000E-09 
2, 1.380266E-04 
15, 3.211698E-07 
6, 1.075330E-03 
12, 2.911007E-05 
9, 5.007908E-04 
13, 1.597887E-05 
11, 9.007593E-05 
5, 8.224768E-04 
4, 4.586629E-04 
13, 1.631552E-05 
18, 5.805773E-13 
18, 5.343881E-13 
16, 5.106213E-08 
5, 6.044619E-04 
12, 3.403174E-05 
4, 5.094212E-04 
7, 8.746344E-04 
19, 2.544308E-13 
7, 1.179707E-03 
18, 6.972711E-13 
16, 6.546830E-08 
8, 9.097596E-04 
18, 8.309962E-11 
16, 7.749382E-09 
19, 2.561054E-13 
19, 4.297100E-13 
13, 5.966900E-06 
14, 1.066408E-06 
8, 9.160853E-04 
10, 3.416682E-04 
16, 2.548000E-08 
2, 2.100095E-04 
16, 6.027295E-08 
13, 9.049453E-06 
4, 3.971732E-04 
8, 7.493488E-04 
11, 9.828984E-05 
9, 3.212178E-04 
12, 5.050201E-05 
1, 1.287256E-05 
19, 3.763489E-13 
4, 5.309406E-04 
17, 6.473847E-09 
18, 1.002397E-12 
18, 9.542881E-11 
10, 2.871924E-04 
7, 8.944477E-04 
18, 5.064256E-11 
9, 4.684399E-04 
5, 9.643914E-04 
13, 9.290554E-06 
2, 1.225603E-04 
19, 2.550629E-13 
10, 3.097229E-04 
4, 3.101597E-04 
7, 1.187909E-03 
7, 8.825944E-04 
16, 1.267559E-07 
6, 5.963760E-04 
14, 3.134369E-06 
7, 1.072169E-03 
19, 2.936397E-13 
5, 8.361459E-04 
1, 9.012104E-06 
15, 3.954542E-07 
15, 3.283918E-07 
16, 1.589818E-07 
3, 1.107517E-04 
13, 4.862556E-06 
9, 2.716168E-04 
15, 2.005400E-07 
11, 9.220450E-05 
17, 5.872140E-09 
17, 3.316074E-09 
15, 3.577413E-07 
3, 1.416151E-04 
10, 1.991411E-04 
15, 1.918009E-07 
17, 2.548955E-10 
11, 1.275499E-04 
2, 1.145817E-04 
11, 8.235802E-05 
5, 5.676402E-04 
16, 1.132208E-07 
6, 6.350869E-04 
11, 1.603693E-04 
7, 8.672217E-04 
14, 5.899043E-07 
6, 1.164601E-03 
15, 4.489147E-07 
16, 4.397624E-08 
1, 1.395847E-05 
4, 4.357001E-04 
6, 1.026294E-03 
19, 2.941555E-13 
14, 1.077140E-06 
5, 5.923478E-04 
1, 9.251686E-06 
9, 4.483341E-04 
14, 3.652715E-06 
1, 1.018687E-05 
4, 3.163455E-04 
16, 8.994276E-09 
10, 2.566621E-04 
14, 3.424760E-06 
1, 1.346370E-05 
17, 2.550131E-09 
13, 6.758598E-06 
8, 8.434380E-04 
7, 9.237496E-04 
18, 9.440881E-11 
14, 5.900452E-07 
14, 1.155695E-06 
6, 1.008568E-03 
11, 9.114828E-05 
14, 2.546168E-06 
3, 2.081143E-04 
13, 3.737563E-06 
15, 4.832900E-07 
13, 1.670619E-05 
1, 9.379058E-06 
4, 4.036467E-04 
13, 1.455955E-05 
1, 1.150037E-05 
19, 2.619899E-13 
11, 6.007756E-05 
6, 8.989496E-04 
1, 1.324739E-05 
12, 6.160662E-05 
5, 5.716831E-04 
16, 6.189555E-09 
7, 1.047493E-03 
13, 9.680705E-06 
13, 1.768622E-05 
17, 3.766534E-09 
4, 4.555117E-04 
14, 1.966923E-06 
18, 1.009096E-12 
17, 3.124882E-09 
11, 9.007593E-05 
13, 1.997706E-05 
8, 8.746092E-04 
13, 5.525103E-06 
6, 1.143028E-03 
6, 6.231497E-04 
15, 4.127604E-07 
1, 1.031018E-05 
19, 3.385016E-13 
6, 8.027537E-04 
4, 4.865025E-04 
7, 6.382149E-04 
11, 6.153077E-05 
15, 1.427872E-07 
19, 2.945464E-13 
5, 8.202510E-04 
6, 9.387071E-04 
7, 9.114536E-04 
11, 1.286903E-04 
6, 1.083165E-03 
8, 8.137778E-04 
4, 4.373811E-04 
15, 1.237510E-07 
19, 8.084414E-13 
2, 1.170126E-04 
10, 2.065621E-04 
7, 9.934418E-04 
14, 3.979932E-07 
7, 8.488525E-04 
3, 1.663422E-04 
19, 2.501926E-13 
6, 1.113010E-03 
9, 5.020410E-04 
17, 1.374785E-10 
13, 5.579272E-06 
12, 2.112517E-05 
5, 8.547489E-04 
19, 4.761190E-13 
8, 8.171292E-04 
17, 3.304892E-10 
11, 6.369964E-05 
18, 2.548955E-10 
8, 1.260928E-03 
12, 2.743772E-05 
13, 6.590373E-06 
15, 1.162887E-07 
1, 1.255203E-05 
14, 2.802594E-06 
14, 3.205455E-06 
9, 3.201743E-04 
16, 1.003206E-07 
1, 1.643471E-05 
2, 4.438666E-05 
4, 5.339500E-04 
6, 6.869509E-04 
9, 4.569314E-04 
1, 1.060728E-05 
18, 1.020902E-12 
12, 3.110761E-05 
13, 1.341138E-05 
15, 4.780795E-07 
11, 1.213541E-04 
2, 3.696503E-05 
18, 1.027138E-10 
14, 3.090517E-06 
18, 1.075443E-12 
13, 1.537171E-05 
5, 7.944564E-04 
19, 2.544320E-13 
15, 1.072830E-07 
14, 3.984288E-06 
17, 3.451155E-09 
12, 3.604650E-05 
15, 1.240241E-07 
18, 7.520670E-13 
6, 1.106512E-03 
17, 3.060656E-09 
9, 3.331542E-04 
5, 5.722168E-04 
8, 7.658131E-04 
4, 4.659947E-04 
14, 8.646980E-07 
5, 1.020478E-03 
12, 2.522183E-05 
9, 4.594955E-04 
11, 1.376953E-04 
7, 8.643614E-04 
18, 1.031115E-12 
15, 3.911227E-07 
15, 3.930048E-07 
8, 1.009454E-03 
5, 8.579977E-04 
6, 1.079031E-03 
13, 4.120827E-06 
12, 4.845595E-05 
8, 9.274352E-04 
15, 4.450996E-07 
8, 8.768131E-04 
2, 9.834545E-05 
9, 3.687449E-04 
4, 3.680603E-04 
5, 9.378776E-04 
19, 3.865051E-13 
7, 1.012925E-03 
10, 2.944350E-04 
2, 2.689384E-05 
13, 1.689950E-05 
18, 9.796284E-11 
9, 3.813576E-04 
1, 1.054285E-05 
12, 2.961484E-05 
14, 4.651458E-06 
7, 8.869199E-04 
8, 8.894698E-04 
1, 9.660489E-06 
5, 7.409796E-04 
18, 7.775049E-11 
9, 3.955023E-04 
2, 1.069369E-04 
1, 1.441497E-05 
12, 2.256809E-05 
2, 9.760392E-05 
7, 9.141426E-04 
9, 3.401332E-04 
4, 4.836838E-04 
2, 1.080256E-04 
10, 2.107354E-04 
15, 7.885205E-07 
12, 4.862012E-05 
13, 1.141321E-05 
6, 1.059418E-03 
7, 9.031912E-04 
6, 9.232807E-04 
9, 6.065849E-04 
15, 1.532043E-07 
11, 7.104503E-05 
17, 2.700277E-09 
17, 2.567347E-09 
4, 3.494474E-04 
16, 6.451458E-09 
2, 1.419204E-04 
3, 1.950418E-04 
6, 6.791281E-04 
14, 1.122444E-06 
16, 1.267559E-07 
4, 4.438604E-04 
14, 1.211959E-06 
17, 1.888176E-10 
12, 2.121282E-05 
4, 4.520285E-04 
14, 2.476289E-06 
4, 5.845066E-04 
8, 7.982350E-04 
7, 7.434423E-04 
11, 9.505484E-05 
13, 2.714565E-05 
19, 3.232030E-13 
17, 2.536946E-09 
19, 2.622097E-13 
19, 2.601004E-13 
11, 8.693935E-05 
13, 1.563108E-05 
8, 6.252825E-04 
9, 4.617020E-04 
7, 9.036424E-04 
16, 5.672865E-08 
7, 9.097910E-04 
17, 5.872140E-09 
12, 8.409285E-05 
15, 3.054222E-07 
15, 4.450996E-07 
12, 4.667779E-05 
5, 5.775712E-04 
1, 1.473209E-05 
10, 2.641709E-04 
10, 2.920875E-04 
2, 9.828115E-05 
15, 5.039726E-07 
8, 5.970468E-04 
7, 1.054675E-03 
19, 2.619899E-13 
11, 1.736542E-04 
13, 3.678458E-06 
15, 1.318272E-07 
7, 6.504168E-04 
17, 4.912618E-09 
8, 9.758400E-04 
5, 6.301768E-04 
11, 9.637209E-05 
16, 4.500739E-08 
5, 4.309643E-04 
1, 9.735789E-06 
16, 5.821095E-09 
17, 9.689499E-11 
17, 1.888176E-10 
3, 1.775371E-04 
18, 6.139406E-11 
2, 7.963347E-05 
15, 4.683072E-07 
3, 1.423854E-04 
11, 1.030925E-04 
1, 1.179993E-05 
19, 2.609617E-13 
9, 5.408132E-04 
9, 4.058915E-04 
10, 2.695985E-04 
18, 6.844043E-11 
6, 6.115366E-04 
14, 4.926284E-06 
5, 8.466795E-04 
13, 6.400321E-06 
19, 2.548504E-13 
19, 3.940269E-13 
19, 2.766421E-13 
12, 7.588607E-06 
14, 9.198689E-07 
9, 5.013294E-04 
3, 1.841334E-04 
17, 2.843300E-09 
6, 1.032057E-03 
4, 4.066442E-04 
10, 3.413916E-04 
7, 1.057751E-03 
1, 1.463955E-05 
4, 3.367614E-04 
7, 9.288359E-04 
6, 1.073142E-03 
17, 1.652880E-10 
15, 4.472806E-07 
6, 1.142888E-03 
18, 1.374785E-10 
11, 8.086120E-05 
19, 2.544320E-13 
4, 9.652846E-04 
13, 2.675186E-05 
16, 1.036378E-07 
3, 4.649323E-04 
1, 1.370863E-05 
10, 3.224400E-04 
16, 7.305827E-08 
19, 2.591140E-13 
2, 1.455376E-05 
10, 2.295536E-04 
8, 8.003736E-04 
12, 3.345723E-05 
19, 4.802630E-13 
18, 1.021817E-10 
19, 2.550629E-13 
19, 4.174841E-13 
3, 2.842362E-04 
12, 3.622829E-05 
4, 3.863756E-04 
2, 1.133785E-05 
11, 1.129462E-04 
2, 2.606436E-04 
8, 1.516232E-03 
4, 5.595384E-04 
1, 9.146032E-06 
9, 3.939107E-04 
19, 2.934176E-13 
8, 8.886258E-04 
16, 4.390391E-08 
18, 8.173253E-11 
16, 2.161732E-10 
5, 7.010648E-04 
11, 1.433533E-04 
8, 1.209745E-03 
1, 1.192335E-05 
8, 7.352796E-04 
19, 2.601826E-13 
10, 2.436102E-04 
11, 8.215017E-05 
5, 5.942554E-04 
13, 1.278579E-05 
14, 2.995418E-06 
17, 1.494661E-10 
16, 5.872140E-09 
17, 3.865655E-09 
10, 1.858216E-04 
14, 2.476289E-06 
17, 3.960019E-09 
4, 3.460037E-04 
2, 6.258234E-05 
7, 8.769857E-04 
18, 7.283710E-13 
2, 1.221658E-04 
16, 2.904114E-08 
18, 8.345170E-11 
6, 6.038026E-04 
2, 5.710668E-05 
5, 7.162187E-04 
17, 3.379662E-09 
2, 8.672569E-05 
13, 1.997706E-05 
6, 6.430041E-04 
5, 8.793220E-04 
10, 2.307070E-04 
13, 1.537537E-05 
8, 6.329040E-04 
9, 4.430278E-04 
3, 2.041826E-04 
17, 1.869449E-10 
5, 8.613091E-04 
14, 7.750443E-07 
11, 1.148805E-04 
2, 8.706430E-06 
1, 1.389405E-05 
8, 8.600669E-04 
10, 2.082663E-04 
13, 2.127006E-05 
19, 2.816765E-13 
17, 1.530328E-09 
12, 2.401100E-05 
15, 1.461268E-07 
10, 3.070337E-04 
16, 5.967860E-08 
2, 3.772844E-05 
15, 1.205459E-07 
1, 1.260661E-05 
15, 1.493547E-06 
6, 5.809439E-04 
14, 1.681949E-06 
9, 3.348759E-04 
11, 7.978254E-05 
16, 2.309574E-08 
8, 6.100201E-04 
8, 6.960090E-04 
18, 6.017931E-13 
7, 8.688505E-04 
1, 1.548174E-05 
5, 8.740892E-04 
19, 2.544320E-13 
7, 1.109048E-03 
15, 4.603808E-07 
3, 2.251923E-04 
12, 3.459987E-05 
14, 4.204873E-07 
15, 3.614966E-07 
2, 9.613568E-05 
16, 2.772863E-08 
14, 4.483321E-06 
16, 8.773743E-09 
3, 1.841300E-04 
9, 3.989246E-04 
3, 1.877136E-04 
17, 3.460718E-09 
1, 1.320724E-05 
2, 1.212103E-04 
11, 1.868214E-04 
2, 1.154545E-04 
15, 1.433559E-07 
6, 8.634375E-04 
5, 7.963881E-04 
3, 2.063711E-04 
1, 1.084944E-05 
1, 1.599288E-05 
12, 9.206339E-05 
1, 8.246532E-06 
5, 6.608505E-04 
12, 2.342709E-05 
11, 6.387848E-05 
1, 9.868064E-06 
13, 2.622955E-05 
10, 1.985974E-04 
3, 2.229801E-04 
2, 2.319662E-04 
7, 1.019577E-03 
6, 6.115664E-04 
4, 3.520638E-04 
18, 1.888176E-10 
4, 1.105029E-03 
14, 2.631332E-06 
18, 5.162394E-11 
10, 2.670271E-04 
4, 5.610504E-04 
12, 2.123481E-05 
14, 8.537991E-07 
10, 2.936745E-04 
11, 1.780526E-04 
17, 1.374785E-10 
14, 8.114519E-07 
2, 1.424693E-04 
2, 9.879411E-05 
18, 8.345170E-11 
3, 1.908546E-04 
6, 6.057400E-04 
4, 4.955836E-04 
2, 3.185220E-05 
7, 9.618774E-04 
11, 1.217286E-04 
8, 5.970840E-04 
10, 3.402669E-04 
16, 1.258725E-08 
18, 9.682211E-11 
18, 6.432948E-11 
3, 2.601115E-04 
17, 5.872140E-09 
18, 1.020600E-12 
10, 3.130120E-04 
3, 2.637112E-04 
13, 2.546168E-06 
5, 1.032057E-03 
13, 1.402634E-05 
9, 3.012294E-04 
9, 3.232577E-04 
12, 5.432697E-05 
6, 8.832331E-04 
14, 3.747321E-06 
11, 1.392566E-04 
7, 9.268978E-04 
10, 2.120279E-04 
15, 5.216390E-08 
7, 9.217929E-04 
1, 1.078603E-05 
11, 7.191951E-05 
4, 4.783183E-04 
10, 2.213200E-04 
1, 8.803932E-06 
8, 8.275653E-04 
5, 8.719494E-04 
10, 2.364694E-04 
15, 6.027295E-08 
18, 3.865051E-13 
7, 8.892218E-04 
5, 8.788511E-04 
12, 2.973509E-05 
19, 2.596655E-13 
19, 2.544320E-13 
8, 8.783121E-04 
16, 4.746342E-09 
4, 5.231887E-04 
6, 6.350869E-04 
16, 7.156839E-08 
19, 4.003880E-13 
14, 3.648179E-06 
10, 2.128095E-04 
5, 7.740272E-04 
2, 8.431947E-05 
9, 3.557386E-04 
12, 5.325004E-05 
13, 1.405880E-05 
2, 8.178949E-05 
13, 2.987094E-06 
8, 9.086432E-04 
17, 2.550131E-09 
14, 2.546168E-06 
19, 2.568293E-13 
6, 1.144902E-03 
16, 2.498769E-08 
7, 9.217064E-04 
10, 2.183666E-04 
2, 2.664367E-05 
9, 5.831666E-04 
15, 9.899986E-08 
19, 4.953292E-13 
13, 9.388144E-06 
6, 8.688505E-04 
5, 1.009039E-03 
13, 9.819239E-06 
11, 9.654573E-05 
9, 5.398132E-04 
3, 2.084618E-04 
3, 1.589992E-04 
16, 9.383123E-08 
13, 2.110759E-05 
3, 1.509645E-04 
13, 3.457014E-06 
8, 6.659031E-04 
1, 1.431744E-05 
2, 3.873642E-05 
15, 1.427872E-07 
19, 6.605717E-13 
4, 4.371101E-04 
18, 9.286180E-13 
12, 2.056919E-05 
1, 1.504344E-05 
18, 9.258024E-11 
5, 8.927898E-04 
14, 9.154710E-07 
2, 1.243811E-04 
10, 2.812827E-04 
15, 4.200362E-07 
18, 1.204428E-12 
10, 3.084801E-04 
3, 2.121229E-04 
13, 1.008495E-05 
13, 1.396068E-05 
12, 6.034561E-05 
17, 1.805700E-10 
5, 8.662274E-04 
6, 9.475225E-04 
18, 1.020971E-12 
11, 5.543478E-05 
17, 2.673524E-09 
18, 5.830160E-13 
19, 3.583448E-13 
9, 3.179908E-04 
1, 1.179993E-05 
5, 5.794711E-04 
2, 2.916704E-05 
2, 7.633773E-05 
12, 2.589794E-05 
13, 1.656252E-05 
4, 4.554339E-04 
14, 4.309985E-07 
15, 4.151148E-07 
19, 2.544320E-13 
2, 8.389012E-05 
1, 9.765063E-06 
16, 7.469140E-09 
18, 8.753093E-13 
17, 2.567347E-09 
18, 5.017946E-11 
2, 3.561732E-05 
17, 1.374785E-10 
7, 1.045269E-03 
11, 1.233772E-04 
7, 9.121510E-04 
8, 8.693502E-04 
4, 4.283593E-04 
17, 1.274477E-10 
19, 2.781875E-13 
17, 2.696442E-09 
16, 1.050647E-07 
1, 1.150037E-05 
6, 8.871268E-04 
15, 1.613503E-07 
8, 9.284286E-04 
15, 1.045754E-07 
12, 2.525100E-05 
19, 4.388052E-13 
19, 4.433230E-13 
9, 2.977536E-04 
11, 9.189409E-05 
16, 8.794207E-08 
15, 9.797061E-08 
15, 4.479293E-07 
15, 3.291132E-07 
10, 1.945330E-04 
12, 8.253451E-05 
5, 7.348964E-04 
5, 8.565249E-04 
10, 1.919099E-04 
11, 8.452107E-05 
10, 2.110804E-04 
9, 2.799710E-04 
11, 1.201335E-04 
15, 3.911227E-07 
1, 9.359546E-06 
3, 1.436695E-04 
2, 2.837258E-05 
15, 3.098869E-07 
16, 1.250263E-08 
11, 1.112178E-04 
15, 8.794207E-08 
15, 1.702350E-07 
8, 6.596670E-04 
16, 1.013128E-07 
2, 4.129538E-05 
19, 4.416099E-13 
15, 2.876949E-07 
13, 1.141321E-05 
19, 3.878814E-13 
11, 9.251481E-05 
2, 2.104388E-05 
7, 9.538176E-04 
11, 7.701720E-05 
2, 2.727117E-05 
1, 1.302024E-05 
13, 3.652715E-06 
3, 1.809150E-04 
1, 1.047777E-05 
16, 7.490587E-08 
15, 5.612220E-07 
11, 1.181756E-04 
3, 2.310955E-04 
10, 2.664119E-04 
2, 1.356419E-04 
3, 1.941030E-04 
4, 5.015181E-04 
7, 8.738063E-04 
9, 2.806728E-04 
18, 5.767380E-13 
11, 8.452107E-05 
5, 1.035411E-03 
6, 9.078333E-04 
5, 4.465654E-04 
5, 8.649484E-04 
7, 9.034760E-04 
11, 1.130361E-04 
3, 2.127788E-04 
4, 5.231887E-04 
9, 4.316348E-04 
5, 5.607966E-04 
11, 8.526483E-05 
16, 5.765668E-08 
19, 4.203745E-13 
5, 9.849643E-04 
15, 4.145511E-07 
3, 2.615663E-04 
4, 9.476619E-04 
12, 6.235356E-05 
2, 2.199876E-04 
2, 3.806652E-05 
1, 1.333245E-05 
16, 4.868051E-09 
19, 2.544320E-13 
7, 8.892365E-04 
18, 8.308527E-11 
6, 8.854357E-04 
10, 2.703516E-04 
7, 8.618140E-04 
3, 1.636268E-04 
5, 6.613985E-04 
2, 2.892984E-05 
7, 8.786536E-04 
11, 9.839796E-05 
19, 2.621328E-13 
13, 1.438730E-05 
17, 2.483520E-09 
2, 1.029480E-04 
17, 2.878956E-09 
11, 1.547531E-04 
14, 3.328843E-06 
7, 9.763542E-04 
16, 2.548000E-08 
6, 7.265384E-04 
10, 2.704252E-04 
7, 9.924329E-04 
18, 1.017728E-12 
7, 1.358124E-03 
4, 3.168474E-04 
12, 1.593715E-05 
15, 5.033716E-07 
16, 3.434236E-09 
5, 7.450938E-04 
13, 3.046130E-06 
19, 2.803866E-13 
7, 8.758372E-04 
11, 1.890591E-04 
19, 3.104508E-13 
7, 9.473643E-04 
5, 8.386083E-04 
5, 9.005639E-04 
13, 1.948167E-05 
8, 8.914417E-04 
15, 3.418857E-07 
10, 2.221814E-04 
15, 3.404700E-07 
9, 2.923167E-04 
5, 8.645325E-04 
5, 1.057555E-03 
3, 1.491906E-04 
1, 1.048010E-05 
14, 2.552438E-06 
19, 3.894843E-13 
13, 3.186564E-06 
16, 4.258179E-08 
17, 2.937801E-09 
16, 7.816309E-09 
8, 5.996761E-04 
8, 1.465029E-03 
2, 2.430309E-05 
15, 2.621008E-07 
2, 1.334087E-04 
7, 1.116214E-03 
13, 2.052298E-05 
18, 4.764837E-12 
18, 1.008342E-12 
12, 3.233331E-05 
9, 3.076415E-04 
6, 1.094805E-03 
18, 6.098345E-13 
16, 3.557081E-08 
13, 8.921611E-06 
3, 1.698802E-04 
3, 2.577233E-04 
7, 8.512369E-04 
13, 6.285976E-06 
18, 9.258024E-11 
12, 5.300339E-05 
1, 1.026858E-05 
14, 7.442434E-07 
5, 7.757647E-04 
14, 2.857777E-06 
16, 7.195524E-09 
5, 9.318560E-04 
12, 2.112517E-05 
16, 1.284377E-07 
3, 2.025965E-04 
17, 3.167580E-09 
8, 5.731569E-04 
3, 1.888946E-04 
11, 1.882042E-04 
12, 3.247057E-05 
4, 4.391654E-04 
4, 3.964699E-04 
9, 4.452042E-04 
6, 9.341525E-04 
17, 1.777063E-10 
16, 3.805766E-08 
8, 7.119425E-04 
16, 1.968612E-08 
11, 1.161252E-04 
16, 1.369313E-07 
15, 4.204873E-07 
7, 8.808419E-04 
18, 8.719269E-13 
3, 2.626116E-04 
11, 1.343800E-04 
12, 3.882120E-05 
9, 6.104591E-04 
4, 4.279404E-04 
3, 1.422147E-04 
11, 1.329474E-04 
9, 3.608112E-04 
15, 1.267559E-07 
5, 8.799291E-04 
12, 2.109220E-05 
2, 1.183840E-04 
10, 1.975236E-04 
8, 8.912436E-04 
8, 8.799374E-04 
17, 4.406560E-09 
10, 2.671389E-04 
19, 2.561054E-13 
5, 1.036313E-03 
10, 2.436102E-04 
13, 8.881178E-06 
10, 2.202894E-04 
19, 2.544320E-13 
6, 5.809439E-04 
3, 2.194948E-04 
5, 6.954700E-04 
19, 2.544320E-13 
16, 7.156839E-08 
11, 8.945980E-05 
4, 4.204420E-04 
19, 2.544320E-13 
4, 4.242017E-04 
12, 2.333036E-05 
19, 2.561054E-13 
13, 9.412124E-06 
14, 3.408822E-06 
7, 7.452825E-04 
14, 5.262664E-06 
6, 9.059621E-04 
14, 1.084848E-06 
12, 2.394612E-05 
7, 8.777806E-04 
5, 9.076539E-04 
18, 9.258024E-11 
15, 3.660989E-07 
9, 3.759213E-04 
16, 6.084876E-09 
8, 8.986933E-04 
14, 2.162886E-06 
10, 2.382771E-04 
9, 4.825783E-04 
11, 1.018865E-04 
2, 1.028015E-04 
1, 1.390895E-05 
3, 1.926625E-04 
10, 2.730052E-04 
9, 3.359580E-04 
16, 5.748328E-08 
11, 4.672128E-05 
4, 3.946433E-04 
9, 2.827353E-04 
18, 1.374785E-10 
18, 7.273715E-13 
16, 4.513618E-08 
1, 1.074247E-05 
18, 5.466038E-13 
12, 8.427616E-05 
5, 8.689448E-04 
16, 1.036378E-07 
8, 5.909099E-04 
9, 2.814668E-04 
16, 4.513618E-08 
15, 1.053037E-07 
1, 1.074020E-05 
7, 9.105636E-04 
17, 4.481106E-09 
11, 8.218914E-05 
7, 1.151369E-03 
3, 1.843229E-04 
10, 2.307854E-04 
7, 1.008288E-03 
12, 2.823950E-05 
5, 6.248054E-04 
5, 8.395950E-04 
13, 5.391620E-06 
17, 4.417158E-09 
2, 1.073804E-04 
1, 1.196250E-05 
7, 1.125058E-03 
5, 4.033875E-04 
3, 2.071216E-04 
15, 6.369415E-07 
8, 6.237389E-04 
10, 2.014080E-04 
5, 6.027462E-04 
16, 1.245599E-07 
7, 1.176926E-03 
9, 4.221954E-04 
7, 9.018961E-04 
5, 8.580490E-04 
5, 8.163044E-04 
8, 1.005464E-03 
12, 2.485473E-05 
1, 9.595346E-06 
13, 1.200550E-05 
15, 6.809401E-07 
13, 1.469472E-05 
15, 6.809401E-07 
15, 3.825952E-07 
7, 9.022861E-04 
1, 1.324069E-05 
8, 1.255772E-03 
1, 1.268230E-05 
10, 3.139506E-04 
1, 1.527573E-05 
5, 6.302704E-04 
5, 7.438152E-04 
19, 3.672595E-13 
15, 2.880925E-07 
11, 1.202873E-04 
10, 2.001873E-04 
17, 7.797379E-11 
8, 8.648122E-04 
14, 3.041201E-06 
14, 9.083100E-07 
12, 3.251036E-05 
13, 3.219501E-06 
2, 2.548207E-05 
17, 3.829307E-09 
13, 7.540245E-06 
6, 1.034956E-03 
10, 2.477651E-04 
8, 6.630866E-04 
2, 1.010778E-04 
6, 1.031441E-03 
13, 1.675673E-05 
19, 2.544320E-13 
13, 1.675903E-05 
2, 4.297854E-05 
14, 3.624806E-06 
19, 2.550629E-13 
18, 6.432948E-11 
10, 4.509796E-04 
9, 4.270606E-04 
10, 2.757940E-04 
7, 8.046292E-04 
5, 6.014925E-04 
19, 2.544320E-13 
2, 6.044999E-05 
5, 8.792076E-04 
7, 6.345213E-04 
4, 4.349278E-04 
4, 4.494529E-04 
13, 1.444664E-05 
17, 2.483520E-09 
13, 5.247290E-06 
1, 8.960979E-06 
4, 4.373811E-04 
17, 3.420769E-09 
19, 4.149595E-13 
1, 8.357156E-06 
9, 4.743730E-04 
19, 2.544320E-13 
6, 6.057400E-04 
17, 8.974606E-09 
6, 9.171361E-04 
8, 8.376956E-04 
15, 6.881150E-08 
8, 6.296792E-04 
17, 1.618180E-10 
8, 6.453507E-04 
7, 1.255207E-03 
19, 4.388047E-13 
6, 9.025828E-04 
4, 6.278768E-04 
19, 2.544396E-13 
7, 9.185385E-04 
12, 4.907479E-05 
4, 4.775355E-04 
15, 4.186584E-07 
3, 1.478714E-04 
16, 1.255167E-08 
16, 8.074453E-09 
18, 6.103991E-11 
14, 9.284605E-07 
15, 6.356481E-07 
15, 7.156839E-08 
12, 6.181489E-05 
1, 9.546670E-06 
5, 5.669124E-04 
5, 6.299797E-04 
14, 9.841398E-07 
6, 8.997173E-04 
7, 9.721674E-04 
13, 2.418752E-05 
16, 7.613677E-09 
14, 2.464821E-06 
15, 3.798955E-07 
10, 2.581352E-04 
18, 5.900256E-13 
12, 7.953186E-05 
4, 3.344212E-04 
10, 2.202894E-04 
11, 5.325004E-05 
3, 2.201772E-04 
6, 1.147012E-03 
16, 1.123488E-07 
19, 4.720020E-13 
7, 8.811999E-04 
16, 9.797061E-08 
16, 5.403595E-08 
19, 4.398967E-13 
8, 8.385766E-04 
10, 1.803086E-04 
12, 5.293466E-05 
13, 3.010591E-06 
12, 5.148927E-06 
16, 1.013128E-07 
10, 2.008191E-04 
3, 1.416151E-04 
9, 3.048623E-04 
18, 3.699153E-13 
8, 1.153381E-03 
13, 4.168989E-06 
11, 3.042588E-05 
11, 4.625740E-05 
18, 9.574985E-13 
4, 4.871846E-04 
13, 2.792565E-05 
1, 1.313408E-05 
14, 1.036399E-06 
10, 2.801843E-04 
16, 5.158029E-09 
7, 9.838115E-04 
9, 3.212178E-04 
2, 7.653868E-05 
9, 4.598911E-04 
9, 5.149819E-04 
9, 4.392362E-04 
4, 3.598855E-04 
15, 8.649601E-08 
17, 3.068997E-09 
1, 9.146032E-06 
3, 2.422359E-04 
18, 5.270928E-11 
9, 5.129536E-04 
17, 3.948485E-09 
7, 1.002975E-03 
6, 5.855552E-04 
18, 1.361567E-12 
2, 2.360570E-04 
12, 1.875969E-05 
2, 2.685092E-05 
8, 8.693502E-04 
2, 8.431947E-05 
17, 1.422271E-10 
9, 3.800074E-04 
18, 1.052106E-12 
8, 7.309852E-04 
8, 1.101234E-03 
2, 1.290917E-04 
10, 2.208944E-04 
1, 1.098876E-05 
10, 3.156174E-04 
19, 4.882484E-13 
18, 6.842186E-11 
11, 9.828984E-05 
11, 5.182221E-05 
17, 1.888176E-10 
14, 1.281812E-06 
10, 2.391759E-04 
16, 1.532043E-07 
13, 1.348004E-05 
3, 1.932470E-04 
9, 4.366351E-04 
3, 1.505784E-04 
3, 1.911464E-04 
7, 1.131032E-03 
17, 3.234418E-09 
10, 4.672128E-05 
2, 7.083681E-05 
6, 1.018461E-03 
6, 1.044006E-03 
12, 2.846862E-05 
2, 2.605228E-05 
1, 9.251686E-06 
18, 9.440881E-11 
14, 3.134369E-06 
3, 2.530559E-04 
7, 8.994967E-04 
8, 6.204261E-04 
9, 4.806123E-04 
13, 3.916627E-06 
10, 2.846708E-04 
13, 1.320027E-05 
13, 1.268363E-05 
19, 4.953292E-13 
17, 2.539160E-09 
13, 7.039742E-06 
9, 3.949741E-04 
14, 3.197838E-06 
1, 1.421250E-05 
18, 5.423896E-13 
5, 1.013467E-03 
8, 8.324784E-04 
3, 2.274816E-04 
10, 3.273986E-04 
9, 5.566004E-04 
11, 1.447123E-04 
3, 2.070377E-04 
13, 1.515901E-05 
5, 8.852346E-04 
12, 2.651847E-05 
16, 5.397276E-08 
11, 8.235802E-05 
2, 4.489978E-05 
4, 3.239909E-04 
8, 9.860428E-04 
14, 3.006239E-06 
3, 1.448167E-04 
19, 4.720020E-13 
15, 1.380508E-07 
3, 1.768094E-04 
17, 2.016708E-10 
13, 1.617654E-05 
18, 9.408894E-11 
8, 5.907156E-04 
7, 9.101655E-04 
5, 9.594790E-04 
12, 6.681836E-06 
17, 2.878956E-09 
17, 3.379662E-09 
9, 4.038596E-04 
6, 6.350869E-04 
1, 9.567172E-06 
9, 3.217937E-04 
7, 9.236486E-04 
8, 5.812971E-04 
9, 4.557901E-04 
6, 8.629601E-04 
8, 6.016655E-04 
8, 7.770366E-04 
10, 3.156174E-04 
1, 9.516894E-06 
10, 2.836817E-04 
15, 4.145511E-07 
16, 5.963386E-08 
1, 1.509942E-05 
12, 3.594855E-05 
17, 2.570768E-09 
14, 2.023448E-06 
13, 8.742287E-06 
2, 1.058197E-04 
12, 5.101461E-05 
12, 8.095374E-05 
19, 2.874339E-13 
3, 2.399476E-04 
17, 4.582089E-09 
14, 7.283996E-07 
14, 4.218926E-06 
13, 7.335953E-06 
11, 1.883878E-04 
2, 9.334990E-05 
6, 8.629601E-04 
19, 3.548323E-13 
7, 9.125294E-04 
15, 3.376949E-07 
15, 4.970644E-07 
15, 9.129255E-08 
9, 3.194416E-04 
13, 1.324570E-05 
18, 1.017523E-12 
1, 1.364825E-05 
17, 3.021082E-09 
1, 1.086225E-05 
17, 1.573750E-10 
2, 9.501898E-05 
12, 3.657212E-05 
19, 2.509612E-13 
5, 8.065943E-04 
5, 7.307376E-04 
5, 9.198811E-04 
5, 5.877807E-04 
16, 1.264300E-08 
7, 9.477630E-04 
3, 1.507289E-04 
14, 2.318435E-06 
13, 3.008306E-05 
8, 7.736228E-04 
13, 1.188188E-05 
7, 1.177685E-03 
16, 1.470891E-08 
11, 7.803141E-05 
13, 1.119270E-05 
6, 8.818012E-04 
16, 1.132208E-07 
5, 5.649583E-04 
1, 1.400943E-05 
3, 1.404720E-04 
5, 6.769751E-04 
10, 2.064008E-04 
19, 2.544320E-13 
16, 9.571824E-09 
10, 2.585371E-04 
13, 1.097392E-05 
19, 2.544472E-13 
7, 1.043346E-03 
10, 2.735568E-04 
15, 4.450996E-07 
15, 2.897888E-07 
4, 5.617792E-04 
12, 4.922225E-05 
13, 4.990914E-06 
14, 2.616040E-06 
19, 2.756936E-13 
14, 1.349132E-06 
17, 4.954822E-09 
5, 5.740966E-04 
18, 5.037146E-11 
13, 2.109220E-05 
8, 5.763089E-04 
14, 5.148927E-06 
6, 6.419431E-04 
1, 9.074553E-06 
14, 2.994859E-06 
15, 1.284377E-07 
15, 2.726746E-07 
11, 9.667352E-05 
7, 6.856854E-04 
18, 1.019468E-12 
7, 1.203250E-03 
15, 1.679202E-08 
16, 7.195524E-09 
1, 1.455376E-05 
10, 2.397022E-04 
5, 7.374272E-04 
7, 8.915852E-04 
17, 1.374785E-10 
15, 1.532043E-07 
18, 5.214076E-11 
17, 2.879057E-09 
13, 2.043711E-05 
1, 8.461498E-06 
5, 9.353977E-04 
11, 6.387848E-05 
11, 9.009795E-05 
2, 9.171911E-05 
13, 3.090517E-06 
19, 2.544320E-13 
8, 7.126065E-04 
15, 4.711663E-07 
7, 9.835226E-04 
13, 6.356644E-06 
9, 3.638174E-04 
13, 2.738307E-06 
3, 2.998966E-04 
7, 1.235879E-03 
10, 1.901097E-04 
7, 8.884077E-04 
8, 6.599191E-04 
4, 4.869737E-04 
8, 8.841607E-04 
19, 3.922767E-13 
11, 1.230716E-04 
4, 4.054425E-04 
2, 1.315144E-05 
16, 5.872140E-09 
14, 8.379175E-07 
2, 1.074498E-04 
8, 7.109183E-04 
6, 8.836324E-04 
18, 9.689499E-11 
8, 4.785591E-04 
7, 1.089943E-03 
1, 1.617454E-05 
18, 5.128832E-13 
10, 2.739188E-04 
12, 2.264167E-05 
11, 1.271204E-04 
17, 3.699974E-09 
16, 1.013128E-07 
10, 2.561398E-04 
19, 3.588797E-13 
11, 9.667352E-05 
7, 8.757000E-04 
1, 9.213079E-06 
1, 1.031018E-05 
1, 9.336347E-06 
7, 1.117676E-03 
8, 8.796280E-04 
5, 6.350978E-04 
17, 4.168003E-09 
1, 1.255477E-05 
10, 2.245168E-04 
12, 2.805557E-05 
4, 4.322858E-04 
11, 1.184151E-04 
8, 6.870427E-04 
16, 2.753226E-08 
5, 6.620055E-04 
6, 6.336948E-04 
19, 2.544320E-13 
4, 1.105734E-03 
4, 5.390058E-04 
2, 8.424349E-05 
11, 8.235802E-05 
10, 2.178401E-04 
15, 3.054222E-07 
13, 7.639787E-06 
11, 9.834665E-05 
15, 1.104382E-07 
15, 4.489147E-07 
8, 5.763089E-04 
18, 8.746511E-13 
6, 7.489182E-04 
10, 3.229635E-04 
14, 9.561589E-07 
12, 4.021843E-05 
5, 6.438837E-04 
11, 7.803141E-05 
12, 3.592848E-05 
2, 2.130213E-04 
6, 8.828382E-04 
13, 9.680705E-06 
16, 1.096068E-07 
5, 5.723720E-04 
13, 7.264053E-06 
10, 2.136122E-04 
14, 1.177402E-06 
2, 1.090934E-04 
13, 3.678458E-06 
2, 2.948129E-05 
15, 1.241313E-07 
2, 4.019041E-05 
15, 3.836017E-07 
5, 5.955868E-04 
19, 2.544320E-13 
19, 3.865051E-13 
15, 4.757097E-07 
12, 3.545357E-05 
8, 8.988000E-04 
7, 1.276018E-03 
7, 8.643614E-04 
3, 1.747734E-04 
8, 8.458087E-04 
7, 8.796565E-04 
11, 1.273220E-04 
17, 2.733771E-09 
8, 9.001912E-04 
9, 3.059086E-04 
14, 3.490389E-06 
14, 2.344961E-06 
19, 2.593703E-13 
6, 5.823690E-04 
2, 7.043785E-05 
12, 6.374861E-05 
11, 1.261928E-04 
14, 6.542062E-07 
13, 1.633283E-05 
13, 9.582058E-06 
9, 5.455947E-04 
12, 5.543478E-05 
4, 3.330225E-04 
6, 9.125987E-04 
15, 4.205450E-07 
14, 3.316976E-06 
18, 3.865051E-13 
2, 8.267974E-05 
17, 9.440881E-11 
6, 8.884269E-04 
15, 4.151148E-07 
11, 9.496195E-05 
14, 8.409747E-07 
4, 5.955868E-04 
10, 1.835405E-04 
14, 2.931390E-06 
14, 3.505385E-06 
3, 2.088845E-04 
8, 6.065849E-04 
2, 8.772539E-05 
17, 3.734570E-09 
10, 2.964656E-04 
4, 4.313416E-04 
11, 1.033318E-04 
13, 1.746310E-05 
10, 2.129125E-04 
7, 9.477630E-04 
1, 1.455061E-05 
8, 8.061861E-04 
17, 2.700277E-09 
8, 9.685718E-04 
4, 3.775973E-04 
8, 1.148021E-03 
15, 1.880432E-07 
10, 2.196950E-04 
19, 2.544320E-13 
3, 1.611997E-04 
11, 1.222157E-04 
6, 9.020448E-04 
12, 3.592848E-05 
10, 2.862722E-04 
9, 4.151236E-04 
12, 5.237877E-05 
16, 1.532043E-07 
6, 8.906847E-04 
7, 8.833807E-04 
2, 1.859124E-05 
11, 9.377335E-05 
6, 6.484089E-04 
6, 9.133277E-04 
5, 8.062021E-04 
17, 3.945987E-09 
3, 2.497193E-04 
7, 8.969897E-04 
18, 1.445191E-10 
11, 2.216388E-04 
10, 1.890591E-04 
8, 9.536992E-04 
4, 4.814557E-04 
8, 7.264396E-04 
9, 4.846270E-04 
6, 9.054061E-04 
5, 8.567515E-04 
10, 1.116835E-04 
5, 8.873171E-04 
14, 1.214140E-06 
16, 1.174428E-08 
18, 1.396005E-12 
18, 1.385582E-10 
7, 9.397114E-04 
16, 1.569586E-08 
17, 3.769805E-09 
7, 1.008187E-03 
8, 9.609998E-04 
19, 3.081174E-13 
9, 4.906488E-04 
7, 1.187445E-03 
10, 1.926744E-04 
15, 3.479804E-07 
7, 9.395368E-04 
12, 4.321990E-05 
8, 5.933359E-04 
3, 1.605669E-04 
11, 8.870439E-05 
9, 4.019700E-04 
13, 3.490389E-06 
4, 4.269948E-04 
5, 7.951532E-04 
14, 2.613951E-06 
14, 3.433269E-06 
7, 8.966280E-04 
18, 3.672595E-13 
7, 8.977496E-04 
4, 4.025813E-04 
13, 3.046130E-06 
10, 2.022323E-04 
16, 4.691561E-08 
10, 1.469283E-04 
16, 4.531424E-08 
17, 3.960597E-09 
11, 1.183967E-04 
2, 1.553044E-04 
4, 4.321461E-04 
17, 2.613696E-09 
1, 1.017886E-05 
10, 3.017163E-04 
7, 8.931045E-04 
11, 9.437033E-05 
6, 9.144660E-04 
7, 6.995655E-04 
5, 8.972386E-04 
3, 2.308772E-04 
14, 2.209569E-06 
2, 2.651368E-05 
8, 6.599950E-04 
10, 2.881818E-04 
9, 3.957483E-04 
7, 9.115216E-04 
2, 1.235689E-04 
2, 1.168975E-04 
16, 8.600397E-09 
11, 1.367645E-04 
10, 2.293237E-04 
12, 2.211174E-05 
7, 9.612454E-04 
3, 1.894362E-04 
13, 1.097392E-05 
9, 3.756001E-04 
13, 2.546168E-06 
18, 1.504339E-10 
10, 2.517874E-04 
17, 3.865475E-09 
19, 2.550629E-13 
10, 2.948493E-04 
17, 6.085999E-09 
14, 8.149106E-07 
19, 2.544320E-13 
19, 3.420357E-13 
18, 1.374785E-10 
6, 5.902837E-04 
8, 6.724623E-04 
1, 1.480818E-05 
3, 1.667578E-04 
4, 4.569873E-04 
18, 1.034579E-12 
1, 1.074020E-05 
17, 6.415230E-09 
7, 9.139261E-04 
11, 4.374934E-05 
4, 3.163455E-04 
9, 4.356234E-04 
17, 5.097910E-10 
18, 9.382346E-13 
15, 1.406207E-07 
10, 3.054896E-04 
16, 5.296462E-08 
14, 3.230007E-06 
4, 3.676490E-04 
1, 9.685989E-06 
16, 8.460436E-08 
14, 8.235827E-07 
6, 1.157663E-03 
12, 3.904216E-05 
12, 1.962347E-05 
3, 1.523010E-04 
5, 8.251107E-04 
16, 9.794098E-08 
4, 3.649675E-04 
2, 2.572560E-05 
3, 1.423854E-04 
6, 1.151655E-03 
4, 4.877637E-04 
3, 1.923744E-04 
17, 3.419832E-09 
15, 4.571615E-07 
7, 1.163233E-03 
4, 7.743804E-04 
5, 7.450938E-04 
11, 1.381211E-04 
6, 6.484089E-04 
19, 2.560192E-13 
8, 8.886538E-04 
16, 7.941622E-08 
12, 4.342261E-05 
8, 6.847017E-04 
16, 6.949447E-09 
9, 4.124626E-04 
6, 1.057555E-03 
14, 5.148927E-06 
5, 1.011877E-03 
12, 5.013224E-05 
9, 5.038067E-04 
1, 8.246532E-06 
14, 8.932639E-07 
9, 4.583342E-04 
3, 2.335930E-04 
8, 9.510899E-04 
7, 7.107230E-04 
2, 1.859124E-05 
9, 5.340912E-04 
1, 1.382257E-05 
9, 3.139187E-04 
14, 3.090517E-06 
19, 3.421710E-13 
2, 9.221356E-05 
9, 3.989325E-04 
17, 3.383359E-09 
16, 5.106213E-08 
6, 6.791281E-04 
19, 2.712832E-13 
10, 2.311382E-04 
16, 9.797061E-08 
1, 1.017495E-05 
4, 3.680603E-04 
16, 7.195524E-09 
15, 4.432290E-07 
10, 2.321524E-04 
6, 8.845618E-04 
18, 6.218897E-11 
8, 8.436608E-04 
17, 3.034817E-09 
6, 8.910918E-04 
13, 9.287648E-06 
17, 3.945987E-09 
6, 8.672641E-04 
5, 8.084465E-04 
14, 3.865400E-06 
13, 2.762676E-06 
2, 1.272306E-04 
16, 2.432406E-08 
18, 1.214876E-12 
9, 3.241969E-04 
17, 4.582089E-09 
8, 8.862253E-04 
2, 1.049563E-04 
4, 5.310890E-04 
8, 9.371235E-04 
14, 9.685991E-07 
6, 9.009120E-04 
10, 2.827173E-04 
10, 2.520291E-04 
5, 9.787059E-04 
18, 1.374785E-10 
4, 3.239909E-04 
8, 8.021199E-04 
12, 4.580257E-05 
13, 2.208567E-06 
14, 1.083713E-06 
4, 5.624144E-04 
18, 7.465692E-11 
9, 3.404268E-04 
8, 8.872648E-04 
3, 1.467812E-04 
3, 2.478176E-04 
18, 7.980855E-13 
17, 4.478944E-09 
16, 5.162260E-08 
8, 8.369336E-04 
7, 7.418591E-04 
5, 8.391396E-04 
17, 3.610387E-09 
9, 8.276077E-04 
7, 6.984472E-04 
13, 3.316409E-06 
6, 9.123410E-04 
12, 2.136967E-05 
11, 8.888949E-05 
7, 1.150321E-03 
10, 1.858050E-04 
19, 2.544320E-13 
5, 7.522693E-04 
13, 1.226397E-05 
10, 2.089949E-04 
12, 4.432594E-06 
6, 8.853669E-04 
11, 9.888318E-05 
3, 1.591056E-04 
7, 1.155975E-03 
16, 1.267559E-07 
12, 5.032273E-05 
11, 7.978254E-05 
10, 2.853127E-04 
19, 3.865051E-13 
7, 7.178503E-04 
11, 1.605359E-04 
17, 5.029601E-11 
11, 1.371076E-04 
14, 2.765484E-06 
12, 3.614981E-05 
5, 3.367614E-04 
17, 1.777063E-10 
11, 1.391926E-04 
9, 7.051537E-04 
4, 4.462660E-04 
5, 8.625765E-04 
12, 2.693064E-05 
2, 2.534818E-05 
2, 1.930950E-05 
15, 7.195222E-08 
8, 8.972466E-04 
13, 2.824495E-05 
14, 8.817319E-07 
12, 2.347200E-05 
8, 8.615299E-04 
12, 3.275697E-05 
9, 3.853510E-04 
12, 3.171292E-05 
5, 8.462620E-04 
11, 1.240416E-04 
18, 1.374785E-10 
16, 1.344961E-10 
12, 2.486977E-05 
9, 3.949741E-04 
2, 1.708007E-04 
7, 8.800397E-04 
17, 3.865655E-09 
18, 1.017728E-12 
5, 1.036553E-03 
18, 1.066404E-12 
1, 1.437164E-05 
3, 1.872475E-04 
4, 5.154434E-04 
11, 1.183570E-04 
12, 5.362657E-05 
14, 1.000149E-06 
13, 8.881178E-06 
15, 2.639787E-07 
17, 1.662440E-09 
11, 9.839796E-05 
18, 1.594213E-10 
12, 5.663934E-05 
2, 8.030696E-05 
2, 1.081234E-04 
8, 8.792004E-04 
6, 1.152491E-03 
15, 3.566278E-07 
17, 2.778707E-10 
10, 3.365922E-04 
4, 4.506552E-04 
10, 1.799996E-04 
6, 6.830696E-04 
9, 3.190929E-04 
15, 1.773049E-07 
11, 4.218440E-05 
16, 7.195524E-09 
16, 2.432406E-08 
16, 4.073160E-09 
8, 1.095336E-03 
1, 8.584276E-06 
1, 1.350288E-05 
11, 9.494926E-05 
2, 8.603842E-05 
10, 2.519846E-04 
11, 2.942012E-04 
14, 1.056316E-06 
3, 2.008595E-04 
18, 1.320933E-12 
14, 3.175377E-06 
14, 1.238817E-06 
10, 1.908803E-04 
3, 1.956568E-04 
14, 3.678458E-06 
17, 3.630143E-09 
13, 6.372405E-06 
3, 1.255882E-04 
17, 3.904453E-09 
12, 5.044365E-05 
10, 2.572390E-04 
18, 9.157535E-13 
1, 1.456637E-05 
12, 2.110589E-05 
2, 2.668943E-05 
8, 8.693098E-04 
4, 3.460037E-04 
12, 1.921210E-05 
7, 1.051647E-03 
2, 8.121600E-05 
4, 4.868586E-04 
17, 3.008541E-09 
15, 4.858395E-07 
15, 5.715412E-07 
17, 4.406560E-09 
6, 8.778391E-04 
3, 1.440125E-04 
3, 1.170126E-04 
8, 8.298800E-04 
12, 5.529520E-05 
2, 3.619639E-05 
5, 7.423637E-04 
5, 8.833035E-04 
12, 3.294638E-05 
17, 3.420769E-09 
9, 4.080672E-04 
16, 7.181329E-09 
16, 5.296462E-08 
7, 1.005977E-03 
3, 3.739073E-04 
17, 3.268060E-09 
19, 2.561054E-13 
15, 1.137453E-07 
12, 3.316619E-05 
14, 1.716634E-06 
4, 4.680808E-04 
7, 9.200694E-04 
6, 8.912061E-04 
19, 2.544320E-13 
7, 9.472850E-04 
2, 2.338974E-05 
10, 2.211786E-04 
10, 3.018581E-04 
3, 1.854117E-04 
17, 4.499950E-09 
11, 9.982659E-05 
12, 5.809647E-05 
10, 2.008191E-04 
2, 1.101563E-04 
2, 9.394219E-05 
2, 1.167936E-04 
15, 4.432290E-07 
10, 2.192599E-04 
10, 2.859853E-04 
2, 1.448167E-04 
18, 1.475772E-12 
4, 3.427687E-04 
8, 8.845147E-04 
19, 2.501159E-13 
18, 9.440881E-11 
13, 9.412124E-06 
17, 2.780121E-09 
16, 5.694076E-09 
2, 2.733283E-05 
3, 2.008595E-04 
19, 2.544320E-13 
13, 5.350373E-05 
1, 9.995294E-06 
2, 1.063696E-04 
1, 1.536437E-05 
4, 2.058943E-04 
12, 5.527548E-05 
10, 2.382882E-04 
5, 6.592894E-04 
9, 4.105575E-04 
10, 2.877828E-04 
10, 3.332493E-04 
18, 1.888176E-10 
18, 9.612200E-13 
16, 4.650460E-08 
1, 8.583762E-06 
12, 1.019476E-04 
1, 8.461498E-06 
3, 1.946008E-04 
3, 2.106222E-04 
13, 8.341149E-06 
13, 2.754017E-05 
18, 1.777063E-10 
5, 6.350869E-04 
11, 1.298901E-04 
17, 2.707962E-09 
18, 1.017728E-12 
3, 2.479724E-04 
18, 1.163410E-12 
8, 8.440075E-04 
10, 2.988756E-04 
15, 1.045754E-07 
2, 2.530205E-05 
13, 2.016734E-05 
8, 8.766479E-04 
2, 3.718249E-05 
3, 2.130520E-04 
12, 6.433975E-05 
19, 8.041190E-13 
6, 6.505925E-04 
12, 3.577594E-05 
17, 3.297661E-09 
17, 7.195524E-09 
8, 8.362542E-04 
15, 4.145511E-07 
3, 1.458506E-04 
12, 5.886537E-05 
4, 5.051478E-04 
2, 2.459848E-05 
6, 1.007917E-03 
5, 5.616761E-04 
18, 1.274477E-10 
15, 1.085675E-06 
19, 2.569226E-13 
12, 5.180956E-05 
17, 1.530328E-09 
6, 9.776533E-04 
8, 6.806671E-04 
7, 9.146129E-04 
3, 2.043285E-04 
16, 4.563700E-08 
6, 9.163563E-04 
5, 8.485495E-04 
10, 1.887572E-04 
3, 2.432148E-04 
17, 1.888176E-10 
5, 9.494616E-04 
11, 8.452107E-05 
16, 9.446206E-09 
12, 4.922225E-05 
14, 3.102872E-06 
3, 2.778360E-04 
2, 1.034766E-04 
9, 4.338551E-04 
3, 2.407923E-04 
3, 1.990846E-04 
19, 3.583448E-13 
4, 4.279404E-04 
15, 2.860725E-07 
1, 9.146032E-06 
18, 6.395074E-13 
8, 8.831670E-04 
12, 2.830994E-05 
9, 3.348759E-04 
17, 5.146353E-09 
6, 5.951272E-04 
12, 5.131331E-05 
14, 9.065649E-07 
14, 9.735299E-07 
8, 7.666382E-04 
16, 6.338927E-08 
1, 9.940284E-06 
2, 1.680857E-04 
16, 1.095552E-07 
18, 1.302855E-10 
18, 1.664723E-12 
9, 3.457738E-04 
10, 2.480892E-04 
9, 3.692720E-04 
5, 6.289789E-04 
16, 6.221602E-09 
18, 6.103991E-11 
17, 3.734570E-09 
13, 1.842005E-05 
13, 8.865188E-06 
9, 2.956478E-04 
12, 3.868735E-05 
3, 1.739952E-04 
6, 1.103309E-03 
8, 1.052096E-03 
16, 8.327153E-09 
12, 1.867321E-05 
7, 1.011019E-03 
1, 1.116244E-05 
17, 1.374785E-10 
14, 2.476289E-06 
3, 1.993821E-04 
5, 8.647705E-04 
17, 2.508418E-09 
5, 8.915644E-04 
7, 8.818339E-04 
16, 7.037179E-09 
11, 9.589786E-05 
6, 6.960631E-04 
6, 1.091209E-03 
9, 4.284823E-04 
10, 2.110804E-04 
2, 1.853620E-05 
14, 8.774828E-07 
5, 8.580822E-04 
5, 7.659772E-04 
8, 7.344527E-04 
17, 4.027814E-09 
14, 3.073899E-06 
11, 7.657964E-05 
2, 1.070643E-04 
9, 4.139230E-04 
8, 8.895316E-04 
2, 8.140751E-05 
19, 3.788952E-13 
10, 2.682884E-04 
17, 3.346723E-09 
12, 4.883628E-05 
19, 4.174841E-13 
4, 2.182334E-04 
14, 3.250637E-06 
19, 2.544320E-13 
10, 2.810352E-04 
15, 3.614966E-07 
10, 2.827173E-04 
16, 9.949830E-08 
17, 3.177490E-09 
9, 2.771275E-04 
1, 1.333245E-05 
8, 6.720563E-04 
10, 2.111404E-04 
14, 3.605637E-06 
2, 1.177069E-04 
3, 2.024416E-04 
17, 6.647296E-11 
19, 2.590632E-13 
2, 2.359986E-05 
19, 2.648747E-13 
6, 8.727224E-04 
9, 3.214205E-04 
2, 1.756442E-04 
17, 1.034648E-10 
12, 5.758353E-05 
6, 7.450123E-04 
1, 9.149193E-06 
19, 2.979546E-13 
10, 1.781516E-04 
7, 1.171558E-03 
13, 6.281529E-06 
5, 5.757730E-04 
16, 6.536294E-08 
10, 1.892987E-04 
9, 2.984117E-04 
6, 8.788844E-04 
10, 3.493491E-04 
4, 4.572682E-04 
9, 6.306081E-04 
14, 2.995418E-06 
5, 8.864056E-04 
14, 9.128152E-07 
18, 6.545232E-11 
4, 3.536798E-04 
2, 4.197253E-05 
6, 9.477434E-04 
4, 4.416177E-04 
11, 9.321284E-05 
10, 2.208944E-04 
4, 4.139960E-04 
1, 8.992257E-06 
3, 2.278474E-04 
19, 2.544320E-13 
17, 3.947865E-09 
4, 4.213775E-04 
19, 3.815103E-13 
12, 6.298770E-06 
9, 3.012294E-04 
6, 6.038026E-04 
15, 3.614966E-07 
15, 5.187123E-07 
19, 2.712832E-13 
1, 2.169646E-05 
2, 4.489978E-05 
15, 3.054222E-07 
17, 5.146353E-09 
6, 9.597454E-04 
4, 4.370721E-04 
3, 1.888946E-04 
11, 8.089032E-05 
9, 4.503942E-04 
2, 2.240780E-05 
15, 1.439105E-08 
12, 3.241854E-05 
8, 7.648894E-04 
12, 4.033635E-05 
15, 7.949090E-08 
3, 2.027455E-04 
14, 9.796544E-07 
14, 1.431725E-06 
4, 4.026098E-04 
4, 3.439732E-04 
18, 9.559620E-13 
13, 1.650357E-05 
12, 5.754311E-05 
10, 2.700889E-04 
19, 3.699146E-13 
1, 9.478449E-06 
12, 5.107292E-05 
14, 2.292536E-06 
17, 2.570369E-09 
7, 7.048824E-04 
5, 8.536681E-04 
14, 2.160871E-06 
4, 5.174686E-04 
17, 3.550896E-09 
8, 6.016655E-04 
9, 4.567860E-04 
4, 3.764048E-04 
1, 8.795326E-06 
11, 1.153927E-04 
13, 6.258830E-06 
4, 5.182184E-04 
7, 1.231329E-03 
8, 6.870427E-04 
8, 1.001221E-03 
15, 4.907814E-07 
14, 3.749210E-06 
3, 1.858977E-04 
11, 9.022487E-05 
7, 8.484668E-04 
6, 9.636668E-04 
6, 1.056713E-03 
10, 2.664384E-04 
4, 2.051251E-04 
6, 6.347627E-04 
12, 2.432622E-05 
12, 5.049674E-05 
8, 1.074600E-03 
5, 5.660225E-04 
16, 5.388435E-08 
8, 9.696364E-04 
8, 5.865421E-04 
8, 8.798237E-04 
9, 3.127416E-04 
7, 8.584275E-04 
18, 1.006811E-12 
8, 6.345213E-04 
14, 8.422753E-07 
3, 2.033633E-04 
12, 4.625740E-05 
6, 9.133631E-04 
6, 8.487180E-04 
15, 9.191323E-08 
7, 1.137881E-03 
11, 9.958631E-05 
7, 9.698658E-04 
14, 3.567299E-06 
6, 9.019765E-04 
19, 2.501926E-13 
6, 1.031840E-03 
11, 1.571498E-04 
5, 5.863254E-04 
1, 1.150037E-05 
15, 5.534704E-07 
9, 8.223855E-04 
18, 1.011003E-12 
17, 3.368684E-09 
6, 8.905933E-04 
11, 1.466464E-04 
2, 2.930861E-05 
19, 2.897003E-13 
7, 9.099669E-04 
17, 5.158029E-09 
18, 2.548955E-10 
19, 2.756936E-13 
13, 4.483321E-06 
2, 1.017370E-04 
11, 7.988295E-05 
13, 1.583011E-05 
18, 5.037146E-11 
4, 4.117983E-04 
13, 4.495938E-06 
15, 1.372601E-07 
12, 2.171201E-05 
12, 6.160662E-05 
19, 2.544320E-13 
14, 2.601369E-06 
19, 4.671809E-13 
5, 9.148437E-04 
8, 9.814473E-04 
14, 3.205455E-06 
15, 4.145511E-07 
6, 7.451753E-04 
11, 1.126885E-04 
17, 2.536946E-09 
19, 4.600630E-13 
2, 3.054953E-05 
10, 2.867650E-04 
4, 3.664099E-04 
12, 7.657964E-05 
7, 9.051378E-04 
13, 4.708408E-06 
3, 1.688058E-04 
18, 6.647296E-11 
4, 4.193990E-04 
9, 2.816275E-04 
16, 1.777063E-10 
11, 1.327380E-04 
4, 6.181991E-04 
19, 4.600630E-13 
1, 1.463955E-05 
19, 2.544320E-13 
15, 2.883462E-07 
14, 1.573785E-06 
6, 1.146355E-03 
9, 3.453880E-04 
3, 1.499050E-04 
1, 1.381577E-05 
9, 4.990364E-04 
13, 1.132479E-05 
8, 6.434025E-04 
5, 7.070368E-04 
16, 1.013128E-07 
19, 2.934176E-13 
14, 1.097320E-06 
11, 1.486133E-04 
15, 4.960964E-07 
3, 2.214534E-04 
4, 5.931228E-04 
9, 4.436355E-04 
10, 3.388675E-04 
10, 3.345657E-04 
9, 4.356802E-04 
9, 2.816275E-04 
19, 2.544320E-13 
18, 1.024485E-12 
10, 2.510328E-04 
15, 4.450996E-07 
6, 6.295021E-04 
1, 9.476049E-06 
19, 4.107378E-13 
1, 9.313273E-06 
4, 4.057950E-04 
6, 7.669931E-04 
17, 3.128899E-09 
9, 3.470335E-04 
10, 1.892987E-04 
2, 1.950014E-05 
5, 6.599183E-04 
14, 2.248815E-06 
2, 8.389012E-05 
19, 2.544320E-13 
10, 2.418150E-04 
4, 5.651259E-04 
9, 3.520186E-04 
19, 2.874339E-13 
14, 3.115405E-06 
7, 9.100524E-04 
18, 6.844043E-11 
10, 3.425119E-04 
2, 7.765220E-05 
11, 7.272106E-05 
8, 4.594955E-04 
10, 2.500163E-04 
17, 3.734570E-09 
13, 3.622829E-05 
17, 3.844928E-09 
10, 1.981422E-04 
13, 1.032195E-05 
2, 1.028015E-04 
11, 1.108696E-04 
1, 1.227241E-05 
3, 1.747203E-04 
19, 3.464858E-13 
14, 3.652715E-06 
4, 3.890337E-04 
11, 1.135128E-04 
4, 2.054111E-04 
10, 2.196950E-04 
19, 2.544320E-13 
10, 3.227058E-04 
1, 1.110720E-05 
13, 1.664502E-05 
10, 2.000308E-04 
15, 7.675492E-08 
6, 7.598248E-04 
1, 1.084234E-05 
13, 1.634359E-05 
4, 4.125375E-04 
17, 2.548955E-10 
18, 1.274477E-10 
2, 3.003235E-05 
14, 2.681409E-06 
7, 1.224519E-03 
6, 8.861895E-04 
1, 1.150037E-05 
3, 2.441717E-04 
19, 2.544396E-13 
2, 1.144739E-04 
15, 3.054222E-07 
19, 4.478015E-13 
16, 1.036378E-07 
13, 1.575714E-05 
16, 7.490587E-08 
16, 6.526484E-09 
19, 3.289463E-13 
8, 5.780799E-04 
15, 1.989966E-07 
12, 6.123471E-05 
9, 4.539166E-04 
11, 9.667352E-05 
13, 3.062045E-05 
5, 7.201061E-04 
18, 9.218573E-11 
19, 2.544320E-13 
13, 9.725219E-06 
16, 1.477777E-07 
10, 1.907365E-04 
15, 3.798955E-07 
13, 3.678458E-06 
8, 9.317582E-04 
7, 8.485462E-04 
2, 9.793134E-05 
8, 7.110085E-04 
13, 1.267904E-05 
7, 7.325146E-04 
8, 6.395490E-04 
7, 7.865739E-04 
12, 4.773388E-05 
6, 5.963760E-04 
15, 2.478339E-07 
17, 1.888176E-10 
15, 5.274454E-07 
1, 1.205170E-05 
2, 2.986333E-05 
5, 8.016997E-04 
11, 2.221825E-05 
16, 1.553526E-08 
6, 8.881762E-04 
2, 2.412636E-05 
2, 1.373414E-04 
12, 7.667424E-05 
3, 2.628176E-04 
16, 7.123653E-09 
8, 8.629875E-04 
14, 3.565129E-07 
7, 9.464008E-04 
6, 9.102802E-04 
11, 1.313722E-04 
6, 1.071567E-03 
3, 2.039761E-04 
8, 7.847012E-04 
11, 1.305911E-04 
4, 3.751476E-04 
14, 1.971457E-06 
17, 8.005804E-12 
2, 7.989204E-05 
4, 3.883371E-04 
3, 2.209944E-04 
11, 3.343380E-04 
9, 3.833577E-04 
12, 5.112499E-05 
1, 1.400943E-05 
19, 4.797158E-13 
12, 5.152358E-05 
5, 5.841068E-04 
5, 6.207217E-04 
11, 8.088255E-05 
12, 6.819725E-05 
9, 2.900641E-04 
3, 2.470356E-04 
16, 8.689035E-08 
3, 1.657213E-04 
14, 8.970826E-07 
1, 1.519773E-05 
1, 9.359546E-06 
15, 1.589818E-07 
2, 7.078746E-05 
7, 9.388776E-04 
18, 1.302855E-10 
8, 6.216856E-04 
2, 2.929798E-05 
6, 5.902837E-04 
4, 3.649675E-04 
9, 3.107770E-04 
2, 1.506031E-04 
15, 1.284377E-07 
9, 4.440972E-04 
12, 3.797665E-05 
15, 5.840153E-07 
15, 3.872788E-07 
11, 1.570227E-04 
9, 5.062552E-04 
18, 8.309962E-11 
1, 1.624660E-05 
13, 3.949171E-06 
11, 1.349126E-04 
16, 9.590043E-08 
5, 7.726418E-04 
12, 2.727163E-05 
1, 1.166839E-05 
8, 6.528383E-04 
2, 2.609834E-05 
8, 5.780799E-04 
8, 8.763139E-04 
1, 9.492143E-06 
2, 5.679292E-05 
11, 6.017766E-05 
1, 9.313273E-06 
1, 1.118561E-05 
6, 7.552702E-04 
11, 9.189409E-05 
7, 1.129643E-03 
9, 4.035584E-04 
17, 6.473847E-09 
15, 4.211376E-07 
15, 1.087934E-07 
9, 3.944985E-04 
6, 6.382149E-04 
16, 7.724212E-09 
4, 4.342133E-04 
12, 5.268586E-05 
10, 2.801843E-04 
18, 6.844043E-11 
3, 1.543124E-04 
14, 2.868123E-06 
16, 7.469140E-09 
10, 1.928539E-04 
8, 6.730486E-04 
1, 1.047967E-05 
1, 1.030955E-05 
12, 4.341344E-05 
17, 2.567347E-09 
14, 4.455491E-06 
1, 1.491832E-05 
6, 7.944611E-04 
16, 9.590043E-08 
7, 1.313738E-03 
16, 1.589818E-07 
9, 9.676650E-04 
6, 8.670180E-04 
5, 7.353149E-04 
10, 2.321255E-04 
17, 9.440881E-11 
11, 4.341344E-05 
15, 1.759049E-07 
2, 1.373094E-04 
2, 6.941706E-05 
18, 2.544320E-13 
9, 4.890532E-04 
1, 9.519712E-06 
2, 7.765220E-05 
18, 7.173084E-11 
17, 4.750630E-09 
13, 1.200550E-05 
15, 3.518099E-07 
17, 2.567347E-09 
18, 7.043084E-11 
10, 2.677879E-04 
1, 8.729796E-06 
16, 7.165994E-09 
16, 1.151623E-08 
19, 3.865051E-13 
8, 6.288746E-04 
7, 9.663348E-04 
18, 6.844043E-11 
18, 1.660211E-12 
2, 1.177069E-04 
12, 4.468353E-05 
17, 2.843300E-09 
15, 1.136208E-07 
19, 2.569226E-13 
8, 6.296792E-04 
1, 1.012872E-05 
18, 9.796284E-11 
13, 7.478084E-06 
18, 9.611934E-11 
18, 2.613722E-12 
16, 5.872140E-09 
11, 7.951007E-05 
17, 2.673524E-09 
19, 2.619899E-13 
5, 8.585244E-04 
10, 1.975236E-04 
18, 7.210877E-11 
1, 1.020770E-05 
19, 2.544320E-13 
10, 2.950010E-04 
1, 8.795326E-06 
11, 8.592799E-05 
11, 7.815850E-05 
14, 8.084165E-07 
15, 4.960964E-07 
18, 6.872272E-11 
18, 1.054667E-12 
9, 4.299799E-04 
6, 8.620915E-04 
10, 3.055968E-04 
9, 4.454042E-04 
8, 9.089541E-04 
19, 2.781875E-13 
3, 2.547430E-04 
17, 6.616684E-09 
7, 8.618140E-04 
6, 6.811315E-04 
12, 7.902295E-05 
13, 1.724613E-05 
6, 8.558375E-04 
7, 7.086595E-04 
3, 1.847966E-04 
14, 2.818627E-06 
2, 3.774746E-05 
15, 1.163584E-07 
2, 2.441635E-05 
15, 5.102432E-07 
11, 1.246935E-04 
9, 3.509250E-04 
10, 2.736854E-04 
4, 4.510887E-04 
16, 1.173310E-08 
1, 1.225586E-05 
12, 4.374934E-05 
4, 4.103774E-04 
4, 4.239610E-04 
2, 9.900660E-05 
11, 9.377335E-05 
2, 1.859124E-05 
11, 1.308896E-04 
11, 1.092623E-04 
4, 3.676490E-04 
15, 7.609474E-07 
4, 5.559359E-04 
4, 5.383975E-04 
17, 3.639621E-09 
2, 8.028347E-05 
4, 4.536529E-04 
16, 6.956678E-09 
15, 2.883462E-07 
14, 1.138436E-06 
10, 2.851846E-04 
14, 2.225690E-06 
16, 5.016837E-09 
12, 6.267403E-05 
1, 1.250219E-05 
4, 4.374525E-04 
5, 8.615619E-04 
18, 7.273387E-13 
1, 1.208885E-05 
3, 1.418538E-04 
12, 8.518680E-05 
11, 9.554817E-05 
12, 2.819847E-05 
14, 3.678458E-06 
12, 4.667779E-05 
7, 9.207307E-04 
5, 7.848873E-04 
7, 9.367963E-04 
9, 3.497805E-04 
19, 2.544320E-13 
2, 1.421966E-04 
13, 6.144128E-06 
4, 3.885962E-04 
17, 2.796402E-10 
15, 3.954542E-07 
14, 2.344961E-06 
1, 9.751974E-06 
4, 4.411391E-04 
8, 6.014071E-04 
3, 1.499326E-04 
6, 1.157651E-03 
8, 9.002654E-04 
6, 1.138249E-03 
13, 4.815457E-06 
10, 2.399614E-04 
1, 1.133416E-05 
8, 8.370609E-04 
17, 1.888176E-10 
6, 7.552702E-04 
19, 2.544320E-13 
18, 7.010409E-13 
5, 6.652694E-04 
4, 5.601462E-04 
10, 2.507826E-04 
8, 3.214205E-04 
8, 8.744299E-04 
11, 1.182647E-04 
16, 5.361215E-08 
2, 1.087168E-04 
16, 6.641349E-08 
10, 2.952180E-04 
11, 1.142861E-04 
4, 5.153789E-04 
14, 2.615683E-06 
8, 5.884467E-04 
5, 8.944558E-04 
18, 1.384962E-10 
15, 5.529562E-08 
5, 8.754892E-04 
9, 4.310366E-04 
9, 4.433910E-04 
9, 2.807368E-04 
9, 4.281754E-04 
14, 7.032818E-07 
14, 8.573200E-07 
14, 1.293565E-06 
18, 9.845533E-11 
2, 1.264437E-04 
11, 9.071915E-05 
14, 2.208567E-06 
3, 1.942032E-04 
3, 2.084618E-04 
5, 8.416740E-04 
17, 3.436053E-10 
18, 9.258024E-11 
12, 4.719198E-05 
13, 3.031893E-06 
18, 5.564288E-13 
13, 3.041201E-06 
8, 9.077877E-04 
19, 3.695921E-13 
10, 1.882042E-04 
9, 4.573433E-04 
6, 1.125734E-03 
9, 5.042567E-04 
8, 9.105740E-04 
15, 2.714965E-07 
16, 8.427174E-09 
5, 8.140279E-04 
5, 9.264598E-04 
18, 1.274477E-10 
9, 3.453880E-04 
19, 3.549670E-13 
11, 8.086120E-05 
14, 1.238447E-06 
13, 8.947235E-06 
17, 4.282660E-09 
3, 3.337624E-04 
6, 5.998802E-04 
19, 3.589615E-13 
9, 4.456158E-04 
11, 8.447004E-05 
16, 1.043278E-07 
14, 1.966923E-06 
13, 8.914765E-06 
13, 1.301872E-05 
13, 7.105125E-06 
19, 8.041190E-13 
13, 3.066250E-05 
2, 1.264437E-04 
19, 2.816765E-13 
11, 6.235356E-05 
18, 5.789129E-11 
4, 6.109759E-04 
3, 1.404720E-04 
6, 8.757243E-04 
13, 2.650170E-05 
10, 1.858216E-04 
4, 3.885475E-04 
1, 9.954183E-06 
11, 1.581360E-04 
4, 4.613496E-04 
17, 2.613696E-09 
5, 6.043230E-04 
15, 1.549435E-07 
14, 3.505385E-06 
4, 4.204420E-04 
16, 7.726751E-08 
3, 1.418538E-04 
6, 8.696566E-04 
19, 2.593703E-13 
15, 7.304460E-07 
9, 5.175714E-04 
7, 7.573198E-04 
5, 8.538658E-04 
17, 3.100927E-10 
12, 2.822975E-05 
7, 8.801968E-04 
12, 3.242721E-05 
6, 8.931628E-04 
7, 8.484668E-04 
2, 2.775810E-05 
9, 5.139886E-04 
4, 6.111894E-04 
11, 1.130524E-04 
5, 1.009039E-03 
4, 3.330225E-04 
5, 8.744120E-04 
16, 1.004206E-08 
1, 1.196250E-05 
5, 5.836486E-04 
5, 1.114936E-03 
14, 5.258848E-07 
5, 5.632252E-04 
19, 2.544320E-13 
19, 4.216972E-13 
11, 5.032273E-05 
6, 9.848560E-04 
15, 7.660127E-08 
16, 2.899299E-09 
10, 5.558771E-05 
16, 5.894846E-09 
19, 2.698183E-13 
13, 8.690669E-07 
12, 6.123471E-05 
4, 3.168474E-04 
2, 9.793134E-05 
10, 2.361907E-04 
3, 2.230187E-04 
6, 1.023785E-03 
7, 9.972217E-04 
18, 1.406370E-10 
8, 8.910189E-04 
6, 1.085893E-03 
5, 8.539262E-04 
1, 9.707154E-06 
3, 3.064912E-04 
19, 3.549670E-13 
18, 1.034648E-10 
17, 2.910622E-09 
4, 5.441335E-04 
10, 2.218765E-04 
8, 7.803487E-04 
16, 8.426559E-08 
13, 6.487367E-06 
13, 4.432594E-06 
1, 1.356810E-05 
15, 5.956107E-07 
8, 1.274616E-03 
1, 1.138087E-05 
11, 6.544481E-05 
8, 4.761179E-04 
14, 8.627080E-07 
15, 1.668668E-07 
2, 9.574475E-05 
9, 3.196167E-04 
16, 3.902653E-09 
10, 1.974058E-04 
14, 3.407363E-06 
7, 8.945186E-04 
7, 8.365527E-04 
9, 2.805856E-04 
9, 3.769162E-04 
6, 5.925756E-04 
7, 8.289042E-04 
7, 9.973232E-04 
15, 7.467734E-07 
5, 8.608041E-04 
13, 1.583011E-05 
15, 1.075023E-07 
3, 3.417387E-05 
14, 3.594379E-06 
11, 1.844875E-04 
4, 5.616521E-04 
16, 6.801218E-09 
5, 8.718957E-04 
16, 1.227599E-08 
2, 2.359986E-05 
18, 1.888176E-10 
16, 8.270990E-09 
15, 3.593937E-07 
11, 1.153927E-04 
6, 8.970684E-04 
5, 5.664614E-04 
3, 2.166521E-04 
7, 8.963433E-04 
16, 3.804069E-08 
12, 3.778524E-05 
6, 9.663204E-04 
11, 9.680774E-05 
13, 1.211656E-05 
7, 9.671962E-04 
8, 9.124552E-04 
14, 3.435123E-07 
2, 9.457721E-05 
7, 1.115426E-03 
18, 1.349838E-12 
15, 4.912618E-09 
19, 2.544320E-13 
19, 6.354120E-13 
15, 6.333010E-08 
16, 1.427872E-07 
17, 3.116801E-09 
14, 2.741580E-06 
9, 5.338235E-04 
8, 6.241238E-04 
1, 1.026858E-05 
5, 5.552419E-04 
12, 2.043711E-05 
3, 2.012698E-04 
6, 5.823690E-04 
9, 3.633613E-04 
3, 1.816223E-04 
3, 2.387930E-04 
1, 1.192335E-05 
12, 5.128018E-05 
3, 2.593201E-04 
17, 4.044893E-09 
19, 2.544320E-13 
14, 2.137220E-06 
17, 2.539160E-09 
1, 1.030955E-05 
8, 8.538722E-04 
3, 1.486940E-04 
9, 3.641607E-04 
3, 1.977907E-04 
2, 8.005834E-05 
19, 2.544320E-13 
10, 1.766271E-04 
10, 4.593255E-04 
16, 7.280192E-08 
3, 1.440125E-04 
8, 6.432417E-04 
1, 1.400943E-05 
6, 6.299445E-04 
4, 2.820845E-04 
12, 2.472555E-05 
3, 1.520470E-04 
9, 5.120790E-04 
18, 9.611934E-11 
15, 8.409747E-07 
18, 5.064256E-11 
15, 4.945492E-07 
7, 8.926487E-04 
15, 3.404700E-07 
6, 8.727222E-04 
16, 4.168862E-08 
1, 1.400943E-05 
1, 9.845790E-06 
3, 1.772154E-04 
13, 1.620312E-05 
15, 8.473846E-08 
5, 8.768503E-04 
7, 9.246689E-04 
10, 3.152193E-04 
5, 7.606174E-04 
19, 8.962058E-13 
14, 2.552438E-06 
12, 2.958737E-05 
13, 5.691959E-06 
4, 4.374510E-04 
3, 1.454232E-04 
13, 1.631552E-05 
14, 1.163258E-06 
9, 4.344099E-04 
15, 1.876625E-07 
5, 8.852346E-04 
4, 4.993401E-04 
7, 8.516025E-04 
11, 1.487530E-04 
14, 1.333711E-06 
4, 4.183885E-04 
15, 3.807595E-07 
17, 3.454658E-09 
9, 3.791666E-04 
19, 2.941680E-13 
14, 7.738002E-07 
18, 1.032874E-12 
19, 2.544320E-13 
5, 7.111818E-04 
14, 3.407363E-06 
8, 6.434025E-04 
19, 3.641274E-13 
1, 9.213079E-06 
10, 2.041775E-04 
6, 5.855552E-04 
8, 7.977724E-04 
17, 5.097910E-10 
15, 1.207849E-07 
4, 3.598855E-04 
11, 9.726127E-05 
3, 1.946040E-04 
15, 4.052329E-07 
17, 1.459160E-10 
11, 9.596884E-05 
6, 9.832133E-04 
11, 3.202289E-04 
3, 2.127213E-04 
6, 1.131437E-03 
17, 2.570768E-09 
17, 3.008541E-09 
17, 3.234418E-09 
14, 2.265444E-06 
18, 7.694607E-13 
5, 8.894810E-04 
4, 4.618214E-04 
16, 3.201876E-08 
19, 2.544320E-13 
14, 3.392705E-06 
18, 1.508607E-10 
1, 1.347792E-05 
10, 2.771275E-04 
14, 2.476289E-06 
19, 5.525912E-13 
14, 2.662007E-06 
5, 7.707803E-04 
9, 3.020893E-04 
16, 4.258712E-08 
9, 3.748193E-04 
2, 3.244912E-05 
2, 3.309218E-05 
5, 6.197290E-04 
5, 7.164009E-04 
17, 3.021082E-09 
7, 1.226939E-03 
13, 6.173364E-06 
10, 2.281531E-04 
13, 1.136035E-05 
1, 9.209871E-06 
7, 1.051939E-03 
6, 9.243357E-04 
3, 1.520470E-04 
8, 6.898552E-04 
16, 6.131054E-09 
19, 6.109966E-13 
8, 7.108163E-04 
18, 1.374785E-10 
7, 9.448718E-04 
9, 3.633613E-04 
5, 8.861326E-04 
7, 8.842050E-04 
19, 4.391435E-13 
3, 1.839023E-04 
16, 6.017082E-09 
10, 2.300276E-04 
5, 5.896140E-04 
1, 1.624660E-05 
17, 3.835550E-09 
5, 7.020448E-04 
18, 7.858398E-11 
4, 5.078465E-04 
11, 9.494926E-05 
14, 1.867213E-06 
16, 3.431423E-09 
5, 1.037039E-03 
14, 9.243074E-07 
2, 3.797133E-05 
5, 5.836486E-04 
12, 3.512829E-05 
1, 1.476860E-05 
13, 4.325771E-06 
2, 6.494220E-05 
7, 8.848481E-04 
4, 4.634455E-04 
18, 9.258024E-11 
9, 4.254044E-04 
8, 8.465366E-04 
15, 1.029756E-07 
5, 8.715912E-04 
14, 6.356481E-07 
10, 2.126694E-04 
19, 2.509612E-13 
19, 3.156518E-13 
5, 1.116734E-03 
2, 1.865390E-04 
17, 2.875295E-09 
2, 1.215271E-04 
6, 8.788355E-04 
5, 5.882360E-04 
19, 3.815103E-13 
18, 1.021817E-10 
18, 1.306211E-12 
3, 2.239199E-04 
12, 2.885841E-05 
17, 2.884821E-10 
16, 7.961947E-09 
19, 2.816765E-13 
19, 2.544320E-13 
6, 6.295021E-04 
15, 3.577027E-07 
5, 6.577240E-04 
9, 5.848313E-04 
19, 2.643718E-13 
12, 2.336885E-05 
2, 2.601678E-05 
14, 3.090517E-06 
17, 1.768141E-10 
12, 2.525100E-05 
11, 9.007593E-05 
18, 1.429504E-10 
10, 2.397977E-04 
18, 7.053549E-13 
6, 8.984739E-04 
9, 3.013333E-04 
18, 1.888176E-10 
9, 5.363028E-04 
2, 3.976731E-05 
1, 1.572724E-05 
8, 8.941994E-04 
16, 4.069278E-09 
19, 4.671599E-13 
15, 1.240241E-07 
10, 1.957604E-04 
13, 3.086022E-06 
18, 1.849309E-12 
3, 2.280737E-04 
14, 1.237510E-07 
15, 3.479804E-07 
2, 1.465757E-04 
16, 1.013128E-07 
1, 9.732018E-06 
18, 5.159286E-11 
9, 4.415753E-04 
17, 6.680965E-09 
11, 8.557298E-05 
19, 3.940269E-13 
17, 4.073160E-09 
18, 1.374785E-10 
7, 1.021673E-03 
6, 6.830696E-04 
18, 6.545232E-11 
7, 8.488525E-04 
14, 6.059795E-07 
7, 1.035710E-03 
19, 2.544320E-13 
4, 4.269720E-04 
6, 8.822584E-04 
3, 2.001239E-04 
1, 1.166839E-05 
14, 3.196910E-06 
3, 1.783853E-04 
6, 8.103425E-04 
1, 1.390708E-05 
5, 8.530567E-04 
3, 2.754793E-04 
4, 8.598643E-04 
19, 2.544308E-13 
2, 2.762854E-05 
1, 1.207965E-05 
1, 8.584276E-06 
19, 4.461762E-13 
2, 1.784283E-05 
1, 8.706430E-06 
1, 1.382257E-05 
2, 6.447718E-05 
4, 4.309643E-04 
4, 7.709635E-04 
5, 6.575007E-04 
2, 1.859124E-05 
16, 3.766534E-09 
1, 1.315144E-05 
3, 4.823440E-04 
4, 2.320437E-04 
3, 2.335930E-04 
17, 3.960019E-09 
1, 1.527573E-05 
1, 1.396253E-05 
4, 2.320437E-04 
4, 2.185361E-04 
3, 2.127213E-04 
3, 2.121229E-04 
7, 8.044794E-04 
8, 8.289042E-04 
7, 7.865739E-04 
7, 7.573198E-04 
7, 7.452825E-04 
7, 7.434423E-04 
7, 7.418591E-04 
7, 7.325146E-04 
7, 7.178503E-04 
7, 7.107230E-04 
7, 7.086595E-04 
7, 7.048824E-04 
7, 6.995655E-04 
7, 6.984472E-04 
9, 4.761179E-04 
12, 6.007756E-05 
14, 2.631332E-06 
15, 7.467734E-07 
14, 3.178240E-07 
14, 5.900452E-07 
16, 8.426559E-08 
15, 7.949090E-08 
15, 3.178240E-07 
19, 5.393109E-13 
