0.000000E+00 
0.000000E+00 
0.000000E+00 
0.000000E+00 
0.000000E+00 
0.000000E+00 
0.000000E+00 
0.000000E+00 
0.000000E+00 
0.000000E+00 
0.000000E+00 
0.000000E+00 
0.000000E+00 
0.000000E+00 
3.584475E-03 
0.000000E+00 
0.000000E+00 
3.597395E-03 
0.000000E+00 
0.000000E+00 
0.000000E+00 
0.000000E+00 
0.000000E+00 
0.000000E+00 
2.092049E-03 
0.000000E+00 
0.000000E+00 
0.000000E+00 
4.322950E-03 
0.000000E+00 
0.000000E+00 
0.000000E+00 
0.000000E+00 
0.000000E+00 
0.000000E+00 
0.000000E+00 
0.000000E+00 
0.000000E+00 
0.000000E+00 
2.094639E-03 
0.000000E+00 
1.148214E-03 
0.000000E+00 
0.000000E+00 
0.000000E+00 
0.000000E+00 
0.000000E+00 
0.000000E+00 
0.000000E+00 
0.000000E+00 
0.000000E+00 
0.000000E+00 
0.000000E+00 
0.000000E+00 
0.000000E+00 
0.000000E+00 
0.000000E+00 
0.000000E+00 
0.000000E+00 
0.000000E+00 
0.000000E+00 
0.000000E+00 
0.000000E+00 
0.000000E+00 
0.000000E+00 
0.000000E+00 
0.000000E+00 
0.000000E+00 
0.000000E+00 
0.000000E+00 
2.003378E-03 
0.000000E+00 
0.000000E+00 
0.000000E+00 
4.466329E-03 
0.000000E+00 
0.000000E+00 
0.000000E+00 
0.000000E+00 
0.000000E+00 
0.000000E+00 
0.000000E+00 
0.000000E+00 
0.000000E+00 
0.000000E+00 
0.000000E+00 
0.000000E+00 
0.000000E+00 
0.000000E+00 
0.000000E+00 
0.000000E+00 
0.000000E+00 
0.000000E+00 
0.000000E+00 
0.000000E+00 
0.000000E+00 
0.000000E+00 
0.000000E+00 
0.000000E+00 
0.000000E+00 
0.000000E+00 
0.000000E+00 
0.000000E+00 
0.000000E+00 
0.000000E+00 
0.000000E+00 
0.000000E+00 
0.000000E+00 
0.000000E+00 
0.000000E+00 
0.000000E+00 
0.000000E+00 
0.000000E+00 
5.058979E-03 
0.000000E+00 
0.000000E+00 
0.000000E+00 
0.000000E+00 
0.000000E+00 
0.000000E+00 
0.000000E+00 
0.000000E+00 
0.000000E+00 
0.000000E+00 
0.000000E+00 
0.000000E+00 
0.000000E+00 
0.000000E+00 
0.000000E+00 
0.000000E+00 
0.000000E+00 
0.000000E+00 
0.000000E+00 
0.000000E+00 
0.000000E+00 
0.000000E+00 
0.000000E+00 
0.000000E+00 
0.000000E+00 
0.000000E+00 
0.000000E+00 
0.000000E+00 
0.000000E+00 
0.000000E+00 
0.000000E+00 
0.000000E+00 
0.000000E+00 
0.000000E+00 
0.000000E+00 
0.000000E+00 
0.000000E+00 
0.000000E+00 
0.000000E+00 
0.000000E+00 
0.000000E+00 
0.000000E+00 
0.000000E+00 
0.000000E+00 
0.000000E+00 
0.000000E+00 
0.000000E+00 
0.000000E+00 
0.000000E+00 
0.000000E+00 
0.000000E+00 
0.000000E+00 
0.000000E+00 
0.000000E+00 
0.000000E+00 
0.000000E+00 
0.000000E+00 
0.000000E+00 
0.000000E+00 
0.000000E+00 
0.000000E+00 
0.000000E+00 
0.000000E+00 
0.000000E+00 
0.000000E+00 
0.000000E+00 
0.000000E+00 
0.000000E+00 
0.000000E+00 
1.830542E-03 
0.000000E+00 
0.000000E+00 
0.000000E+00 
0.000000E+00 
1.992611E-03 
0.000000E+00 
0.000000E+00 
0.000000E+00 
0.000000E+00 
0.000000E+00 
0.000000E+00 
0.000000E+00 
2.233479E-03 
0.000000E+00 
0.000000E+00 
0.000000E+00 
0.000000E+00 
0.000000E+00 
0.000000E+00 
0.000000E+00 
0.000000E+00 
0.000000E+00 
0.000000E+00 
0.000000E+00 
0.000000E+00 
0.000000E+00 
0.000000E+00 
0.000000E+00 
0.000000E+00 
0.000000E+00 
0.000000E+00 
0.000000E+00 
0.000000E+00 
0.000000E+00 
0.000000E+00 
0.000000E+00 
0.000000E+00 
0.000000E+00 
0.000000E+00 
0.000000E+00 
0.000000E+00 
0.000000E+00 
0.000000E+00 
0.000000E+00 
0.000000E+00 
0.000000E+00 
0.000000E+00 
0.000000E+00 
0.000000E+00 
0.000000E+00 
0.000000E+00 
0.000000E+00 
0.000000E+00 
0.000000E+00 
0.000000E+00 
0.000000E+00 
0.000000E+00 
0.000000E+00 
0.000000E+00 
0.000000E+00 
0.000000E+00 
0.000000E+00 
0.000000E+00 
0.000000E+00 
0.000000E+00 
0.000000E+00 
0.000000E+00 
0.000000E+00 
0.000000E+00 
0.000000E+00 
0.000000E+00 
0.000000E+00 
0.000000E+00 
0.000000E+00 
0.000000E+00 
0.000000E+00 
0.000000E+00 
0.000000E+00 
1.815554E-03 
0.000000E+00 
0.000000E+00 
1.818901E-03 
0.000000E+00 
0.000000E+00 
0.000000E+00 
0.000000E+00 
0.000000E+00 
0.000000E+00 
0.000000E+00 
0.000000E+00 
0.000000E+00 
0.000000E+00 
0.000000E+00 
2.369185E-03 
0.000000E+00 
0.000000E+00 
0.000000E+00 
0.000000E+00 
0.000000E+00 
0.000000E+00 
0.000000E+00 
0.000000E+00 
0.000000E+00 
0.000000E+00 
0.000000E+00 
0.000000E+00 
0.000000E+00 
0.000000E+00 
0.000000E+00 
0.000000E+00 
0.000000E+00 
0.000000E+00 
0.000000E+00 
0.000000E+00 
0.000000E+00 
0.000000E+00 
0.000000E+00 
0.000000E+00 
0.000000E+00 
0.000000E+00 
0.000000E+00 
0.000000E+00 
0.000000E+00 
0.000000E+00 
1.296335E-03 
0.000000E+00 
0.000000E+00 
0.000000E+00 
0.000000E+00 
0.000000E+00 
0.000000E+00 
0.000000E+00 
0.000000E+00 
0.000000E+00 
0.000000E+00 
0.000000E+00 
0.000000E+00 
0.000000E+00 
0.000000E+00 
0.000000E+00 
0.000000E+00 
0.000000E+00 
0.000000E+00 
0.000000E+00 
0.000000E+00 
0.000000E+00 
0.000000E+00 
1.485336E-03 
0.000000E+00 
0.000000E+00 
0.000000E+00 
0.000000E+00 
0.000000E+00 
0.000000E+00 
0.000000E+00 
0.000000E+00 
0.000000E+00 
0.000000E+00 
0.000000E+00 
0.000000E+00 
0.000000E+00 
0.000000E+00 
0.000000E+00 
0.000000E+00 
0.000000E+00 
0.000000E+00 
0.000000E+00 
0.000000E+00 
0.000000E+00 
0.000000E+00 
0.000000E+00 
0.000000E+00 
0.000000E+00 
0.000000E+00 
0.000000E+00 
0.000000E+00 
0.000000E+00 
0.000000E+00 
0.000000E+00 
0.000000E+00 
0.000000E+00 
0.000000E+00 
0.000000E+00 
0.000000E+00 
0.000000E+00 
0.000000E+00 
0.000000E+00 
0.000000E+00 
0.000000E+00 
0.000000E+00 
0.000000E+00 
0.000000E+00 
0.000000E+00 
0.000000E+00 
0.000000E+00 
0.000000E+00 
0.000000E+00 
0.000000E+00 
0.000000E+00 
2.020356E-03 
0.000000E+00 
0.000000E+00 
0.000000E+00 
0.000000E+00 
0.000000E+00 
0.000000E+00 
0.000000E+00 
0.000000E+00 
0.000000E+00 
0.000000E+00 
0.000000E+00 
0.000000E+00 
0.000000E+00 
0.000000E+00 
0.000000E+00 
0.000000E+00 
0.000000E+00 
0.000000E+00 
0.000000E+00 
0.000000E+00 
0.000000E+00 
0.000000E+00 
0.000000E+00 
0.000000E+00 
0.000000E+00 
0.000000E+00 
0.000000E+00 
0.000000E+00 
0.000000E+00 
0.000000E+00 
0.000000E+00 
0.000000E+00 
0.000000E+00 
0.000000E+00 
0.000000E+00 
0.000000E+00 
0.000000E+00 
0.000000E+00 
0.000000E+00 
0.000000E+00 
0.000000E+00 
0.000000E+00 
0.000000E+00 
0.000000E+00 
0.000000E+00 
0.000000E+00 
0.000000E+00 
0.000000E+00 
0.000000E+00 
0.000000E+00 
0.000000E+00 
0.000000E+00 
0.000000E+00 
0.000000E+00 
0.000000E+00 
0.000000E+00 
0.000000E+00 
0.000000E+00 
0.000000E+00 
0.000000E+00 
0.000000E+00 
0.000000E+00 
0.000000E+00 
0.000000E+00 
0.000000E+00 
0.000000E+00 
0.000000E+00 
0.000000E+00 
0.000000E+00 
0.000000E+00 
0.000000E+00 
0.000000E+00 
0.000000E+00 
0.000000E+00 
0.000000E+00 
0.000000E+00 
0.000000E+00 
0.000000E+00 
0.000000E+00 
0.000000E+00 
0.000000E+00 
0.000000E+00 
0.000000E+00 
0.000000E+00 
0.000000E+00 
0.000000E+00 
0.000000E+00 
0.000000E+00 
0.000000E+00 
0.000000E+00 
0.000000E+00 
0.000000E+00 
0.000000E+00 
0.000000E+00 
0.000000E+00 
0.000000E+00 
0.000000E+00 
0.000000E+00 
0.000000E+00 
0.000000E+00 
0.000000E+00 
0.000000E+00 
0.000000E+00 
0.000000E+00 
0.000000E+00 
0.000000E+00 
0.000000E+00 
0.000000E+00 
0.000000E+00 
0.000000E+00 
0.000000E+00 
0.000000E+00 
0.000000E+00 
0.000000E+00 
0.000000E+00 
0.000000E+00 
0.000000E+00 
2.617478E-03 
0.000000E+00 
0.000000E+00 
0.000000E+00 
0.000000E+00 
0.000000E+00 
0.000000E+00 
0.000000E+00 
4.170209E-03 
0.000000E+00 
0.000000E+00 
0.000000E+00 
0.000000E+00 
0.000000E+00 
0.000000E+00 
0.000000E+00 
0.000000E+00 
0.000000E+00 
0.000000E+00 
0.000000E+00 
0.000000E+00 
0.000000E+00 
0.000000E+00 
0.000000E+00 
0.000000E+00 
0.000000E+00 
0.000000E+00 
0.000000E+00 
0.000000E+00 
0.000000E+00 
0.000000E+00 
0.000000E+00 
0.000000E+00 
0.000000E+00 
0.000000E+00 
0.000000E+00 
0.000000E+00 
0.000000E+00 
0.000000E+00 
0.000000E+00 
0.000000E+00 
0.000000E+00 
0.000000E+00 
0.000000E+00 
0.000000E+00 
0.000000E+00 
0.000000E+00 
0.000000E+00 
0.000000E+00 
0.000000E+00 
0.000000E+00 
0.000000E+00 
0.000000E+00 
0.000000E+00 
0.000000E+00 
0.000000E+00 
0.000000E+00 
0.000000E+00 
0.000000E+00 
0.000000E+00 
0.000000E+00 
0.000000E+00 
0.000000E+00 
0.000000E+00 
0.000000E+00 
0.000000E+00 
0.000000E+00 
0.000000E+00 
0.000000E+00 
0.000000E+00 
0.000000E+00 
0.000000E+00 
0.000000E+00 
0.000000E+00 
0.000000E+00 
0.000000E+00 
0.000000E+00 
0.000000E+00 
0.000000E+00 
0.000000E+00 
0.000000E+00 
0.000000E+00 
0.000000E+00 
0.000000E+00 
0.000000E+00 
0.000000E+00 
0.000000E+00 
0.000000E+00 
0.000000E+00 
0.000000E+00 
0.000000E+00 
0.000000E+00 
0.000000E+00 
0.000000E+00 
0.000000E+00 
0.000000E+00 
0.000000E+00 
0.000000E+00 
0.000000E+00 
0.000000E+00 
0.000000E+00 
0.000000E+00 
0.000000E+00 
0.000000E+00 
0.000000E+00 
2.287555E-03 
0.000000E+00 
0.000000E+00 
0.000000E+00 
0.000000E+00 
0.000000E+00 
0.000000E+00 
0.000000E+00 
0.000000E+00 
0.000000E+00 
0.000000E+00 
0.000000E+00 
1.876362E-03 
0.000000E+00 
0.000000E+00 
0.000000E+00 
0.000000E+00 
0.000000E+00 
0.000000E+00 
1.895185E-03 
1.898784E-03 
0.000000E+00 
0.000000E+00 
0.000000E+00 
0.000000E+00 
0.000000E+00 
0.000000E+00 
0.000000E+00 
0.000000E+00 
0.000000E+00 
0.000000E+00 
0.000000E+00 
0.000000E+00 
0.000000E+00 
0.000000E+00 
0.000000E+00 
0.000000E+00 
0.000000E+00 
3.787590E-03 
0.000000E+00 
0.000000E+00 
0.000000E+00 
0.000000E+00 
0.000000E+00 
0.000000E+00 
0.000000E+00 
0.000000E+00 
0.000000E+00 
0.000000E+00 
0.000000E+00 
0.000000E+00 
0.000000E+00 
0.000000E+00 
0.000000E+00 
0.000000E+00 
0.000000E+00 
0.000000E+00 
0.000000E+00 
0.000000E+00 
0.000000E+00 
0.000000E+00 
0.000000E+00 
0.000000E+00 
0.000000E+00 
0.000000E+00 
0.000000E+00 
0.000000E+00 
0.000000E+00 
0.000000E+00 
0.000000E+00 
0.000000E+00 
0.000000E+00 
0.000000E+00 
0.000000E+00 
0.000000E+00 
0.000000E+00 
0.000000E+00 
0.000000E+00 
0.000000E+00 
0.000000E+00 
0.000000E+00 
0.000000E+00 
0.000000E+00 
0.000000E+00 
0.000000E+00 
0.000000E+00 
0.000000E+00 
0.000000E+00 
0.000000E+00 
0.000000E+00 
0.000000E+00 
0.000000E+00 
0.000000E+00 
0.000000E+00 
0.000000E+00 
0.000000E+00 
0.000000E+00 
0.000000E+00 
0.000000E+00 
0.000000E+00 
0.000000E+00 
0.000000E+00 
0.000000E+00 
0.000000E+00 
0.000000E+00 
0.000000E+00 
0.000000E+00 
0.000000E+00 
0.000000E+00 
0.000000E+00 
0.000000E+00 
0.000000E+00 
0.000000E+00 
0.000000E+00 
0.000000E+00 
0.000000E+00 
0.000000E+00 
0.000000E+00 
0.000000E+00 
0.000000E+00 
0.000000E+00 
0.000000E+00 
0.000000E+00 
0.000000E+00 
0.000000E+00 
0.000000E+00 
0.000000E+00 
0.000000E+00 
0.000000E+00 
0.000000E+00 
0.000000E+00 
0.000000E+00 
0.000000E+00 
0.000000E+00 
0.000000E+00 
0.000000E+00 
0.000000E+00 
0.000000E+00 
0.000000E+00 
0.000000E+00 
0.000000E+00 
0.000000E+00 
2.675597E-03 
0.000000E+00 
