0.000000E+00 
0.000000E+00 
0.000000E+00 
0.000000E+00 
0.000000E+00 
0.000000E+00 
0.000000E+00 
0.000000E+00 
0.000000E+00 
2.239355E-04 
2.343507E-03 
0.000000E+00 
0.000000E+00 
0.000000E+00 
0.000000E+00 
0.000000E+00 
1.479293E-04 
0.000000E+00 
0.000000E+00 
0.000000E+00 
0.000000E+00 
0.000000E+00 
0.000000E+00 
0.000000E+00 
0.000000E+00 
0.000000E+00 
0.000000E+00 
0.000000E+00 
0.000000E+00 
0.000000E+00 
0.000000E+00 
0.000000E+00 
0.000000E+00 
0.000000E+00 
0.000000E+00 
0.000000E+00 
0.000000E+00 
0.000000E+00 
0.000000E+00 
0.000000E+00 
0.000000E+00 
0.000000E+00 
0.000000E+00 
0.000000E+00 
0.000000E+00 
0.000000E+00 
0.000000E+00 
0.000000E+00 
0.000000E+00 
0.000000E+00 
0.000000E+00 
0.000000E+00 
0.000000E+00 
0.000000E+00 
0.000000E+00 
0.000000E+00 
0.000000E+00 
0.000000E+00 
0.000000E+00 
0.000000E+00 
0.000000E+00 
0.000000E+00 
0.000000E+00 
0.000000E+00 
0.000000E+00 
0.000000E+00 
0.000000E+00 
1.662623E-04 
0.000000E+00 
0.000000E+00 
0.000000E+00 
0.000000E+00 
0.000000E+00 
0.000000E+00 
0.000000E+00 
0.000000E+00 
0.000000E+00 
0.000000E+00 
0.000000E+00 
0.000000E+00 
0.000000E+00 
0.000000E+00 
0.000000E+00 
0.000000E+00 
0.000000E+00 
0.000000E+00 
0.000000E+00 
0.000000E+00 
0.000000E+00 
0.000000E+00 
0.000000E+00 
0.000000E+00 
0.000000E+00 
0.000000E+00 
0.000000E+00 
0.000000E+00 
0.000000E+00 
0.000000E+00 
0.000000E+00 
0.000000E+00 
0.000000E+00 
0.000000E+00 
0.000000E+00 
0.000000E+00 
0.000000E+00 
0.000000E+00 
0.000000E+00 
0.000000E+00 
0.000000E+00 
0.000000E+00 
0.000000E+00 
0.000000E+00 
0.000000E+00 
0.000000E+00 
0.000000E+00 
0.000000E+00 
0.000000E+00 
0.000000E+00 
0.000000E+00 
0.000000E+00 
0.000000E+00 
0.000000E+00 
0.000000E+00 
0.000000E+00 
0.000000E+00 
0.000000E+00 
4.986958E-04 
0.000000E+00 
0.000000E+00 
0.000000E+00 
0.000000E+00 
0.000000E+00 
0.000000E+00 
0.000000E+00 
0.000000E+00 
0.000000E+00 
0.000000E+00 
0.000000E+00 
0.000000E+00 
0.000000E+00 
0.000000E+00 
0.000000E+00 
0.000000E+00 
0.000000E+00 
0.000000E+00 
0.000000E+00 
0.000000E+00 
0.000000E+00 
0.000000E+00 
0.000000E+00 
0.000000E+00 
0.000000E+00 
0.000000E+00 
0.000000E+00 
0.000000E+00 
0.000000E+00 
0.000000E+00 
1.912957E-04 
0.000000E+00 
0.000000E+00 
0.000000E+00 
0.000000E+00 
0.000000E+00 
0.000000E+00 
0.000000E+00 
0.000000E+00 
1.913323E-04 
0.000000E+00 
0.000000E+00 
0.000000E+00 
0.000000E+00 
0.000000E+00 
0.000000E+00 
0.000000E+00 
0.000000E+00 
0.000000E+00 
0.000000E+00 
0.000000E+00 
0.000000E+00 
0.000000E+00 
0.000000E+00 
0.000000E+00 
0.000000E+00 
0.000000E+00 
0.000000E+00 
0.000000E+00 
0.000000E+00 
0.000000E+00 
0.000000E+00 
0.000000E+00 
0.000000E+00 
0.000000E+00 
0.000000E+00 
0.000000E+00 
0.000000E+00 
0.000000E+00 
0.000000E+00 
0.000000E+00 
0.000000E+00 
0.000000E+00 
0.000000E+00 
0.000000E+00 
0.000000E+00 
0.000000E+00 
0.000000E+00 
0.000000E+00 
0.000000E+00 
0.000000E+00 
0.000000E+00 
0.000000E+00 
0.000000E+00 
0.000000E+00 
0.000000E+00 
0.000000E+00 
0.000000E+00 
0.000000E+00 
0.000000E+00 
0.000000E+00 
0.000000E+00 
0.000000E+00 
0.000000E+00 
0.000000E+00 
0.000000E+00 
0.000000E+00 
0.000000E+00 
0.000000E+00 
0.000000E+00 
0.000000E+00 
0.000000E+00 
0.000000E+00 
0.000000E+00 
0.000000E+00 
0.000000E+00 
0.000000E+00 
0.000000E+00 
0.000000E+00 
0.000000E+00 
0.000000E+00 
0.000000E+00 
0.000000E+00 
0.000000E+00 
0.000000E+00 
0.000000E+00 
0.000000E+00 
0.000000E+00 
0.000000E+00 
0.000000E+00 
0.000000E+00 
0.000000E+00 
0.000000E+00 
0.000000E+00 
0.000000E+00 
0.000000E+00 
0.000000E+00 
0.000000E+00 
0.000000E+00 
0.000000E+00 
0.000000E+00 
0.000000E+00 
0.000000E+00 
0.000000E+00 
0.000000E+00 
0.000000E+00 
0.000000E+00 
0.000000E+00 
0.000000E+00 
0.000000E+00 
0.000000E+00 
0.000000E+00 
0.000000E+00 
0.000000E+00 
0.000000E+00 
0.000000E+00 
0.000000E+00 
0.000000E+00 
3.451218E-04 
0.000000E+00 
0.000000E+00 
0.000000E+00 
0.000000E+00 
0.000000E+00 
0.000000E+00 
0.000000E+00 
0.000000E+00 
0.000000E+00 
0.000000E+00 
0.000000E+00 
0.000000E+00 
0.000000E+00 
0.000000E+00 
0.000000E+00 
0.000000E+00 
4.915017E-04 
0.000000E+00 
0.000000E+00 
0.000000E+00 
0.000000E+00 
0.000000E+00 
0.000000E+00 
0.000000E+00 
0.000000E+00 
0.000000E+00 
0.000000E+00 
0.000000E+00 
0.000000E+00 
4.917434E-04 
0.000000E+00 
0.000000E+00 
0.000000E+00 
0.000000E+00 
0.000000E+00 
0.000000E+00 
0.000000E+00 
0.000000E+00 
0.000000E+00 
0.000000E+00 
0.000000E+00 
0.000000E+00 
0.000000E+00 
0.000000E+00 
0.000000E+00 
0.000000E+00 
0.000000E+00 
0.000000E+00 
0.000000E+00 
0.000000E+00 
0.000000E+00 
0.000000E+00 
0.000000E+00 
0.000000E+00 
0.000000E+00 
0.000000E+00 
0.000000E+00 
0.000000E+00 
0.000000E+00 
0.000000E+00 
0.000000E+00 
0.000000E+00 
0.000000E+00 
0.000000E+00 
0.000000E+00 
0.000000E+00 
0.000000E+00 
0.000000E+00 
0.000000E+00 
0.000000E+00 
0.000000E+00 
0.000000E+00 
0.000000E+00 
7.409799E-04 
0.000000E+00 
0.000000E+00 
0.000000E+00 
0.000000E+00 
0.000000E+00 
0.000000E+00 
0.000000E+00 
0.000000E+00 
0.000000E+00 
0.000000E+00 
0.000000E+00 
0.000000E+00 
0.000000E+00 
0.000000E+00 
0.000000E+00 
0.000000E+00 
0.000000E+00 
0.000000E+00 
0.000000E+00 
0.000000E+00 
0.000000E+00 
0.000000E+00 
0.000000E+00 
0.000000E+00 
0.000000E+00 
0.000000E+00 
0.000000E+00 
0.000000E+00 
0.000000E+00 
0.000000E+00 
0.000000E+00 
0.000000E+00 
0.000000E+00 
0.000000E+00 
0.000000E+00 
0.000000E+00 
0.000000E+00 
0.000000E+00 
0.000000E+00 
0.000000E+00 
0.000000E+00 
0.000000E+00 
0.000000E+00 
2.695210E-03 
0.000000E+00 
0.000000E+00 
0.000000E+00 
0.000000E+00 
0.000000E+00 
0.000000E+00 
0.000000E+00 
0.000000E+00 
0.000000E+00 
0.000000E+00 
0.000000E+00 
0.000000E+00 
0.000000E+00 
0.000000E+00 
0.000000E+00 
0.000000E+00 
0.000000E+00 
0.000000E+00 
0.000000E+00 
0.000000E+00 
0.000000E+00 
0.000000E+00 
0.000000E+00 
0.000000E+00 
0.000000E+00 
0.000000E+00 
0.000000E+00 
0.000000E+00 
0.000000E+00 
0.000000E+00 
0.000000E+00 
0.000000E+00 
0.000000E+00 
0.000000E+00 
0.000000E+00 
0.000000E+00 
0.000000E+00 
0.000000E+00 
0.000000E+00 
0.000000E+00 
0.000000E+00 
0.000000E+00 
0.000000E+00 
0.000000E+00 
0.000000E+00 
0.000000E+00 
0.000000E+00 
0.000000E+00 
0.000000E+00 
0.000000E+00 
0.000000E+00 
0.000000E+00 
0.000000E+00 
0.000000E+00 
0.000000E+00 
0.000000E+00 
0.000000E+00 
0.000000E+00 
0.000000E+00 
0.000000E+00 
0.000000E+00 
0.000000E+00 
0.000000E+00 
0.000000E+00 
0.000000E+00 
0.000000E+00 
0.000000E+00 
0.000000E+00 
0.000000E+00 
0.000000E+00 
0.000000E+00 
0.000000E+00 
0.000000E+00 
0.000000E+00 
0.000000E+00 
0.000000E+00 
0.000000E+00 
0.000000E+00 
0.000000E+00 
0.000000E+00 
0.000000E+00 
0.000000E+00 
0.000000E+00 
0.000000E+00 
0.000000E+00 
0.000000E+00 
0.000000E+00 
0.000000E+00 
0.000000E+00 
0.000000E+00 
0.000000E+00 
0.000000E+00 
0.000000E+00 
0.000000E+00 
0.000000E+00 
0.000000E+00 
0.000000E+00 
0.000000E+00 
0.000000E+00 
0.000000E+00 
0.000000E+00 
0.000000E+00 
0.000000E+00 
0.000000E+00 
0.000000E+00 
0.000000E+00 
0.000000E+00 
0.000000E+00 
0.000000E+00 
0.000000E+00 
0.000000E+00 
0.000000E+00 
0.000000E+00 
0.000000E+00 
0.000000E+00 
0.000000E+00 
0.000000E+00 
0.000000E+00 
0.000000E+00 
0.000000E+00 
0.000000E+00 
0.000000E+00 
0.000000E+00 
0.000000E+00 
0.000000E+00 
0.000000E+00 
0.000000E+00 
0.000000E+00 
0.000000E+00 
0.000000E+00 
0.000000E+00 
0.000000E+00 
0.000000E+00 
0.000000E+00 
0.000000E+00 
0.000000E+00 
0.000000E+00 
0.000000E+00 
0.000000E+00 
0.000000E+00 
0.000000E+00 
0.000000E+00 
0.000000E+00 
0.000000E+00 
0.000000E+00 
0.000000E+00 
0.000000E+00 
0.000000E+00 
0.000000E+00 
0.000000E+00 
0.000000E+00 
0.000000E+00 
0.000000E+00 
0.000000E+00 
0.000000E+00 
0.000000E+00 
0.000000E+00 
0.000000E+00 
0.000000E+00 
0.000000E+00 
0.000000E+00 
0.000000E+00 
0.000000E+00 
0.000000E+00 
0.000000E+00 
0.000000E+00 
0.000000E+00 
0.000000E+00 
0.000000E+00 
0.000000E+00 
0.000000E+00 
1.950968E-04 
0.000000E+00 
0.000000E+00 
0.000000E+00 
0.000000E+00 
0.000000E+00 
0.000000E+00 
0.000000E+00 
0.000000E+00 
0.000000E+00 
0.000000E+00 
0.000000E+00 
0.000000E+00 
0.000000E+00 
0.000000E+00 
0.000000E+00 
0.000000E+00 
0.000000E+00 
0.000000E+00 
0.000000E+00 
0.000000E+00 
0.000000E+00 
0.000000E+00 
0.000000E+00 
0.000000E+00 
0.000000E+00 
0.000000E+00 
0.000000E+00 
0.000000E+00 
0.000000E+00 
0.000000E+00 
0.000000E+00 
0.000000E+00 
0.000000E+00 
0.000000E+00 
0.000000E+00 
0.000000E+00 
0.000000E+00 
0.000000E+00 
0.000000E+00 
0.000000E+00 
0.000000E+00 
0.000000E+00 
0.000000E+00 
0.000000E+00 
0.000000E+00 
0.000000E+00 
0.000000E+00 
0.000000E+00 
0.000000E+00 
0.000000E+00 
0.000000E+00 
0.000000E+00 
0.000000E+00 
0.000000E+00 
0.000000E+00 
0.000000E+00 
0.000000E+00 
0.000000E+00 
0.000000E+00 
0.000000E+00 
0.000000E+00 
0.000000E+00 
0.000000E+00 
0.000000E+00 
0.000000E+00 
0.000000E+00 
0.000000E+00 
0.000000E+00 
0.000000E+00 
0.000000E+00 
0.000000E+00 
0.000000E+00 
0.000000E+00 
0.000000E+00 
0.000000E+00 
0.000000E+00 
0.000000E+00 
0.000000E+00 
0.000000E+00 
0.000000E+00 
0.000000E+00 
0.000000E+00 
0.000000E+00 
0.000000E+00 
0.000000E+00 
0.000000E+00 
0.000000E+00 
0.000000E+00 
0.000000E+00 
0.000000E+00 
0.000000E+00 
0.000000E+00 
0.000000E+00 
0.000000E+00 
0.000000E+00 
0.000000E+00 
0.000000E+00 
0.000000E+00 
0.000000E+00 
0.000000E+00 
0.000000E+00 
0.000000E+00 
0.000000E+00 
0.000000E+00 
0.000000E+00 
0.000000E+00 
0.000000E+00 
0.000000E+00 
0.000000E+00 
0.000000E+00 
0.000000E+00 
0.000000E+00 
0.000000E+00 
0.000000E+00 
0.000000E+00 
0.000000E+00 
0.000000E+00 
1.451996E-04 
0.000000E+00 
0.000000E+00 
0.000000E+00 
5.964696E-04 
0.000000E+00 
0.000000E+00 
0.000000E+00 
0.000000E+00 
0.000000E+00 
0.000000E+00 
0.000000E+00 
7.175734E-04 
0.000000E+00 
0.000000E+00 
0.000000E+00 
0.000000E+00 
0.000000E+00 
0.000000E+00 
0.000000E+00 
0.000000E+00 
0.000000E+00 
0.000000E+00 
0.000000E+00 
0.000000E+00 
0.000000E+00 
1.799317E-03 
0.000000E+00 
1.521709E-04 
0.000000E+00 
0.000000E+00 
3.977438E-04 
0.000000E+00 
0.000000E+00 
0.000000E+00 
0.000000E+00 
0.000000E+00 
0.000000E+00 
0.000000E+00 
0.000000E+00 
0.000000E+00 
0.000000E+00 
0.000000E+00 
3.979021E-04 
0.000000E+00 
0.000000E+00 
0.000000E+00 
0.000000E+00 
0.000000E+00 
0.000000E+00 
0.000000E+00 
0.000000E+00 
0.000000E+00 
0.000000E+00 
0.000000E+00 
0.000000E+00 
0.000000E+00 
0.000000E+00 
0.000000E+00 
3.980605E-04 
0.000000E+00 
4.489762E-04 
0.000000E+00 
0.000000E+00 
0.000000E+00 
1.221027E-03 
1.591447E-03 
