5, 1.033777E-03 
14, 1.501989E-10 
9, 5.087751E-04 
8, 4.033330E-04 
12, 2.069895E-06 
1, 7.846941E-05 
1, 7.891695E-05 
15, 8.646231E-11 
12, 2.286775E-06 
15, 2.368557E-11 
12, 2.832037E-06 
5, 1.249102E-03 
11, 1.657710E-05 
13, 1.070089E-08 
8, 6.051631E-04 
6, 9.503163E-04 
1, 5.217454E-05 
1, 9.350386E-05 
7, 7.848844E-04 
6, 9.381589E-04 
9, 1.517957E-04 
13, 8.396198E-09 
10, 5.265580E-05 
15, 8.771165E-11 
10, 4.185508E-05 
3, 6.496382E-04 
14, 4.866294E-09 
1, 5.342262E-05 
1, 9.755920E-05 
2, 1.866879E-04 
12, 1.713583E-06 
14, 4.249409E-09 
10, 7.036842E-05 
12, 3.431520E-07 
2, 1.974603E-04 
6, 7.950971E-04 
15, 2.093360E-11 
14, 2.766794E-09 
11, 3.405368E-06 
13, 8.244537E-08 
5, 1.454763E-03 
10, 7.070352E-05 
15, 2.071616E-11 
10, 5.589871E-05 
5, 9.415977E-04 
2, 2.605411E-04 
2, 3.034746E-04 
13, 9.146325E-09 
7, 5.172827E-04 
7, 6.853875E-04 
12, 2.816981E-06 
5, 1.359058E-03 
5, 1.402752E-03 
5, 1.013634E-03 
12, 3.206985E-06 
15, 8.646231E-11 
4, 9.971025E-04 
3, 4.782987E-04 
15, 8.771165E-11 
10, 3.227431E-06 
1, 9.793498E-05 
6, 5.999742E-04 
2, 1.930235E-04 
14, 1.754233E-10 
2, 2.374206E-04 
15, 2.319211E-11 
8, 3.885648E-04 
4, 4.994128E-04 
2, 2.608321E-04 
13, 2.190906E-07 
2, 2.246391E-04 
3, 4.013825E-04 
11, 1.854032E-05 
5, 1.231266E-03 
3, 5.181738E-04 
3, 1.957899E-04 
4, 1.006963E-03 
2, 2.876327E-04 
3, 3.595952E-04 
15, 8.771165E-11 
4, 5.244154E-04 
14, 3.529415E-09 
4, 7.643456E-04 
4, 1.002997E-03 
13, 9.379769E-09 
12, 2.646138E-06 
5, 9.476976E-04 
7, 5.302725E-04 
8, 2.378798E-04 
10, 5.215771E-05 
14, 4.590097E-09 
14, 3.165466E-09 
12, 2.851920E-06 
4, 8.844410E-04 
12, 2.646875E-06 
4, 7.050267E-04 
11, 1.824314E-05 
11, 4.373670E-06 
4, 5.213315E-04 
10, 3.110519E-05 
10, 7.979405E-05 
14, 2.025656E-10 
4, 9.742589E-04 
5, 9.844262E-04 
1, 5.388978E-05 
13, 1.445881E-07 
1, 7.297431E-05 
3, 5.768175E-04 
11, 2.319929E-05 
4, 5.367501E-04 
4, 6.746250E-04 
11, 1.102158E-05 
3, 4.412587E-04 
1, 9.267831E-05 
10, 5.726272E-05 
5, 1.514354E-03 
12, 2.314326E-06 
14, 3.137853E-09 
1, 6.216335E-05 
10, 5.265580E-05 
3, 6.085302E-04 
2, 2.643802E-04 
8, 3.839594E-04 
3, 6.993951E-04 
5, 8.761873E-04 
7, 7.465944E-04 
8, 3.986108E-04 
6, 8.629861E-04 
12, 3.913506E-06 
15, 1.460271E-11 
4, 9.716008E-04 
11, 2.100989E-06 
1, 5.724333E-05 
5, 9.721709E-04 
13, 1.093963E-08 
12, 1.977356E-06 
7, 7.358663E-04 
1, 1.012113E-04 
2, 3.426201E-04 
15, 8.425726E-11 
9, 1.740853E-04 
4, 7.157583E-04 
6, 7.507443E-04 
6, 7.084960E-04 
3, 5.059901E-04 
9, 1.857912E-04 
8, 4.711724E-04 
4, 5.469495E-04 
12, 2.268856E-06 
2, 2.995070E-04 
3, 6.348422E-04 
14, 5.434219E-09 
3, 5.237870E-04 
15, 2.515519E-11 
2, 2.616553E-04 
4, 6.468571E-04 
15, 1.649210E-11 
6, 9.602367E-04 
3, 6.911854E-04 
5, 1.320909E-03 
11, 3.023684E-06 
12, 2.484883E-06 
4, 9.370376E-04 
6, 5.999742E-04 
13, 1.751953E-07 
1, 5.261966E-05 
4, 6.944748E-04 
14, 1.512959E-10 
1, 6.927251E-05 
6, 4.961384E-04 
14, 5.148398E-09 
6, 1.020012E-03 
15, 1.641044E-10 
3, 3.969765E-04 
9, 2.231492E-04 
7, 6.995911E-04 
9, 4.589484E-04 
14, 2.766794E-09 
13, 3.106071E-08 
8, 3.275914E-04 
11, 2.050196E-05 
12, 1.982869E-06 
11, 1.788177E-05 
8, 3.990770E-04 
10, 8.719665E-05 
8, 4.232413E-04 
4, 9.983763E-04 
2, 2.732429E-04 
1, 9.054554E-05 
15, 8.771165E-11 
14, 2.800113E-09 
6, 5.480728E-04 
11, 1.359845E-05 
15, 1.268881E-10 
1, 7.076995E-05 
8, 4.974549E-04 
8, 3.557171E-04 
14, 2.275450E-10 
12, 1.633953E-06 
5, 1.047271E-03 
7, 5.750724E-04 
5, 7.085913E-04 
3, 5.453748E-04 
13, 3.863811E-07 
11, 1.072734E-05 
7, 8.288296E-04 
15, 4.385583E-11 
2, 1.243267E-04 
1, 7.790258E-05 
14, 2.775626E-09 
1, 5.067319E-05 
2, 1.835446E-04 
3, 4.953806E-04 
8, 4.021714E-04 
15, 1.459791E-11 
6, 6.316962E-04 
1, 5.217454E-05 
1, 9.054554E-05 
14, 3.284245E-09 
1, 6.726980E-05 
12, 3.122563E-06 
11, 1.690494E-05 
7, 7.503567E-04 
12, 2.411205E-06 
8, 4.691698E-04 
12, 2.256301E-06 
11, 2.232542E-05 
2, 2.341133E-04 
13, 2.338550E-08 
2, 3.216234E-04 
1, 7.769500E-05 
10, 8.655188E-05 
6, 1.036773E-03 
6, 7.874534E-04 
3, 5.095113E-04 
12, 2.428559E-06 
1, 5.067319E-05 
12, 2.427677E-06 
2, 6.390476E-05 
1, 6.212285E-05 
2, 4.717869E-04 
9, 1.800820E-04 
7, 6.198718E-04 
7, 5.462786E-04 
10, 5.066933E-05 
3, 5.100261E-04 
9, 1.780937E-04 
14, 5.151991E-09 
3, 4.660150E-04 
1, 8.374142E-05 
8, 3.763045E-04 
14, 2.678505E-10 
1, 7.410447E-05 
15, 8.425726E-11 
14, 3.882588E-09 
5, 1.201240E-03 
13, 2.281823E-07 
11, 5.585129E-06 
3, 6.324315E-04 
8, 3.426883E-04 
9, 1.563033E-04 
4, 6.206498E-04 
15, 1.102942E-10 
1, 6.765443E-05 
13, 3.369500E-07 
9, 1.483168E-04 
6, 5.938772E-04 
4, 5.896548E-04 
8, 4.848186E-04 
13, 8.034602E-09 
4, 9.084173E-04 
9, 1.803676E-04 
11, 1.644925E-05 
12, 4.363195E-06 
12, 6.523078E-07 
10, 8.598460E-05 
8, 5.447050E-04 
13, 1.641957E-07 
7, 8.393234E-04 
9, 2.706966E-04 
12, 3.475232E-06 
11, 1.427785E-05 
10, 5.467651E-05 
11, 2.071119E-05 
6, 7.620067E-04 
13, 4.030934E-09 
6, 1.003239E-03 
4, 1.008034E-03 
13, 9.083867E-09 
6, 7.442752E-04 
4, 6.483941E-04 
3, 6.625404E-04 
1, 8.128353E-05 
15, 1.102942E-10 
3, 5.072480E-04 
3, 5.572491E-04 
14, 1.729246E-10 
12, 1.778040E-06 
4, 6.204692E-04 
2, 8.753488E-05 
1, 6.700214E-05 
1, 3.782475E-04 
3, 5.355353E-04 
14, 3.034143E-09 
12, 2.143788E-06 
10, 5.390223E-05 
15, 8.425726E-11 
13, 1.501959E-07 
8, 5.431490E-04 
6, 5.774842E-04 
7, 5.074456E-04 
5, 8.584603E-04 
8, 4.493662E-04 
14, 2.866227E-09 
14, 3.034143E-09 
10, 2.381698E-05 
15, 9.218761E-11 
15, 1.512959E-10 
8, 4.345607E-04 
15, 1.195038E-10 
15, 8.708698E-11 
11, 1.549307E-05 
10, 3.560663E-05 
9, 1.827758E-04 
10, 7.250529E-05 
8, 3.165093E-04 
7, 6.658009E-04 
3, 5.218770E-04 
12, 5.366230E-07 
1, 1.013301E-04 
11, 2.616992E-05 
9, 1.478364E-04 
10, 3.820098E-05 
6, 9.865695E-04 
10, 1.982594E-05 
9, 2.597933E-04 
8, 3.765478E-04 
2, 3.564259E-04 
2, 2.519629E-04 
9, 2.079218E-04 
5, 1.534835E-03 
1, 8.097499E-05 
15, 8.547396E-11 
7, 6.710317E-04 
14, 2.800113E-09 
15, 4.385583E-11 
8, 4.045306E-04 
7, 7.767327E-04 
7, 7.419465E-04 
12, 1.633953E-06 
11, 2.135918E-05 
4, 9.831570E-04 
13, 1.398349E-07 
10, 3.526337E-05 
9, 1.987516E-04 
11, 2.462301E-05 
11, 1.731451E-05 
3, 6.403266E-04 
3, 3.665298E-04 
10, 5.390223E-05 
13, 1.090420E-08 
12, 2.268856E-06 
10, 5.860416E-05 
8, 4.142381E-04 
13, 9.921600E-09 
4, 8.680356E-04 
10, 6.209798E-05 
14, 3.854975E-09 
9, 2.024521E-04 
10, 1.571885E-04 
7, 5.161358E-04 
5, 9.432474E-04 
11, 1.674295E-05 
10, 3.267906E-06 
1, 5.615246E-05 
13, 2.344402E-07 
13, 1.861395E-07 
14, 1.593539E-10 
6, 7.891158E-04 
4, 6.500834E-04 
10, 6.954807E-05 
1, 8.023312E-05 
9, 1.861305E-04 
4, 6.008579E-04 
7, 3.895913E-04 
5, 1.065712E-03 
9, 1.552479E-04 
1, 7.806512E-05 
10, 7.035096E-05 
11, 8.877616E-06 
2, 2.101109E-04 
9, 1.842566E-04 
7, 7.232299E-04 
6, 5.814530E-04 
4, 6.731902E-04 
8, 5.600484E-04 
13, 3.514811E-07 
6, 4.920870E-04 
1, 8.058343E-05 
15, 1.067235E-10 
7, 6.717608E-04 
15, 9.824202E-11 
10, 5.032663E-05 
14, 5.227528E-09 
3, 3.776072E-04 
14, 2.713453E-10 
11, 2.179268E-05 
6, 6.892345E-04 
2, 3.589311E-04 
3, 6.595025E-04 
3, 5.611566E-04 
2, 2.025158E-04 
9, 2.381497E-04 
5, 1.548235E-03 
11, 2.319929E-05 
4, 1.012367E-03 
15, 2.362218E-11 
2, 1.986579E-04 
10, 5.193612E-05 
1, 8.161306E-05 
11, 1.833544E-05 
12, 2.731559E-07 
5, 1.504604E-03 
1, 8.168825E-05 
13, 5.561908E-09 
5, 1.009366E-03 
11, 8.738213E-06 
5, 1.283243E-03 
8, 5.140885E-04 
2, 3.707603E-04 
5, 1.444971E-03 
10, 5.055951E-05 
15, 8.646231E-11 
6, 7.528950E-04 
14, 4.103398E-09 
3, 4.612799E-04 
7, 5.773642E-04 
7, 3.934918E-04 
7, 8.769392E-04 
10, 9.208683E-05 
9, 1.878071E-04 
9, 4.167998E-04 
7, 5.298761E-04 
10, 5.085966E-05 
13, 1.102841E-07 
6, 5.930790E-04 
9, 1.819322E-04 
11, 1.271144E-05 
1, 5.503893E-05 
13, 1.014096E-08 
9, 2.199711E-04 
10, 6.176177E-05 
6, 1.033352E-03 
12, 1.835394E-06 
2, 3.090363E-04 
13, 8.598422E-08 
14, 3.502067E-09 
3, 4.772258E-04 
9, 2.227025E-04 
8, 4.755581E-04 
11, 1.690494E-05 
8, 5.364168E-04 
14, 4.567337E-09 
10, 2.889991E-05 
1, 1.571797E-04 
11, 2.368559E-05 
15, 8.646231E-11 
7, 4.598875E-04 
5, 1.492929E-03 
9, 1.828741E-04 
8, 4.866321E-04 
13, 3.193871E-07 
13, 9.252964E-08 
13, 1.596269E-07 
6, 9.545728E-04 
13, 1.467111E-07 
11, 4.201977E-06 
3, 4.904738E-04 
12, 2.696288E-06 
11, 1.674295E-05 
9, 2.913538E-04 
2, 1.584975E-04 
9, 2.194002E-04 
1, 7.253740E-05 
15, 2.420117E-11 
14, 3.915431E-09 
10, 4.841634E-05 
4, 9.857627E-04 
10, 2.109501E-05 
13, 4.108635E-08 
12, 2.468976E-06 
10, 6.975090E-05 
14, 4.616831E-09 
13, 1.751953E-07 
3, 6.092059E-04 
15, 1.671880E-11 
13, 8.751839E-08 
11, 8.842272E-06 
15, 2.590979E-11 
9, 2.325016E-04 
6, 1.020334E-03 
2, 1.755016E-04 
1, 1.003365E-04 
11, 2.979146E-06 
13, 2.715747E-07 
11, 2.646986E-05 
2, 5.285094E-04 
11, 1.248802E-05 
4, 8.350729E-04 
2, 4.497280E-04 
3, 7.022174E-04 
15, 2.576841E-11 
4, 6.595572E-04 
10, 5.102978E-05 
6, 7.733912E-04 
12, 2.058775E-06 
8, 3.893485E-04 
6, 8.233615E-04 
9, 1.706784E-04 
6, 6.115808E-04 
10, 3.782656E-05 
5, 1.484023E-03 
7, 4.414866E-04 
8, 5.017309E-04 
3, 3.529564E-04 
8, 4.112728E-04 
6, 9.880822E-04 
10, 2.695112E-05 
15, 4.385583E-11 
7, 7.366973E-04 
9, 1.677863E-04 
10, 5.100714E-05 
14, 4.023718E-09 
6, 1.016331E-03 
4, 6.904390E-04 
6, 7.117480E-04 
15, 1.102942E-10 
8, 4.189179E-04 
10, 5.265580E-05 
8, 4.251524E-04 
8, 3.787191E-04 
12, 3.175548E-06 
12, 3.030927E-06 
10, 9.195521E-05 
12, 2.320608E-06 
3, 5.310416E-04 
10, 2.014358E-05 
7, 7.393186E-04 
1, 8.374142E-05 
14, 4.547576E-09 
14, 1.512959E-10 
12, 2.105028E-06 
15, 1.550800E-11 
1, 7.274287E-05 
2, 3.501848E-04 
8, 5.220258E-04 
5, 1.024154E-03 
12, 2.696288E-06 
3, 6.976206E-04 
9, 2.610558E-04 
5, 9.754115E-04 
15, 1.577001E-10 
6, 5.988873E-04 
10, 6.600189E-05 
9, 1.561934E-04 
4, 6.816535E-04 
11, 6.160802E-06 
13, 1.052551E-08 
5, 9.737101E-04 
5, 1.000283E-03 
11, 1.801475E-05 
10, 1.962980E-05 
2, 2.647201E-04 
2, 2.175972E-04 
13, 5.452099E-09 
15, 1.641044E-10 
6, 9.569677E-04 
7, 6.276060E-04 
8, 3.290637E-04 
12, 6.929980E-07 
13, 2.574757E-07 
7, 7.898892E-04 
12, 4.520274E-07 
5, 1.016800E-03 
5, 1.404701E-03 
6, 9.780758E-04 
1, 7.279230E-05 
14, 2.205884E-10 
5, 1.113399E-03 
10, 4.724698E-05 
15, 8.646231E-11 
1, 5.573049E-05 
8, 3.960400E-04 
9, 3.420541E-04 
6, 1.065437E-03 
4, 6.500544E-04 
14, 2.800113E-09 
2, 2.132233E-04 
2, 1.343713E-04 
14, 2.766794E-09 
5, 1.002973E-03 
6, 8.638730E-04 
15, 1.102942E-10 
9, 2.447382E-04 
6, 8.857293E-04 
2, 1.930595E-04 
1, 8.320087E-05 
12, 2.302231E-06 
15, 2.869213E-11 
4, 9.304562E-04 
4, 6.513992E-04 
14, 5.452099E-09 
4, 9.626787E-04 
2, 2.934865E-04 
2, 3.523006E-04 
7, 8.025962E-04 
13, 9.914512E-09 
12, 5.347118E-07 
13, 1.431502E-07 
12, 1.438081E-06 
12, 5.347118E-07 
3, 5.899741E-04 
6, 1.037968E-03 
10, 8.535240E-05 
9, 2.875951E-04 
3, 7.001727E-04 
8, 4.583999E-04 
13, 3.638414E-07 
7, 7.797866E-04 
7, 4.758575E-04 
2, 2.900001E-04 
8, 3.934918E-04 
7, 7.616431E-04 
15, 1.657223E-11 
7, 8.146197E-04 
14, 5.212345E-09 
11, 2.428228E-05 
12, 1.749518E-06 
13, 3.407749E-07 
8, 3.900106E-04 
12, 2.331002E-06 
9, 2.116294E-04 
2, 3.518745E-04 
14, 1.729246E-10 
12, 2.262206E-06 
11, 2.459353E-05 
7, 5.101354E-04 
14, 4.181159E-09 
9, 2.880541E-04 
14, 4.488962E-09 
8, 4.023767E-04 
4, 6.431520E-04 
8, 4.550423E-04 
4, 9.901413E-04 
12, 1.455441E-06 
5, 9.955228E-04 
1, 9.143455E-05 
12, 3.691836E-06 
11, 1.733547E-05 
9, 2.218311E-04 
9, 1.863884E-04 
4, 6.848916E-04 
14, 1.729246E-10 
8, 2.557172E-04 
1, 8.194971E-05 
3, 6.786178E-04 
12, 5.478994E-07 
5, 1.027970E-03 
9, 2.175156E-04 
10, 5.690675E-05 
15, 1.516959E-11 
10, 5.787610E-05 
13, 1.449770E-07 
9, 2.067224E-04 
8, 4.974901E-04 
1, 5.306505E-05 
15, 9.064616E-11 
15, 8.708698E-11 
8, 4.153394E-04 
15, 1.512959E-10 
1, 8.679427E-05 
1, 7.816793E-05 
10, 5.408956E-05 
6, 6.555569E-04 
13, 5.109885E-09 
8, 3.259440E-04 
5, 1.143558E-03 
13, 1.474302E-07 
15, 8.771165E-11 
7, 7.359640E-04 
8, 4.588574E-04 
9, 2.078458E-04 
15, 4.385583E-11 
8, 4.159526E-04 
5, 8.846422E-04 
12, 2.453289E-06 
7, 7.883934E-04 
7, 5.566045E-04 
11, 1.780331E-05 
11, 2.076814E-05 
7, 8.012849E-04 
1, 5.306505E-05 
14, 3.001442E-09 
2, 3.232993E-04 
6, 5.971654E-04 
6, 9.999149E-04 
10, 1.549307E-05 
4, 6.059994E-04 
12, 3.193871E-07 
12, 2.288157E-06 
14, 1.512959E-10 
9, 1.891884E-04 
13, 2.673559E-07 
2, 3.384996E-04 
12, 2.959359E-06 
3, 4.525930E-04 
14, 4.041810E-09 
2, 3.273140E-04 
15, 1.481129E-11 
10, 3.844829E-05 
10, 2.405489E-05 
5, 1.008821E-03 
7, 6.806630E-04 
5, 9.853625E-04 
15, 2.542894E-11 
9, 1.689004E-04 
5, 1.641924E-03 
9, 2.239636E-04 
5, 1.037852E-03 
4, 1.000607E-03 
12, 1.853724E-06 
10, 5.017574E-05 
1, 6.179481E-05 
6, 1.020192E-03 
9, 2.844024E-04 
13, 1.946326E-07 
1, 5.614669E-05 
8, 4.030046E-04 
3, 4.351268E-04 
6, 9.448514E-04 
4, 5.466011E-04 
12, 3.693381E-07 
15, 1.991198E-11 
7, 4.691698E-04 
2, 3.021692E-04 
10, 7.914996E-05 
7, 3.252020E-04 
6, 7.272062E-04 
9, 2.082953E-04 
2, 2.652854E-04 
4, 6.657250E-04 
5, 1.005508E-03 
6, 4.618010E-04 
8, 4.964518E-04 
11, 2.514044E-05 
6, 7.879403E-04 
1, 6.453334E-05 
8, 3.732561E-04 
4, 6.240884E-04 
8, 5.685650E-04 
5, 9.931554E-04 
3, 4.833795E-04 
5, 9.802566E-04 
15, 2.349479E-11 
2, 2.025158E-04 
11, 3.744111E-06 
12, 1.849737E-06 
13, 3.369500E-07 
2, 2.456290E-04 
2, 2.200541E-04 
14, 4.249409E-09 
2, 2.445066E-04 
5, 1.008262E-03 
7, 4.399041E-04 
7, 8.020507E-04 
4, 5.723355E-04 
10, 5.085966E-05 
8, 4.058250E-04 
4, 6.375983E-04 
12, 5.577790E-07 
14, 3.242205E-10 
12, 6.326355E-07 
15, 8.646231E-11 
5, 1.035009E-03 
4, 9.699875E-04 
12, 3.533148E-06 
5, 1.486185E-03 
12, 5.473641E-07 
14, 3.959293E-09 
4, 6.936163E-04 
8, 3.459236E-04 
3, 4.872474E-04 
8, 3.671961E-04 
7, 5.880943E-04 
14, 3.379021E-09 
1, 8.274851E-05 
6, 7.230231E-04 
1, 8.376211E-05 
11, 1.369724E-05 
2, 2.210638E-04 
6, 7.988108E-04 
3, 5.520311E-04 
6, 7.296469E-04 
5, 1.006693E-03 
13, 3.264722E-08 
5, 1.067292E-03 
13, 2.574757E-07 
2, 3.279318E-04 
15, 1.812958E-10 
2, 2.765590E-04 
3, 6.592715E-04 
15, 8.771165E-11 
3, 6.152725E-04 
10, 5.165948E-05 
7, 6.026270E-04 
11, 2.054737E-05 
14, 3.458493E-10 
6, 4.695463E-04 
12, 2.490623E-06 
1, 5.719095E-05 
12, 3.695070E-07 
5, 9.737101E-04 
6, 8.001376E-04 
10, 8.289065E-05 
6, 9.960314E-04 
10, 8.621970E-05 
14, 5.329435E-09 
1, 9.859406E-05 
2, 2.499470E-04 
8, 3.599570E-04 
6, 8.945333E-05 
15, 8.646231E-11 
2, 2.822879E-04 
2, 3.676558E-04 
1, 6.750189E-05 
8, 3.876031E-04 
2, 2.457287E-04 
14, 3.035081E-10 
13, 4.156476E-08 
11, 4.940614E-06 
10, 3.637437E-05 
14, 2.894996E-10 
6, 8.510135E-04 
2, 3.116141E-04 
10, 5.589871E-05 
1, 8.137130E-05 
9, 1.949992E-04 
8, 5.220270E-04 
6, 1.005915E-03 
3, 5.123504E-04 
11, 5.134590E-06 
3, 5.074698E-04 
8, 4.249376E-04 
2, 2.932544E-04 
15, 1.094573E-10 
15, 2.494331E-11 
15, 2.401910E-11 
12, 2.427160E-06 
5, 1.249114E-03 
3, 7.049445E-04 
9, 2.367705E-04 
9, 1.467743E-04 
2, 2.025158E-04 
7, 7.997589E-04 
6, 6.886281E-04 
3, 5.003482E-04 
9, 1.982333E-04 
13, 5.447924E-07 
13, 2.710428E-07 
5, 8.383640E-04 
8, 3.968046E-04 
4, 5.719453E-04 
14, 4.932998E-09 
6, 9.807594E-04 
2, 4.782516E-04 
2, 2.283359E-04 
10, 7.804267E-05 
3, 5.203175E-04 
15, 8.771165E-11 
3, 6.696413E-04 
1, 5.342262E-05 
1, 7.022782E-05 
8, 4.542672E-04 
2, 1.591491E-04 
5, 1.277249E-03 
1, 6.517340E-05 
10, 3.279966E-05 
1, 1.108496E-04 
4, 9.734488E-04 
8, 3.396326E-04 
14, 4.726113E-09 
11, 1.102158E-05 
3, 6.681850E-04 
2, 2.857412E-04 
10, 5.243498E-05 
1, 5.507683E-05 
14, 2.800113E-09 
6, 8.274118E-04 
7, 4.742975E-04 
9, 2.174426E-04 
7, 3.573895E-04 
8, 3.259440E-04 
4, 1.028807E-03 
7, 7.207344E-04 
6, 6.728958E-04 
15, 8.370600E-11 
1, 5.246300E-05 
2, 3.285718E-04 
3, 5.585921E-04 
6, 9.938470E-04 
12, 4.294749E-06 
14, 2.800113E-09 
14, 5.076215E-09 
3, 6.057609E-04 
4, 5.207522E-04 
8, 5.308771E-04 
10, 4.420793E-05 
13, 1.994827E-07 
7, 8.291272E-04 
8, 4.255772E-04 
3, 5.584034E-04 
10, 9.174229E-05 
13, 5.533588E-09 
13, 4.459682E-09 
9, 2.391240E-04 
3, 5.013988E-04 
14, 4.907138E-09 
2, 5.138668E-04 
6, 6.131329E-04 
12, 9.687016E-07 
8, 3.728075E-04 
13, 8.884051E-08 
11, 8.747340E-06 
9, 1.758551E-04 
12, 2.647019E-07 
15, 8.771165E-11 
6, 8.902929E-04 
7, 7.975420E-04 
14, 2.766794E-09 
1, 6.949018E-05 
12, 2.871235E-06 
15, 2.720447E-11 
8, 5.153764E-04 
1, 8.868134E-05 
8, 4.465145E-04 
1, 9.219070E-05 
10, 7.739405E-05 
5, 1.284839E-03 
9, 2.061692E-04 
5, 1.208596E-03 
15, 8.739932E-11 
15, 2.026721E-11 
5, 1.250052E-03 
3, 4.903021E-04 
6, 8.028179E-04 
14, 3.242205E-10 
3, 4.317097E-04 
1, 8.113275E-05 
5, 1.460277E-03 
6, 6.131329E-04 
5, 1.384412E-03 
7, 7.654209E-04 
15, 1.102942E-10 
8, 3.732561E-04 
5, 9.880329E-04 
9, 2.813782E-04 
2, 2.840735E-04 
9, 1.713215E-04 
2, 5.460132E-04 
14, 1.139000E-10 
14, 2.327762E-10 
15, 1.961307E-11 
5, 9.765537E-04 
13, 2.886682E-09 
11, 9.992181E-06 
14, 1.512959E-10 
6, 6.295857E-04 
3, 6.854134E-04 
10, 5.839389E-05 
9, 3.720096E-04 
13, 2.020535E-07 
10, 9.271421E-05 
13, 3.254684E-09 
4, 9.175765E-04 
12, 2.250395E-06 
5, 9.737115E-04 
3, 4.989026E-04 
10, 9.167678E-05 
9, 2.225092E-04 
12, 2.274992E-06 
15, 3.242205E-10 
6, 8.846422E-04 
14, 5.288614E-09 
3, 6.595025E-04 
4, 9.896706E-04 
5, 1.279012E-03 
15, 8.547396E-11 
15, 2.627978E-11 
4, 1.016708E-03 
11, 3.405368E-06 
4, 5.382985E-04 
11, 1.983808E-05 
8, 4.736579E-04 
10, 8.160667E-05 
6, 9.634203E-04 
3, 8.207593E-04 
12, 1.977617E-06 
5, 1.005412E-03 
6, 7.768956E-04 
12, 6.861031E-07 
15, 1.102942E-10 
10, 8.218775E-05 
4, 6.626402E-04 
5, 1.086372E-03 
15, 9.833366E-11 
7, 7.356987E-04 
6, 6.090698E-04 
9, 2.188168E-04 
2, 1.968368E-04 
3, 4.993681E-04 
11, 5.072638E-06 
9, 2.044518E-04 
8, 3.808568E-04 
14, 4.023718E-09 
3, 4.318807E-04 
15, 1.102942E-10 
15, 1.124660E-10 
3, 5.805807E-04 
9, 2.311833E-04 
14, 1.792244E-10 
9, 1.522670E-04 
12, 2.291933E-06 
5, 1.033807E-03 
1, 7.816793E-05 
13, 1.457768E-08 
12, 2.870866E-06 
13, 2.647019E-07 
15, 2.829693E-11 
9, 2.152578E-04 
13, 1.106198E-08 
15, 1.847725E-11 
1, 8.161306E-05 
15, 8.425726E-11 
15, 8.425726E-11 
2, 1.800490E-04 
14, 1.094573E-10 
11, 1.307328E-05 
2, 3.620403E-04 
6, 8.081569E-04 
3, 6.105195E-04 
1, 6.517340E-05 
10, 3.110519E-05 
10, 2.046141E-05 
6, 1.053322E-03 
1, 8.637869E-05 
5, 9.415977E-04 
6, 9.627068E-04 
11, 9.387062E-06 
15, 8.771165E-11 
3, 5.260328E-04 
6, 9.687771E-04 
14, 5.452099E-09 
12, 6.214198E-07 
4, 6.355216E-04 
13, 1.474302E-07 
10, 6.484123E-05 
12, 1.904618E-06 
13, 3.369500E-07 
7, 6.888893E-04 
2, 1.975945E-04 
2, 3.325961E-04 
12, 1.853724E-06 
11, 2.046141E-05 
13, 1.479615E-07 
3, 7.003165E-04 
1, 9.157457E-05 
13, 2.539881E-07 
14, 8.771165E-11 
14, 2.804125E-09 
8, 3.675242E-04 
8, 3.930015E-04 
10, 5.390173E-05 
1, 6.305864E-05 
8, 4.302657E-04 
9, 1.798153E-04 
9, 1.774966E-04 
12, 1.067959E-05 
11, 4.524413E-06 
8, 7.893650E-04 
11, 2.596837E-05 
8, 3.822814E-04 
8, 4.495592E-04 
6, 7.537167E-04 
11, 3.000815E-05 
7, 7.088344E-04 
10, 5.367890E-05 
8, 4.556099E-04 
1, 9.280986E-05 
9, 2.348338E-04 
8, 4.232413E-04 
8, 3.707350E-04 
9, 1.751946E-04 
5, 1.377504E-03 
11, 1.820614E-05 
3, 6.340658E-04 
13, 2.766794E-09 
6, 7.476714E-04 
4, 5.469495E-04 
14, 2.819857E-09 
9, 2.209772E-04 
14, 1.577001E-10 
7, 5.316758E-04 
5, 1.059729E-03 
2, 2.708592E-04 
4, 1.362503E-03 
12, 1.810271E-06 
6, 7.060944E-04 
7, 7.419240E-04 
4, 6.843693E-04 
7, 4.496868E-04 
10, 6.113291E-05 
5, 9.958632E-04 
1, 7.372049E-05 
8, 3.647805E-04 
3, 4.635731E-04 
10, 7.921380E-05 
4, 9.942900E-04 
4, 8.640683E-04 
4, 6.611595E-04 
4, 7.204687E-04 
10, 1.779676E-05 
9, 3.625887E-04 
5, 6.421686E-04 
10, 7.997941E-05 
11, 2.596837E-05 
11, 1.397605E-05 
6, 6.342229E-04 
1, 5.789655E-05 
15, 1.810920E-11 
8, 3.573895E-04 
3, 3.595952E-04 
9, 1.597053E-04 
4, 9.892436E-04 
8, 3.787191E-04 
1, 5.468704E-05 
13, 1.424520E-07 
6, 9.357928E-04 
9, 1.942911E-04 
13, 1.358425E-07 
13, 1.253490E-07 
10, 7.112535E-05 
11, 4.294749E-06 
10, 6.897452E-05 
13, 2.398660E-07 
4, 7.208998E-04 
3, 4.013825E-04 
14, 1.815478E-10 
4, 5.931826E-04 
7, 8.719736E-04 
2, 1.137576E-04 
4, 9.671951E-04 
2, 2.287739E-04 
1, 9.671110E-05 
10, 5.980141E-05 
8, 5.019103E-04 
10, 6.062112E-05 
10, 5.159685E-05 
1, 1.001014E-04 
3, 3.622343E-04 
7, 6.214505E-04 
1, 6.262749E-05 
2, 2.049216E-04 
13, 9.354317E-09 
10, 1.719305E-05 
12, 2.011594E-06 
7, 4.919352E-04 
1, 6.316748E-05 
6, 8.099459E-04 
4, 7.586423E-04 
9, 2.330943E-04 
8, 3.911790E-04 
11, 1.587098E-05 
14, 1.754233E-10 
1, 7.528376E-05 
8, 3.899535E-04 
13, 1.084810E-08 
9, 2.133981E-04 
2, 2.009915E-04 
2, 2.698946E-04 
12, 2.624389E-06 
10, 8.354007E-05 
15, 2.128327E-11 
5, 1.471651E-03 
6, 7.261363E-04 
9, 3.104958E-04 
2, 3.404249E-04 
1, 9.753168E-05 
5, 1.028195E-03 
15, 2.071616E-11 
12, 8.033966E-07 
4, 9.585745E-04 
8, 4.648771E-04 
2, 3.109471E-04 
3, 5.988474E-04 
9, 3.841198E-04 
5, 1.398197E-03 
13, 6.058462E-09 
10, 7.659875E-05 
10, 6.698250E-05 
5, 1.028248E-03 
12, 2.260137E-07 
6, 7.689087E-04 
1, 8.323554E-05 
13, 1.430525E-07 
13, 1.887267E-07 
13, 6.772001E-07 
4, 7.042848E-04 
15, 1.859899E-11 
3, 5.133403E-04 
1, 5.393854E-05 
7, 7.296396E-04 
14, 5.452099E-09 
12, 4.079980E-07 
7, 5.035413E-04 
2, 3.616625E-04 
5, 1.019730E-03 
15, 2.794528E-11 
7, 7.465865E-04 
10, 9.608248E-05 
4, 6.796702E-04 
13, 2.761278E-07 
10, 4.144616E-05 
7, 5.161358E-04 
5, 9.640131E-04 
5, 9.605051E-04 
7, 6.374249E-04 
4, 9.565892E-04 
4, 1.012807E-03 
15, 2.019083E-11 
3, 6.074250E-04 
5, 9.829246E-04 
11, 3.119492E-06 
7, 4.881309E-04 
4, 9.897280E-04 
14, 4.741423E-09 
13, 1.562481E-07 
3, 5.461206E-04 
10, 7.337562E-05 
5, 1.448507E-03 
13, 1.471227E-08 
9, 2.359793E-04 
6, 9.497594E-04 
7, 4.084402E-04 
1, 1.243549E-04 
4, 5.723355E-04 
13, 1.060797E-08 
11, 1.780331E-05 
6, 5.394416E-04 
12, 5.039030E-07 
1, 1.013301E-04 
6, 6.295857E-04 
4, 7.528291E-04 
3, 5.517598E-04 
3, 6.556916E-04 
1, 1.571797E-04 
7, 7.726565E-04 
6, 6.532551E-04 
2, 2.850391E-04 
10, 5.821856E-05 
5, 1.269532E-03 
5, 1.053098E-03 
2, 2.440356E-04 
15, 2.371553E-11 
13, 2.148266E-07 
12, 1.849737E-06 
2, 2.183543E-04 
4, 6.374876E-04 
13, 8.620531E-09 
11, 2.782584E-05 
3, 5.090479E-04 
13, 9.252964E-08 
6, 7.689330E-04 
5, 1.039229E-03 
8, 3.797439E-04 
14, 2.800113E-09 
10, 5.085376E-05 
1, 9.082125E-05 
2, 2.982698E-04 
10, 1.843147E-05 
5, 1.392726E-03 
13, 5.452099E-09 
12, 2.575186E-06 
10, 8.116960E-05 
2, 3.611050E-04 
11, 4.201977E-06 
12, 2.293721E-06 
11, 8.747340E-06 
14, 2.162811E-10 
15, 1.741740E-10 
10, 6.604499E-05 
4, 6.417099E-04 
8, 5.580239E-04 
14, 5.533588E-09 
9, 1.943448E-04 
13, 1.473432E-08 
7, 6.316718E-04 
9, 6.208792E-04 
12, 1.666350E-06 
6, 5.584029E-04 
12, 4.201977E-06 
2, 2.387812E-04 
4, 6.211641E-04 
10, 1.952417E-05 
13, 1.887267E-07 
15, 1.094573E-10 
13, 8.464094E-08 
9, 1.739267E-04 
7, 7.299254E-04 
7, 7.057079E-04 
10, 5.525269E-05 
4, 8.471303E-04 
9, 2.078720E-04 
8, 3.802997E-04 
4, 6.675329E-04 
2, 1.318903E-04 
14, 2.775626E-09 
2, 3.237395E-04 
11, 2.601636E-05 
13, 3.144299E-07 
2, 4.572290E-04 
7, 6.289320E-04 
8, 3.895239E-04 
1, 7.725480E-05 
7, 6.558146E-04 
7, 7.897929E-04 
13, 1.430525E-07 
3, 4.989026E-04 
2, 2.452130E-04 
2, 1.908980E-04 
6, 9.972077E-04 
13, 7.056700E-09 
9, 2.133326E-04 
12, 2.427677E-06 
4, 1.038902E-03 
7, 5.814530E-04 
6, 7.640400E-04 
3, 4.351268E-04 
1, 9.283251E-05 
7, 5.385430E-04 
2, 2.025158E-04 
2, 1.974603E-04 
2, 3.271398E-04 
11, 2.106858E-05 
10, 7.254977E-05 
5, 1.252562E-03 
15, 1.124660E-10 
11, 2.612239E-05 
15, 2.254227E-11 
3, 5.073338E-04 
3, 6.022686E-04 
8, 5.558249E-04 
8, 3.978491E-04 
11, 1.501481E-05 
7, 7.876253E-04 
15, 2.177458E-10 
7, 4.093397E-04 
7, 7.284256E-04 
6, 7.394762E-04 
10, 7.997941E-05 
11, 5.871949E-06 
7, 7.604972E-04 
5, 9.498743E-04 
5, 1.416756E-03 
1, 9.891735E-05 
13, 1.347665E-07 
11, 4.114647E-06 
15, 2.648163E-11 
3, 6.390392E-04 
10, 7.978754E-05 
13, 8.700695E-09 
4, 9.897217E-04 
3, 6.293820E-04 
8, 4.252697E-04 
3, 5.220810E-04 
11, 1.832109E-05 
5, 9.339422E-04 
7, 5.873450E-04 
7, 6.961579E-04 
4, 7.685426E-04 
14, 3.653516E-09 
11, 9.992181E-06 
8, 3.802041E-04 
8, 5.751969E-04 
1, 5.593191E-05 
3, 6.185511E-04 
15, 1.102942E-10 
5, 1.231532E-03 
10, 1.982594E-05 
9, 1.968509E-04 
3, 4.805934E-04 
7, 6.973365E-04 
8, 3.894702E-04 
8, 5.589155E-04 
3, 4.953806E-04 
8, 4.494099E-04 
4, 6.771133E-04 
10, 4.493184E-05 
7, 4.224753E-04 
9, 2.813782E-04 
15, 1.950976E-11 
5, 1.493843E-03 
10, 3.190732E-05 
7, 6.786724E-04 
8, 3.624596E-04 
9, 1.608513E-04 
4, 1.014310E-03 
1, 5.393854E-05 
9, 1.766513E-04 
3, 6.855959E-04 
1, 5.980561E-05 
9, 2.619014E-04 
6, 8.116116E-04 
4, 1.035372E-03 
14, 2.819857E-09 
12, 2.256301E-06 
8, 3.722439E-04 
1, 7.022935E-05 
6, 7.759714E-04 
12, 2.484883E-06 
11, 1.113757E-05 
3, 5.121420E-04 
8, 4.958231E-04 
8, 3.745297E-04 
5, 1.004003E-03 
6, 7.768346E-04 
8, 4.494099E-04 
5, 9.811305E-04 
10, 4.220962E-05 
5, 1.015254E-03 
1, 9.826285E-05 
7, 7.890008E-04 
4, 6.866762E-04 
15, 8.646231E-11 
12, 1.756174E-06 
1, 9.054554E-05 
12, 2.575186E-06 
10, 6.176177E-05 
10, 4.890805E-05 
6, 1.110027E-03 
4, 5.896548E-04 
11, 2.651228E-05 
4, 9.731567E-04 
13, 1.087856E-08 
9, 2.185964E-04 
5, 1.444869E-03 
9, 2.740849E-04 
3, 5.091340E-04 
4, 8.512554E-04 
9, 2.442649E-04 
6, 6.043262E-04 
1, 5.488695E-05 
4, 7.434852E-04 
6, 1.133048E-03 
5, 6.060585E-04 
9, 2.282205E-04 
6, 9.511775E-04 
2, 3.523006E-04 
11, 4.767756E-06 
12, 2.698386E-06 
7, 6.532551E-04 
7, 5.176541E-04 
13, 5.533588E-09 
12, 6.474113E-07 
7, 7.982967E-04 
2, 3.400198E-04 
3, 4.014960E-04 
7, 8.659918E-04 
7, 5.140159E-04 
6, 9.649588E-04 
11, 2.348142E-05 
5, 1.016417E-03 
2, 2.025738E-04 
8, 3.799425E-04 
5, 9.960320E-04 
1, 8.142352E-05 
6, 7.439925E-04 
14, 6.025678E-09 
1, 5.986000E-05 
6, 8.258247E-04 
9, 2.053251E-04 
6, 1.074592E-03 
2, 2.874518E-04 
15, 1.657223E-11 
8, 3.571382E-04 
15, 8.771165E-11 
9, 1.819625E-04 
11, 4.201977E-06 
15, 2.379186E-11 
8, 4.223284E-04 
15, 1.593539E-10 
14, 3.411992E-09 
10, 5.215771E-05 
12, 2.320608E-06 
10, 9.368702E-05 
7, 4.961384E-04 
11, 1.769624E-05 
8, 6.014325E-04 
4, 6.177536E-04 
5, 1.398629E-03 
11, 4.575955E-06 
14, 5.452099E-09 
9, 2.253532E-04 
8, 5.200646E-04 
4, 8.547967E-04 
5, 9.829019E-04 
12, 5.213440E-07 
14, 3.018224E-09 
14, 4.493604E-09 
6, 7.620067E-04 
6, 9.445167E-04 
8, 4.069090E-04 
2, 1.986579E-04 
3, 5.355647E-04 
3, 6.753854E-04 
1, 6.675275E-05 
7, 4.535777E-04 
2, 8.131905E-05 
11, 2.050196E-05 
5, 1.153652E-03 
15, 1.641044E-10 
3, 5.444743E-04 
14, 2.766794E-09 
4, 6.131441E-04 
2, 1.293205E-04 
8, 4.585984E-04 
4, 9.152169E-04 
11, 2.118348E-05 
14, 2.084602E-10 
9, 2.105058E-04 
15, 1.512959E-10 
15, 4.955661E-11 
12, 3.206985E-06 
14, 2.804125E-09 
14, 2.560396E-10 
10, 5.821856E-05 
12, 3.166682E-06 
12, 4.452414E-07 
1, 6.658223E-05 
5, 1.009487E-03 
7, 8.170789E-04 
7, 7.762403E-04 
10, 5.764250E-05 
14, 2.766794E-09 
2, 4.900226E-04 
12, 2.100989E-06 
1, 8.185405E-05 
12, 1.766548E-06 
7, 7.531852E-04 
12, 3.431520E-07 
13, 2.513792E-08 
9, 2.199994E-04 
3, 6.597282E-04 
6, 7.821742E-04 
4, 8.401060E-04 
2, 3.232993E-04 
6, 7.791955E-04 
12, 9.400077E-07 
12, 1.977356E-06 
4, 7.314201E-04 
4, 6.798172E-04 
9, 2.011534E-04 
5, 9.894106E-04 
1, 6.841583E-05 
11, 3.401044E-05 
3, 3.709748E-04 
7, 8.180396E-04 
8, 3.207681E-04 
3, 5.058152E-04 
8, 3.555192E-04 
6, 7.015404E-04 
11, 5.226929E-06 
4, 5.390799E-04 
5, 1.071911E-03 
5, 1.560220E-03 
14, 1.735493E-10 
12, 2.517578E-06 
9, 1.525678E-04 
14, 5.131742E-11 
11, 1.833544E-05 
6, 1.371679E-03 
14, 4.545212E-09 
3, 4.887132E-04 
8, 3.936986E-04 
7, 6.478787E-04 
14, 3.882588E-09 
6, 6.728958E-04 
5, 1.255311E-03 
9, 2.580019E-04 
11, 4.513802E-06 
8, 3.948316E-04 
5, 1.193812E-03 
5, 1.002885E-03 
8, 3.792268E-04 
9, 1.552479E-04 
7, 7.023682E-04 
2, 2.194537E-04 
6, 9.762617E-04 
6, 6.794334E-04 
12, 3.816110E-07 
9, 2.422578E-04 
12, 2.615584E-06 
1, 8.837915E-05 
15, 8.771165E-11 
14, 2.866227E-09 
11, 1.983808E-05 
15, 2.274125E-11 
13, 9.494373E-09 
2, 2.704163E-04 
15, 8.425726E-11 
12, 2.860304E-06 
9, 4.945045E-05 
13, 2.196711E-07 
6, 1.024491E-03 
11, 9.700891E-06 
4, 6.692283E-04 
11, 7.084682E-06 
2, 3.054884E-04 
14, 5.010889E-09 
14, 1.901249E-10 
14, 1.754233E-10 
5, 1.007203E-03 
6, 6.127360E-04 
8, 4.795093E-04 
12, 4.269529E-06 
9, 1.672185E-04 
7, 7.907357E-04 
1, 7.996038E-05 
9, 2.557172E-04 
1, 9.755920E-05 
6, 1.021070E-03 
15, 2.895971E-11 
9, 2.024521E-04 
4, 6.245947E-04 
15, 1.102942E-10 
7, 5.291724E-04 
5, 1.024712E-03 
2, 1.894434E-04 
1, 5.393854E-05 
4, 5.617826E-04 
12, 2.100989E-06 
3, 3.176501E-04 
5, 9.816305E-04 
14, 5.046857E-09 
13, 1.553383E-07 
7, 7.957028E-04 
5, 1.040196E-03 
9, 2.613867E-04 
11, 1.232098E-05 
13, 2.162688E-07 
15, 1.094573E-10 
6, 8.542468E-04 
7, 7.705324E-04 
7, 6.382497E-04 
5, 8.945333E-05 
12, 2.539521E-06 
5, 1.086830E-03 
14, 5.010889E-09 
3, 6.225580E-04 
11, 3.175548E-06 
11, 1.575252E-05 
2, 2.279295E-04 
5, 1.396969E-03 
9, 4.218331E-04 
6, 6.962319E-04 
7, 7.806665E-04 
6, 6.968469E-04 
11, 9.700891E-06 
8, 3.446747E-04 
8, 5.433277E-04 
15, 1.538149E-11 
4, 5.622091E-04 
14, 1.407675E-10 
10, 7.536101E-05 
6, 1.010885E-03 
6, 8.497818E-04 
3, 3.867874E-04 
4, 5.404807E-04 
8, 4.279428E-04 
4, 6.187763E-04 
11, 8.452961E-06 
8, 5.065465E-04 
9, 2.357079E-04 
2, 2.049216E-04 
9, 2.528298E-04 
15, 2.600652E-11 
9, 1.994276E-04 
14, 5.452099E-09 
2, 3.036546E-04 
4, 6.977723E-04 
2, 3.155098E-04 
6, 1.020509E-03 
6, 7.015404E-04 
7, 7.251260E-04 
3, 5.382985E-04 
9, 2.285729E-04 
1, 5.507683E-05 
2, 6.864371E-05 
14, 2.205884E-10 
12, 1.981804E-06 
9, 1.871688E-04 
14, 2.390075E-10 
11, 2.557910E-05 
4, 9.924893E-04 
15, 1.400884E-10 
4, 6.298331E-04 
1, 8.353276E-05 
3, 4.426230E-04 
15, 1.806196E-11 
6, 8.377733E-04 
9, 2.280116E-04 
7, 7.764096E-04 
9, 1.887627E-04 
6, 8.134580E-04 
11, 5.181795E-06 
4, 6.684930E-04 
9, 2.499633E-04 
11, 2.381698E-05 
11, 3.401044E-05 
9, 2.254170E-04 
5, 1.445613E-03 
14, 3.855629E-09 
2, 2.380362E-04 
13, 6.068287E-09 
15, 2.646750E-11 
3, 6.887750E-04 
4, 8.202919E-04 
5, 8.617589E-04 
11, 4.201977E-06 
8, 5.754472E-04 
6, 6.748377E-04 
6, 9.569677E-04 
7, 6.148445E-04 
2, 2.739647E-04 
9, 2.050287E-04 
7, 5.923079E-04 
11, 1.981024E-05 
15, 2.918025E-11 
8, 4.093397E-04 
11, 1.719305E-05 
12, 5.347118E-07 
3, 5.061256E-04 
3, 4.772258E-04 
5, 9.954659E-04 
13, 2.148266E-07 
12, 2.782951E-06 
7, 6.809941E-04 
4, 9.353116E-04 
13, 2.905337E-07 
7, 8.058181E-04 
15, 1.094573E-10 
4, 7.639934E-04 
14, 5.148398E-09 
6, 7.729204E-04 
9, 1.467743E-04 
15, 2.348900E-11 
11, 6.017042E-06 
14, 4.124836E-09 
11, 2.046141E-05 
15, 8.646231E-11 
10, 2.348142E-05 
5, 9.656921E-04 
12, 2.875292E-06 
9, 7.578001E-05 
12, 3.638414E-07 
6, 7.675674E-04 
1, 9.613125E-05 
11, 1.544835E-05 
11, 2.014358E-05 
3, 3.529564E-04 
3, 6.480445E-04 
11, 7.745022E-06 
5, 1.592215E-03 
9, 1.871688E-04 
14, 1.754233E-10 
15, 2.803722E-11 
4, 9.530561E-04 
6, 6.295857E-04 
3, 6.594319E-04 
1, 7.566550E-05 
5, 1.436546E-03 
1, 6.289986E-05 
12, 2.758271E-06 
2, 3.168558E-04 
7, 6.983939E-04 
14, 3.034143E-09 
12, 1.916697E-06 
11, 2.118348E-05 
3, 4.862659E-04 
13, 2.574757E-07 
15, 8.739932E-11 
10, 5.597113E-05 
4, 8.026629E-04 
14, 1.800465E-10 
2, 5.518361E-04 
11, 1.962980E-05 
11, 2.357918E-05 
6, 1.163437E-03 
1, 8.927887E-05 
4, 1.002929E-03 
8, 3.600967E-04 
6, 7.156266E-04 
3, 4.862659E-04 
10, 5.839389E-05 
13, 2.371836E-07 
4, 9.179665E-04 
13, 6.426101E-09 
3, 5.921834E-04 
3, 5.592459E-04 
13, 3.260457E-07 
4, 9.632710E-04 
7, 7.676904E-04 
14, 2.766794E-09 
15, 1.102942E-10 
13, 9.781916E-09 
15, 1.094573E-10 
10, 8.082307E-05 
4, 5.711202E-04 
6, 7.485567E-04 
8, 4.317954E-04 
5, 1.173033E-03 
12, 1.939691E-06 
11, 1.722985E-05 
15, 1.715071E-11 
13, 3.260457E-07 
6, 9.810050E-04 
9, 1.933751E-04 
13, 8.525714E-09 
11, 1.105139E-05 
3, 5.038702E-04 
12, 2.947275E-06 
13, 9.597677E-08 
4, 9.759771E-04 
12, 2.378295E-06 
14, 3.074152E-09 
6, 7.622942E-04 
4, 7.368441E-04 
15, 1.489055E-11 
10, 1.768587E-05 
10, 7.045831E-05 
4, 7.707208E-04 
1, 6.553639E-05 
9, 1.714048E-04 
5, 1.040107E-03 
10, 7.617135E-05 
10, 3.650775E-05 
2, 3.397937E-04 
12, 3.334944E-06 
8, 4.535777E-04 
15, 8.646231E-11 
1, 7.162873E-05 
8, 3.592169E-04 
8, 3.986108E-04 
9, 1.483876E-04 
6, 7.659403E-04 
15, 2.809465E-11 
11, 5.449025E-06 
9, 1.791123E-04 
4, 6.642588E-04 
14, 3.115507E-09 
15, 1.094573E-10 
7, 7.004495E-04 
11, 2.122698E-05 
3, 5.166994E-04 
3, 5.158123E-04 
12, 2.678408E-06 
7, 8.513153E-04 
13, 2.311170E-07 
15, 2.191247E-11 
2, 1.441614E-04 
1, 1.112226E-04 
15, 1.638644E-11 
5, 1.399434E-03 
11, 1.891707E-05 
9, 1.787267E-04 
3, 6.299247E-04 
12, 5.149514E-07 
10, 4.822094E-05 
10, 5.597113E-05 
15, 1.087724E-10 
6, 5.480728E-04 
5, 6.944748E-04 
3, 4.205360E-04 
5, 1.207072E-03 
6, 1.002710E-03 
1, 6.191489E-05 
15, 2.026721E-11 
12, 2.032436E-06 
14, 3.064615E-09 
15, 1.512959E-10 
15, 2.591445E-11 
4, 1.013033E-03 
8, 5.212221E-04 
15, 8.425726E-11 
6, 1.028502E-03 
14, 3.258034E-10 
6, 1.002943E-03 
15, 8.547396E-11 
3, 4.992144E-04 
13, 6.247418E-07 
15, 1.471555E-11 
9, 1.843759E-04 
13, 1.775288E-08 
4, 9.958794E-04 
12, 5.390529E-07 
11, 6.946774E-05 
4, 6.068921E-04 
5, 1.241242E-03 
14, 1.777292E-10 
4, 6.177536E-04 
3, 5.122794E-04 
4, 6.069369E-04 
7, 8.586058E-04 
14, 5.218187E-09 
8, 5.035413E-04 
9, 2.399517E-04 
7, 5.044671E-04 
12, 3.514811E-07 
11, 1.010454E-05 
12, 4.201977E-06 
15, 8.646231E-11 
13, 1.884583E-07 
1, 6.553639E-05 
5, 1.392414E-03 
3, 7.089497E-04 
4, 6.443867E-04 
5, 1.352484E-03 
1, 8.183745E-05 
2, 2.268746E-04 
14, 3.284245E-09 
13, 1.424520E-07 
2, 1.795657E-04 
1, 5.076293E-05 
10, 7.809668E-05 
7, 7.953676E-04 
2, 3.197593E-04 
8, 4.908683E-04 
13, 3.507662E-07 
9, 1.686518E-04 
6, 1.053290E-03 
14, 4.233851E-09 
5, 9.955845E-04 
7, 7.166338E-04 
2, 2.451510E-04 
9, 2.140139E-04 
7, 8.659918E-04 
11, 4.306185E-06 
4, 6.594319E-04 
11, 4.467230E-06 
6, 7.224325E-04 
9, 2.796382E-04 
10, 8.213201E-05 
4, 6.491939E-04 
3, 6.770479E-04 
13, 8.704054E-09 
8, 7.328904E-04 
10, 7.978754E-05 
13, 7.370531E-07 
2, 3.474536E-04 
13, 2.692671E-07 
7, 7.974240E-04 
13, 4.478457E-07 
2, 3.176269E-04 
3, 6.556236E-04 
1, 6.338960E-05 
11, 2.405489E-05 
13, 3.816110E-07 
3, 4.992139E-04 
1, 1.012376E-04 
2, 1.968368E-04 
9, 2.525542E-04 
12, 1.939691E-06 
4, 5.390799E-04 
14, 3.576820E-09 
8, 4.376062E-04 
5, 9.452833E-04 
7, 7.251925E-04 
6, 9.854897E-04 
11, 2.034530E-05 
13, 2.196711E-07 
13, 6.617775E-09 
3, 5.145316E-04 
5, 1.424741E-03 
5, 9.948654E-04 
3, 5.508266E-04 
5, 9.950610E-04 
6, 5.983543E-04 
15, 1.603849E-11 
9, 4.453965E-04 
5, 1.043258E-03 
13, 4.191787E-07 
5, 1.461815E-03 
8, 4.979388E-04 
13, 1.716837E-08 
5, 9.686797E-04 
15, 1.378834E-10 
1, 5.986784E-05 
9, 2.105893E-04 
8, 3.946196E-04 
2, 2.677567E-04 
1, 5.587761E-05 
2, 2.708141E-04 
6, 7.860872E-04 
10, 3.193547E-05 
6, 1.028857E-03 
7, 5.633538E-04 
9, 1.597053E-04 
10, 4.558306E-05 
8, 3.885648E-04 
14, 2.793764E-09 
14, 4.432751E-09 
13, 3.175681E-08 
7, 6.927032E-04 
13, 2.035457E-07 
15, 4.385583E-11 
3, 4.879097E-04 
14, 4.590097E-09 
4, 6.238885E-04 
6, 1.025109E-03 
8, 4.405505E-04 
7, 5.859509E-04 
5, 9.857037E-04 
10, 6.604499E-05 
11, 1.769624E-05 
2, 2.973322E-04 
3, 6.868962E-04 
11, 1.248802E-05 
12, 5.739522E-07 
9, 2.048266E-04 
7, 7.462517E-04 
13, 1.983037E-07 
1, 1.005401E-04 
11, 1.046511E-05 
12, 2.511420E-06 
5, 1.063055E-03 
15, 8.315474E-11 
7, 4.245503E-04 
11, 7.679591E-05 
6, 6.600809E-04 
6, 1.004443E-03 
8, 6.498887E-04 
2, 2.440356E-04 
6, 5.983543E-04 
2, 1.396192E-04 
2, 3.216329E-04 
3, 5.557635E-04 
6, 7.075485E-04 
7, 7.553272E-04 
2, 3.687628E-04 
1, 7.425896E-05 
3, 4.014960E-04 
10, 5.806881E-05 
6, 8.043302E-04 
15, 1.102942E-10 
13, 1.372393E-07 
3, 6.793637E-04 
14, 4.891103E-09 
13, 2.240090E-08 
2, 3.638556E-04 
15, 1.102942E-10 
9, 4.133211E-04 
1, 9.283251E-05 
2, 3.143593E-04 
2, 2.934865E-04 
10, 6.463628E-05 
12, 1.749518E-06 
15, 8.771165E-11 
11, 4.201977E-06 
5, 9.692394E-04 
12, 6.626666E-07 
7, 5.515679E-04 
7, 8.612081E-04 
3, 3.867874E-04 
3, 4.317097E-04 
13, 1.395612E-08 
14, 3.018224E-09 
11, 1.116020E-05 
3, 4.428296E-04 
4, 9.926293E-04 
14, 2.205884E-10 
7, 7.775482E-04 
7, 7.661478E-04 
2, 3.092332E-04 
6, 4.536802E-04 
9, 5.253487E-04 
3, 4.426230E-04 
5, 1.376780E-03 
15, 1.641044E-10 
10, 7.119782E-05 
8, 3.913493E-04 
15, 1.671880E-11 
3, 4.692904E-04 
11, 7.825176E-06 
10, 4.689587E-05 
11, 1.006183E-05 
8, 3.880751E-04 
13, 2.302311E-08 
8, 4.428402E-04 
10, 5.914685E-05 
15, 8.425726E-11 
15, 8.771165E-11 
13, 2.295057E-07 
1, 6.241022E-05 
9, 1.930494E-04 
10, 3.967616E-05 
4, 6.953994E-04 
8, 7.489200E-04 
3, 4.017854E-04 
6, 6.127360E-04 
14, 4.063879E-09 
9, 5.578552E-05 
1, 7.076995E-05 
11, 4.002706E-06 
5, 1.023275E-03 
3, 6.650468E-04 
7, 7.916171E-04 
6, 7.398437E-04 
1, 6.276660E-05 
5, 9.476976E-04 
12, 1.756174E-06 
6, 8.261739E-04 
3, 6.813016E-04 
7, 5.433838E-04 
13, 6.916701E-07 
8, 4.365756E-04 
4, 8.702660E-04 
1, 8.868134E-05 
8, 4.947723E-04 
11, 2.537017E-05 
11, 1.600132E-05 
4, 7.039098E-04 
9, 1.720098E-04 
14, 2.852213E-09 
13, 1.430525E-07 
9, 1.836142E-04 
13, 1.001944E-08 
9, 1.601413E-04 
10, 9.195521E-05 
6, 7.347669E-04 
9, 1.887531E-04 
9, 1.668811E-04 
6, 5.971654E-04 
7, 8.178623E-04 
7, 6.197106E-04 
9, 1.890643E-04 
1, 1.441614E-04 
9, 2.585550E-04 
13, 8.723358E-08 
4, 8.604193E-04 
14, 1.822430E-10 
13, 3.571410E-08 
9, 1.953377E-04 
12, 4.201977E-06 
5, 9.370376E-04 
1, 6.631531E-05 
5, 1.265931E-03 
1, 6.108895E-05 
5, 7.152868E-04 
7, 4.799052E-04 
3, 6.857140E-04 
11, 7.322096E-06 
9, 3.687233E-04 
8, 6.209436E-04 
14, 3.025917E-10 
14, 2.452012E-10 
5, 1.016690E-03 
6, 7.890881E-04 
6, 6.488656E-04 
11, 3.620314E-06 
8, 3.847391E-04 
9, 1.237478E-04 
15, 8.771165E-11 
14, 5.182749E-09 
3, 5.335323E-04 
7, 4.972711E-04 
3, 5.984118E-04 
12, 2.978232E-06 
12, 9.121285E-07 
1, 9.219070E-05 
11, 2.368559E-05 
5, 1.438228E-03 
5, 1.090338E-03 
15, 2.019083E-11 
7, 8.212032E-04 
1, 5.076293E-05 
15, 1.997588E-11 
9, 2.399517E-04 
14, 2.847119E-09 
2, 3.238832E-04 
8, 5.878116E-04 
2, 1.761317E-04 
12, 2.758271E-06 
4, 7.375046E-04 
1, 2.487303E-04 
11, 2.081805E-05 
11, 3.218146E-06 
12, 2.302231E-06 
9, 1.826727E-04 
1, 5.507683E-05 
3, 4.791017E-04 
9, 1.656032E-04 
3, 6.431941E-04 
10, 3.874716E-05 
9, 2.044839E-04 
13, 2.751534E-07 
1, 5.986000E-05 
13, 2.696751E-07 
7, 7.274917E-04 
5, 1.356815E-03 
13, 3.638414E-07 
6, 5.950661E-04 
10, 6.179130E-05 
14, 5.533588E-09 
13, 1.683818E-07 
15, 8.646231E-11 
2, 2.757980E-04 
7, 6.115808E-04 
5, 1.008301E-03 
2, 2.515518E-04 
9, 5.204101E-04 
10, 5.085376E-05 
11, 7.328314E-06 
6, 4.695463E-04 
12, 2.877964E-06 
14, 5.452099E-09 
14, 2.881175E-09 
9, 2.091188E-04 
14, 3.414550E-09 
11, 2.545645E-05 
7, 6.626704E-04 
4, 9.465132E-04 
13, 1.618028E-07 
11, 4.702152E-06 
4, 9.865070E-04 
2, 1.912334E-04 
15, 8.646231E-11 
5, 1.446441E-03 
15, 2.203492E-11 
4, 8.724944E-04 
4, 1.010306E-03 
9, 2.469653E-04 
5, 8.340095E-04 
2, 9.753168E-05 
1, 8.097499E-05 
8, 5.878116E-04 
7, 7.131584E-04 
5, 1.448088E-03 
9, 2.057373E-04 
4, 6.183200E-04 
15, 2.324421E-11 
9, 2.391240E-04 
13, 6.668206E-07 
3, 6.494614E-04 
9, 2.457745E-04 
11, 4.537563E-06 
2, 2.101109E-04 
12, 2.100989E-06 
10, 9.522902E-05 
11, 1.600132E-05 
5, 1.049024E-03 
1, 6.950794E-05 
5, 1.078846E-03 
8, 4.304313E-04 
13, 2.574757E-07 
9, 5.390173E-05 
12, 8.354081E-07 
15, 1.102942E-10 
13, 1.616589E-07 
10, 7.431270E-05 
8, 4.355010E-04 
2, 2.258359E-04 
4, 5.660462E-04 
12, 2.818883E-06 
9, 2.145680E-04 
9, 2.194002E-04 
8, 3.945939E-04 
7, 6.932185E-04 
10, 6.134696E-05 
4, 7.178802E-04 
7, 7.396080E-04 
7, 7.505010E-04 
14, 1.754233E-10 
13, 2.260137E-07 
2, 2.497887E-04 
2, 3.503910E-04 
14, 5.533588E-09 
7, 5.621011E-04 
6, 1.204544E-03 
4, 1.007685E-03 
1, 9.262427E-05 
12, 2.411205E-06 
11, 1.118908E-05 
15, 2.244581E-11 
5, 1.000086E-03 
2, 2.802018E-04 
7, 6.123649E-04 
10, 6.599921E-05 
10, 5.193612E-05 
14, 4.041810E-09 
8, 4.119536E-04 
3, 5.544215E-04 
1, 7.804808E-05 
1, 5.405188E-05 
15, 6.959461E-11 
13, 9.356771E-08 
12, 1.345363E-06 
9, 2.223398E-04 
1, 7.287769E-05 
6, 9.812987E-04 
7, 4.414866E-04 
13, 1.951901E-08 
2, 3.093968E-04 
12, 2.914633E-06 
1, 6.991706E-05 
13, 1.104984E-08 
13, 9.418601E-08 
8, 4.161378E-04 
12, 8.114983E-07 
10, 4.376823E-05 
13, 2.191741E-07 
12, 9.424616E-07 
6, 8.276673E-04 
15, 1.512959E-10 
13, 1.743261E-07 
9, 1.633146E-04 
13, 1.946326E-07 
10, 6.139007E-05 
11, 3.748264E-06 
11, 1.843147E-05 
2, 2.446532E-04 
12, 8.287901E-07 
15, 8.646231E-11 
6, 6.197106E-04 
3, 6.994232E-04 
9, 1.998136E-04 
8, 3.693340E-04 
7, 7.850773E-04 
2, 3.302797E-04 
8, 3.897389E-04 
11, 2.462301E-05 
8, 4.182459E-04 
7, 6.669147E-04 
12, 1.614269E-06 
15, 1.821829E-11 
8, 3.687943E-04 
10, 4.740688E-05 
11, 2.145077E-05 
13, 2.216720E-07 
15, 1.625774E-11 
6, 7.593606E-04 
8, 6.263506E-04 
12, 1.853724E-06 
10, 1.716872E-05 
5, 1.189660E-03 
6, 7.993167E-04 
14, 3.882588E-09 
3, 5.095113E-04 
7, 5.025272E-04 
12, 8.486023E-07 
12, 1.808553E-06 
3, 4.715627E-04 
12, 2.100989E-06 
11, 1.848618E-05 
15, 1.255308E-10 
11, 5.702809E-06 
3, 4.180358E-04 
13, 1.430525E-07 
5, 1.175537E-03 
14, 3.198104E-10 
5, 1.501978E-03 
4, 6.771144E-04 
13, 1.022831E-08 
13, 3.113106E-07 
11, 2.537017E-05 
12, 2.132340E-06 
13, 1.648907E-07 
14, 5.452099E-09 
14, 2.667702E-10 
15, 1.535140E-11 
1, 5.180824E-05 
7, 6.010664E-04 
3, 3.937067E-04 
2, 1.717885E-04 
10, 2.428228E-05 
14, 3.148564E-09 
11, 2.116079E-05 
15, 1.460271E-11 
14, 1.741740E-10 
6, 7.522993E-04 
15, 8.771165E-11 
14, 4.747186E-09 
7, 4.999266E-04 
13, 5.593877E-09 
1, 1.704011E-04 
13, 9.410838E-09 
4, 9.918240E-04 
4, 6.308027E-04 
14, 4.932998E-09 
10, 5.367890E-05 
14, 4.346086E-09 
2, 3.553465E-04 
3, 4.921889E-04 
7, 6.862991E-04 
13, 3.977845E-08 
8, 5.149428E-04 
9, 2.456575E-04 
11, 3.844577E-06 
9, 1.953145E-04 
4, 5.230727E-04 
1, 9.634086E-05 
13, 1.584363E-07 
2, 3.023136E-04 
1, 6.988234E-05 
4, 7.416664E-04 
11, 4.130586E-06 
1, 7.480011E-05 
3, 6.238086E-04 
9, 1.648019E-04 
2, 2.831088E-04 
14, 1.378307E-08 
5, 1.005356E-03 
5, 9.761694E-04 
14, 1.819057E-10 
14, 5.180177E-09 
10, 8.172847E-05 
9, 1.717245E-04 
12, 6.637895E-07 
12, 5.693626E-07 
7, 7.449973E-04 
3, 6.288836E-04 
7, 4.721023E-04 
1, 7.274287E-05 
5, 9.339422E-04 
2, 2.132233E-04 
3, 6.520089E-04 
8, 4.030046E-04 
1, 7.817406E-05 
8, 5.576365E-04 
9, 2.515071E-04 
13, 9.366254E-09 
13, 5.524285E-08 
1, 9.063481E-05 
2, 2.934539E-04 
14, 2.831994E-10 
5, 1.496919E-03 
8, 4.082329E-04 
5, 1.401057E-03 
8, 4.041073E-04 
12, 1.982869E-06 
13, 1.290613E-07 
1, 5.261966E-05 
11, 7.812192E-06 
13, 4.191787E-07 
15, 2.817868E-11 
15, 1.102942E-10 
2, 2.431048E-04 
15, 8.646231E-11 
12, 2.692671E-07 
14, 2.852213E-09 
11, 1.790938E-05 
4, 5.615579E-04 
8, 3.207681E-04 
10, 7.045831E-05 
3, 6.448403E-04 
2, 2.765590E-04 
12, 2.317540E-06 
11, 1.877219E-05 
3, 4.732669E-04 
6, 7.178802E-04 
4, 7.074892E-04 
4, 1.003513E-03 
7, 6.748245E-04 
1, 6.316748E-05 
6, 9.850008E-04 
4, 9.462592E-04 
6, 9.673652E-04 
12, 6.877162E-07 
2, 2.562480E-04 
10, 6.796258E-05 
6, 6.351613E-04 
11, 2.863501E-05 
11, 1.977691E-05 
13, 3.369500E-07 
14, 4.747186E-09 
6, 8.482393E-04 
14, 3.115507E-09 
12, 2.574757E-07 
9, 1.807598E-04 
5, 1.070859E-03 
13, 8.329716E-08 
6, 7.232299E-04 
1, 9.100846E-05 
9, 2.119124E-04 
11, 3.632372E-06 
9, 1.814895E-04 
1, 5.467931E-05 
10, 5.165948E-05 
2, 1.912334E-04 
13, 1.562481E-07 
10, 4.639033E-05 
9, 1.500739E-04 
7, 6.517839E-04 
7, 7.258880E-04 
7, 5.426019E-04 
5, 1.347532E-03 
10, 5.806881E-05 
3, 6.842361E-04 
14, 3.019790E-09 
2, 2.341133E-04 
10, 6.113291E-05 
6, 7.989806E-04 
1, 5.388978E-05 
11, 1.430756E-05 
9, 2.303870E-04 
10, 8.591149E-05 
3, 1.930595E-04 
10, 8.247403E-05 
12, 8.228519E-07 
13, 9.370961E-09 
11, 2.046141E-05 
1, 5.653764E-05 
2, 4.049237E-04 
11, 2.293557E-05 
6, 7.325429E-04 
8, 4.730666E-04 
8, 8.288204E-04 
1, 5.508591E-05 
5, 1.030715E-03 
2, 2.431048E-04 
2, 2.368873E-04 
4, 8.795454E-04 
2, 2.155047E-04 
8, 3.692785E-04 
11, 3.513182E-06 
12, 2.509642E-06 
11, 4.373670E-06 
9, 2.311833E-04 
10, 1.779676E-05 
1, 6.230299E-05 
5, 1.041748E-03 
10, 8.354007E-05 
8, 3.647805E-04 
11, 1.146995E-05 
3, 5.172745E-04 
10, 7.925610E-05 
15, 2.693727E-11 
5, 1.254635E-03 
5, 1.321214E-03 
6, 7.920605E-04 
2, 9.280986E-05 
14, 4.352027E-09 
13, 1.372393E-07 
13, 1.754233E-10 
4, 9.008628E-04 
1, 5.987568E-05 
7, 6.937016E-04 
7, 7.527339E-04 
12, 1.831566E-06 
11, 2.459353E-05 
7, 8.097551E-04 
3, 4.326008E-04 
7, 7.525931E-04 
5, 1.350900E-03 
7, 3.428189E-04 
5, 9.656921E-04 
6, 7.399593E-04 
13, 1.090420E-08 
13, 1.280808E-08 
15, 1.102942E-10 
13, 3.695070E-07 
14, 2.084602E-10 
11, 5.092887E-06 
8, 4.612740E-04 
11, 5.678337E-06 
13, 2.479065E-07 
4, 5.670249E-04 
12, 2.747675E-07 
7, 4.499883E-04 
1, 9.258896E-05 
8, 3.342728E-04 
6, 9.733192E-04 
7, 7.903406E-04 
10, 5.265580E-05 
9, 1.541396E-04 
11, 1.570299E-05 
10, 8.247403E-05 
7, 8.143885E-04 
14, 5.251341E-09 
5, 1.152604E-03 
5, 1.212262E-03 
8, 3.722706E-04 
2, 2.497887E-04 
6, 6.666289E-04 
7, 6.323893E-04 
13, 1.448896E-08 
12, 2.100989E-06 
11, 2.440761E-05 
2, 2.202286E-04 
15, 1.471555E-11 
8, 3.711185E-04 
4, 5.507997E-04 
6, 7.392745E-04 
8, 6.238657E-04 
5, 1.014430E-03 
5, 9.486100E-04 
13, 2.673559E-07 
6, 9.745803E-04 
10, 5.914685E-05 
1, 9.613125E-05 
14, 4.207316E-09 
11, 2.293557E-05 
10, 5.477329E-05 
3, 6.613908E-04 
12, 4.986749E-07 
3, 2.210906E-04 
14, 3.882164E-09 
11, 1.323947E-05 
12, 2.220023E-06 
8, 3.646719E-04 
8, 5.426019E-04 
2, 3.672045E-04 
8, 3.895913E-04 
11, 1.923711E-05 
12, 3.467540E-06 
15, 8.646231E-11 
14, 3.019790E-09 
12, 1.639983E-06 
1, 5.246300E-05 
8, 5.448855E-04 
7, 5.643716E-04 
9, 2.135804E-04 
6, 7.610714E-04 
11, 1.702308E-05 
15, 8.547396E-11 
10, 5.193612E-05 
8, 6.218401E-05 
1, 6.826067E-05 
3, 4.903021E-04 
3, 5.220810E-04 
12, 1.705767E-06 
6, 9.335345E-04 
11, 4.349045E-06 
4, 6.306591E-04 
4, 9.259023E-04 
3, 6.373156E-04 
7, 7.584389E-04 
5, 1.403145E-03 
15, 8.771165E-11 
11, 1.444995E-05 
2, 2.693547E-04 
9, 2.029293E-04 
7, 8.252697E-04 
11, 1.253669E-05 
3, 6.352527E-04 
1, 7.211963E-05 
4, 9.664909E-04 
6, 1.121369E-03 
10, 8.543743E-05 
4, 7.112035E-04 
5, 1.548235E-03 
2, 2.367435E-04 
9, 1.893518E-04 
2, 2.422899E-04 
4, 5.290127E-04 
15, 2.012403E-11 
13, 1.602074E-07 
12, 2.800373E-06 
5, 1.265210E-03 
9, 1.878410E-04 
13, 8.973201E-08 
1, 8.609828E-05 
11, 1.981024E-05 
4, 6.907893E-04 
4, 9.025058E-04 
12, 2.322198E-06 
7, 6.084837E-04 
7, 8.096477E-04 
9, 2.381497E-04 
3, 6.321126E-04 
4, 1.010784E-03 
8, 5.302076E-04 
5, 9.446620E-04 
5, 9.831084E-04 
10, 7.380653E-05 
10, 8.596678E-05 
5, 1.216112E-03 
11, 1.308779E-05 
9, 1.564896E-04 
4, 6.539551E-04 
5, 1.117995E-03 
12, 1.808553E-06 
8, 2.178732E-04 
13, 1.224179E-07 
13, 1.683818E-07 
14, 3.882588E-09 
6, 5.774842E-04 
12, 2.854667E-06 
5, 1.198440E-03 
8, 4.517045E-04 
11, 2.122698E-05 
2, 5.437814E-04 
15, 1.641044E-10 
6, 9.528547E-04 
6, 7.998623E-04 
2, 2.919406E-04 
13, 2.020535E-07 
11, 2.190166E-05 
3, 6.598962E-04 
10, 5.556658E-05 
5, 1.578797E-03 
8, 4.038712E-04 
7, 7.770204E-04 
4, 1.010904E-03 
11, 1.587098E-05 
14, 3.189573E-09 
14, 5.551905E-10 
14, 3.557823E-09 
3, 3.568660E-04 
13, 2.318206E-07 
12, 6.619829E-07 
6, 5.950661E-04 
8, 3.858762E-04 
6, 6.621568E-04 
9, 1.843024E-04 
5, 9.873953E-04 
10, 6.136208E-05 
13, 3.863811E-07 
6, 6.638087E-04 
4, 6.649533E-04 
15, 1.859899E-11 
4, 1.002869E-03 
6, 8.006001E-04 
14, 5.452099E-09 
1, 8.120475E-05 
4, 9.809116E-04 
1, 5.854014E-05 
14, 2.800113E-09 
14, 4.352027E-09 
1, 9.219070E-05 
2, 3.070696E-04 
14, 3.282088E-10 
12, 5.727075E-07 
8, 4.217421E-04 
7, 5.928608E-04 
5, 1.141181E-03 
6, 6.870685E-04 
10, 2.002602E-05 
7, 7.650667E-04 
8, 4.074206E-04 
1, 6.927251E-05 
15, 1.199169E-10 
14, 2.053318E-10 
2, 1.409856E-04 
9, 2.359793E-04 
10, 2.254359E-05 
5, 1.283482E-03 
5, 1.410563E-03 
5, 1.014138E-03 
2, 2.452130E-04 
2, 2.519629E-04 
4, 5.404807E-04 
14, 2.800113E-09 
12, 2.573692E-06 
12, 2.774200E-06 
5, 1.122192E-03 
9, 1.734866E-04 
15, 8.695567E-11 
8, 3.876031E-04 
3, 6.394851E-04 
15, 1.867543E-11 
15, 1.458234E-11 
3, 5.507997E-04 
10, 8.756256E-05 
1, 8.071301E-05 
13, 3.113106E-07 
8, 4.993666E-04 
1, 8.868134E-05 
3, 6.437848E-04 
9, 1.656507E-04 
4, 7.020573E-04 
8, 5.572727E-04 
1, 6.472700E-05 
4, 5.660462E-04 
12, 5.385342E-07 
10, 4.525496E-05 
8, 3.815104E-04 
1, 5.614669E-05 
7, 4.618010E-04 
5, 9.627068E-04 
3, 4.879592E-04 
4, 9.347505E-04 
12, 3.738967E-06 
14, 2.847119E-09 
10, 6.347701E-05 
11, 6.047367E-06 
8, 4.620274E-04 
2, 3.216329E-04 
7, 5.194629E-04 
13, 9.240363E-09 
9, 3.495862E-04 
9, 2.504721E-04 
15, 8.646231E-11 
7, 7.387628E-04 
5, 8.689731E-04 
13, 1.648907E-07 
14, 3.074152E-09 
10, 5.066933E-05 
2, 3.414751E-04 
8, 4.835650E-04 
6, 9.771019E-04 
9, 1.633426E-04 
2, 3.059622E-04 
7, 7.262980E-04 
13, 7.949437E-09 
11, 1.196417E-05 
4, 6.636920E-04 
11, 1.983808E-05 
2, 2.597506E-04 
7, 4.496868E-04 
6, 6.982400E-04 
3, 6.753856E-04 
5, 9.804787E-04 
3, 5.399687E-04 
4, 5.542521E-04 
7, 7.869066E-04 
7, 6.904607E-04 
3, 5.513429E-04 
10, 5.159685E-05 
3, 6.979101E-04 
2, 2.498199E-04 
1, 6.603326E-05 
2, 3.202653E-04 
3, 4.326008E-04 
4, 7.941735E-04 
6, 9.922530E-04 
11, 1.186754E-05 
8, 5.669357E-04 
12, 2.638919E-06 
13, 2.148266E-07 
11, 5.496844E-06 
4, 9.941866E-04 
9, 1.657268E-04 
2, 1.454682E-04 
6, 9.740310E-04 
5, 1.012651E-03 
1, 6.864371E-05 
9, 2.474915E-04 
13, 6.178786E-09 
8, 4.671655E-04 
8, 4.314758E-04 
5, 1.026380E-03 
12, 2.723107E-06 
6, 6.768324E-04 
15, 8.646231E-11 
2, 1.930595E-04 
8, 3.802997E-04 
14, 2.941397E-09 
13, 1.795839E-07 
1, 8.185405E-05 
13, 5.533588E-09 
14, 3.501515E-09 
4, 8.000416E-04 
14, 4.578988E-09 
15, 1.139000E-10 
15, 1.154747E-10 
13, 1.009184E-07 
14, 4.516530E-09 
13, 1.133652E-08 
1, 5.180824E-05 
1, 1.568642E-04 
5, 1.010103E-03 
13, 3.313291E-09 
4, 8.033290E-04 
3, 6.444961E-04 
10, 9.195521E-05 
11, 3.783771E-06 
15, 5.274868E-11 
6, 7.732835E-04 
15, 1.255308E-10 
14, 3.034143E-09 
9, 2.357079E-04 
10, 1.444995E-05 
1, 7.770590E-05 
3, 4.178254E-04 
14, 2.766794E-09 
5, 1.004889E-03 
6, 1.014853E-03 
12, 2.978232E-06 
12, 2.978232E-06 
5, 9.116059E-04 
9, 2.378798E-04 
5, 1.005346E-03 
4, 5.230727E-04 
14, 1.754549E-10 
3, 6.782394E-04 
3, 4.344218E-04 
5, 1.173717E-03 
9, 1.654158E-04 
13, 1.445881E-07 
10, 6.218401E-05 
14, 3.064615E-09 
7, 6.776210E-04 
12, 5.563445E-06 
7, 8.155429E-04 
10, 7.070352E-05 
3, 3.888786E-04 
3, 6.842361E-04 
2, 2.486559E-04 
9, 2.368078E-04 
8, 4.042851E-04 
9, 1.681471E-04 
4, 8.260911E-04 
9, 2.130933E-04 
6, 5.298761E-04 
13, 9.664601E-09 
15, 2.456845E-11 
10, 5.193612E-05 
11, 1.543021E-05 
11, 1.959893E-05 
2, 2.482882E-04 
14, 4.244510E-09 
6, 6.010664E-04 
3, 4.180358E-04 
13, 2.574757E-07 
12, 2.615584E-06 
2, 3.291643E-04 
15, 6.552793E-11 
14, 1.447159E-10 
1, 8.586914E-05 
4, 1.028743E-03 
10, 6.673368E-05 
10, 3.595628E-05 
9, 3.571824E-04 
12, 3.148517E-06 
1, 8.586914E-05 
1, 8.832013E-05 
15, 1.512959E-10 
10, 9.661163E-05 
14, 2.205884E-10 
8, 5.208110E-04 
2, 2.227575E-04 
4, 1.005739E-03 
7, 5.752227E-04 
12, 1.901086E-06 
7, 3.428189E-04 
4, 8.353919E-04 
13, 6.169619E-09 
15, 9.064616E-11 
15, 6.552793E-11 
13, 1.861395E-07 
4, 5.496590E-04 
10, 3.119492E-06 
7, 5.469081E-04 
12, 1.963446E-06 
1, 6.179481E-05 
3, 3.815718E-04 
11, 4.539737E-06 
15, 8.646231E-11 
1, 6.216335E-05 
2, 1.875843E-04 
2, 3.707603E-04 
3, 3.676558E-04 
3, 5.615579E-04 
2, 2.216992E-04 
2, 1.636749E-04 
2, 1.112226E-04 
1, 8.376211E-05 
1, 8.128353E-05 
2, 3.176269E-04 
2, 3.116141E-04 
4, 7.368441E-04 
4, 7.085913E-04 
2, 3.400198E-04 
2, 3.034746E-04 
3, 4.994128E-04 
5, 8.383640E-04 
5, 8.340095E-04 
7, 4.536802E-04 
7, 4.399041E-04 
10, 9.208683E-05 
10, 5.055951E-05 
10, 5.032663E-05 
9, 4.945045E-05 
10, 2.420817E-05 
11, 1.067959E-05 
10, 1.210408E-05 
10, 1.210408E-05 
11, 5.447924E-07 
15, 1.501989E-10 
14, 1.199169E-10 
15, 8.370600E-11 
15, 8.315474E-11 
