6, 9.292912E-04 
11, 1.728937E-07 
10, 7.230067E-06 
4, 9.975196E-04 
2, 3.675229E-04 
11, 1.286374E-06 
12, 1.140649E-09 
8, 1.964032E-04 
9, 4.211812E-05 
10, 7.549536E-06 
4, 1.040747E-03 
6, 9.660456E-04 
2, 4.565147E-04 
11, 2.387983E-09 
6, 1.215808E-03 
4, 6.923721E-04 
4, 8.773637E-04 
6, 7.127113E-04 
7, 5.627159E-04 
3, 6.468658E-04 
12, 5.584991E-08 
10, 1.047833E-05 
9, 1.000496E-04 
10, 3.312932E-06 
11, 8.976220E-07 
8, 1.911673E-04 
4, 1.489441E-03 
9, 4.076600E-05 
12, 2.684678E-09 
10, 2.763306E-06 
9, 4.415616E-05 
10, 7.920976E-06 
3, 5.117482E-04 
10, 1.158109E-05 
13, 1.559459E-09 
8, 1.924365E-04 
12, 3.227989E-08 
2, 2.777008E-04 
12, 3.165921E-08 
4, 9.174021E-04 
7, 4.076540E-04 
7, 1.395019E-04 
6, 1.072181E-03 
7, 3.855367E-04 
5, 1.056093E-03 
6, 7.143072E-04 
8, 1.314429E-04 
7, 5.691327E-04 
4, 7.745922E-04 
1, 5.718129E-05 
7, 4.262569E-04 
13, 1.102496E-09 
10, 9.387589E-06 
8, 1.286422E-04 
11, 1.079708E-06 
7, 4.591732E-04 
12, 2.387983E-09 
11, 1.190407E-06 
5, 1.279478E-03 
3, 4.121829E-04 
2, 4.654910E-04 
11, 8.957735E-07 
7, 3.065168E-04 
4, 7.869299E-04 
7, 1.998026E-04 
2, 2.421970E-04 
11, 1.420641E-06 
2, 4.802140E-04 
10, 3.854859E-05 
8, 1.311740E-04 
4, 7.808425E-04 
9, 4.597518E-05 
4, 1.090112E-03 
13, 1.617406E-09 
6, 1.147860E-03 
6, 8.667269E-04 
7, 4.375827E-04 
8, 1.903340E-04 
9, 3.342802E-05 
9, 5.189253E-05 
3, 7.667338E-04 
4, 1.013643E-03 
9, 6.755983E-05 
3, 6.811088E-04 
9, 9.579097E-05 
7, 4.682369E-04 
9, 5.024315E-05 
12, 3.313131E-08 
10, 6.384194E-06 
8, 1.572701E-04 
4, 9.163790E-04 
1, 9.870021E-05 
12, 5.037044E-09 
6, 1.093621E-03 
5, 1.155977E-03 
3, 6.980617E-04 
1, 9.922551E-05 
6, 3.044872E-04 
7, 5.145351E-04 
1, 8.384579E-05 
10, 1.003328E-05 
7, 4.836670E-04 
7, 5.684815E-04 
6, 9.661553E-04 
2, 3.810604E-04 
12, 3.680975E-08 
3, 9.078270E-04 
11, 1.978076E-06 
11, 1.163310E-06 
4, 9.171213E-04 
6, 1.047056E-03 
5, 1.070123E-03 
6, 6.565278E-04 
2, 4.058513E-04 
6, 7.656632E-04 
4, 9.198606E-04 
7, 3.288002E-04 
10, 9.692605E-06 
10, 1.233777E-05 
7, 2.088504E-04 
1, 9.473559E-05 
10, 3.807905E-06 
2, 3.750829E-04 
4, 8.755262E-04 
12, 5.128470E-08 
9, 3.291309E-05 
8, 8.073428E-05 
8, 1.388163E-04 
1, 8.374587E-05 
8, 1.968013E-04 
10, 1.298402E-05 
3, 4.683316E-04 
3, 7.116360E-04 
13, 1.730968E-09 
7, 5.111195E-04 
8, 1.096134E-04 
11, 1.410654E-06 
3, 9.065666E-04 
10, 4.927178E-06 
3, 6.106262E-04 
4, 1.090112E-03 
6, 7.452422E-04 
10, 5.401454E-06 
13, 1.675893E-09 
7, 3.056738E-04 
9, 6.250435E-05 
6, 1.328050E-03 
9, 6.779511E-05 
12, 5.575199E-08 
2, 4.580611E-04 
1, 8.060505E-05 
4, 9.953654E-04 
13, 1.147752E-09 
2, 4.536675E-04 
8, 1.649543E-04 
9, 5.556767E-05 
1, 5.893510E-05 
2, 8.206515E-05 
6, 7.092976E-04 
7, 4.736321E-04 
1, 8.833625E-05 
9, 5.799998E-05 
13, 1.367818E-09 
9, 7.394917E-05 
7, 4.850293E-04 
1, 1.174081E-04 
4, 9.343408E-04 
6, 1.042363E-03 
13, 1.655154E-09 
9, 4.541718E-05 
8, 1.892481E-04 
6, 1.006841E-03 
3, 8.687441E-04 
7, 5.381545E-04 
12, 3.234813E-09 
12, 4.004722E-08 
11, 1.062227E-06 
13, 1.709137E-09 
1, 9.985117E-05 
13, 1.526394E-09 
10, 4.672191E-06 
13, 1.147752E-09 
8, 1.498822E-04 
13, 1.795062E-09 
2, 4.498602E-04 
13, 1.147752E-09 
6, 7.673832E-04 
4, 8.017696E-04 
11, 1.217044E-06 
11, 7.049369E-08 
6, 8.154643E-04 
3, 8.711840E-04 
6, 1.195087E-03 
10, 1.859151E-05 
4, 1.077579E-03 
9, 7.890990E-05 
6, 7.751254E-04 
3, 9.714314E-04 
4, 8.077015E-04 
1, 9.306001E-05 
12, 4.490409E-09 
1, 6.216203E-05 
6, 3.864631E-04 
1, 7.011602E-05 
13, 1.120193E-09 
5, 9.813900E-04 
13, 1.539639E-09 
1, 9.573876E-05 
5, 1.468029E-03 
7, 4.854021E-04 
1, 6.163223E-05 
11, 1.274974E-06 
9, 8.886048E-05 
11, 1.046227E-07 
5, 1.177090E-03 
10, 2.833603E-05 
2, 2.659099E-04 
5, 1.035906E-03 
5, 1.022122E-03 
1, 6.472743E-05 
10, 1.145076E-05 
2, 3.659346E-04 
7, 4.528967E-04 
4, 7.745922E-04 
2, 3.183786E-04 
10, 1.047833E-05 
6, 1.114081E-03 
13, 1.524437E-09 
7, 8.884877E-04 
11, 1.022038E-06 
7, 6.714373E-04 
13, 1.206053E-09 
9, 6.834057E-05 
11, 1.102028E-07 
2, 2.996501E-04 
9, 6.834611E-05 
7, 5.061177E-04 
7, 3.358383E-04 
10, 8.584301E-06 
12, 5.114068E-08 
8, 1.200202E-04 
9, 3.929653E-05 
4, 9.741467E-04 
5, 1.070872E-03 
7, 1.224043E-04 
5, 1.382925E-03 
5, 1.033185E-03 
13, 1.086533E-09 
10, 1.425514E-05 
5, 1.034556E-03 
10, 1.092398E-05 
8, 1.467831E-04 
9, 4.552800E-05 
9, 1.155149E-05 
8, 1.114751E-04 
13, 1.147657E-09 
10, 4.712389E-06 
8, 1.212528E-04 
8, 1.843485E-04 
9, 8.958116E-05 
13, 1.507636E-09 
2, 4.559546E-04 
2, 2.659099E-04 
4, 8.393583E-04 
12, 3.524422E-08 
2, 4.196966E-04 
4, 8.374815E-04 
7, 4.563070E-04 
3, 8.628687E-04 
1, 1.062272E-04 
2, 4.760252E-04 
5, 1.726841E-03 
1, 6.163223E-05 
10, 9.408576E-06 
1, 6.663452E-05 
13, 1.718338E-09 
12, 4.814267E-08 
8, 1.606338E-04 
1, 9.592492E-05 
11, 2.117956E-07 
1, 6.605199E-05 
13, 1.927199E-09 
8, 1.090299E-04 
2, 3.552642E-04 
6, 9.495136E-04 
5, 1.577356E-03 
8, 1.359036E-04 
1, 9.955640E-05 
2, 2.940092E-04 
3, 6.518903E-04 
8, 1.838224E-04 
5, 8.512376E-04 
7, 3.087083E-04 
9, 5.314371E-05 
7, 4.368099E-04 
2, 4.034820E-04 
9, 5.517075E-05 
10, 8.476957E-06 
10, 5.282795E-06 
10, 9.629803E-06 
2, 3.193239E-04 
11, 1.829217E-07 
3, 6.417845E-04 
5, 1.482446E-03 
1, 6.734281E-05 
12, 5.361115E-08 
6, 9.970536E-04 
7, 5.734218E-04 
11, 8.559343E-08 
13, 1.608514E-09 
9, 7.302007E-05 
6, 1.083377E-03 
4, 7.197522E-04 
8, 1.630380E-04 
5, 1.006841E-03 
8, 1.398851E-04 
11, 4.891374E-07 
5, 1.484150E-03 
4, 7.541468E-04 
8, 1.330818E-04 
3, 7.438152E-04 
8, 1.309738E-04 
13, 1.091479E-09 
2, 4.965434E-04 
3, 8.222728E-04 
7, 3.938458E-04 
13, 1.539639E-09 
1, 1.092651E-04 
6, 7.352557E-04 
4, 9.790090E-04 
13, 1.863106E-09 
11, 8.189437E-07 
7, 4.781273E-04 
11, 1.169097E-06 
1, 7.160780E-05 
4, 1.149533E-03 
2, 3.810604E-04 
4, 7.377338E-04 
11, 1.022038E-06 
8, 1.625925E-04 
13, 1.571409E-09 
7, 3.917095E-04 
10, 1.365619E-05 
11, 1.302208E-06 
11, 7.302750E-08 
12, 3.524422E-08 
1, 8.767715E-05 
2, 4.965434E-04 
2, 3.971927E-04 
11, 1.427112E-06 
11, 9.212360E-07 
7, 3.081991E-04 
1, 6.163223E-05 
8, 1.132021E-04 
9, 4.853134E-05 
11, 1.445867E-06 
12, 5.641259E-09 
5, 1.698727E-03 
6, 1.081741E-03 
11, 2.028619E-07 
10, 1.124964E-05 
11, 1.817904E-06 
9, 9.019896E-05 
5, 1.060051E-03 
6, 8.004099E-04 
12, 2.713137E-09 
1, 9.123070E-05 
3, 7.677031E-04 
11, 1.452082E-06 
5, 1.348726E-03 
5, 1.611056E-03 
6, 1.064143E-03 
6, 1.009142E-03 
5, 1.189408E-03 
11, 8.420258E-07 
2, 4.027114E-04 
6, 1.007796E-03 
9, 8.846079E-05 
8, 1.166457E-04 
9, 6.170850E-05 
6, 7.994210E-04 
12, 5.394274E-08 
13, 1.187708E-09 
10, 1.293648E-05 
2, 4.230772E-04 
11, 8.444558E-08 
2, 1.869880E-04 
7, 3.693305E-04 
11, 9.691492E-07 
3, 6.027331E-04 
10, 4.492309E-06 
11, 1.081682E-06 
2, 4.544649E-04 
7, 5.304260E-04 
13, 1.120193E-09 
8, 1.302264E-04 
10, 5.769143E-06 
5, 1.028555E-03 
2, 4.435339E-04 
1, 6.853951E-05 
2, 8.767715E-05 
7, 5.241753E-04 
11, 1.590631E-06 
1, 8.187396E-05 
10, 8.213205E-06 
5, 1.128169E-03 
10, 1.364297E-05 
12, 9.027874E-08 
2, 3.959697E-04 
4, 8.572214E-04 
9, 3.201007E-05 
8, 7.004521E-05 
6, 9.782990E-04 
12, 2.387983E-09 
6, 7.119370E-04 
2, 3.502709E-04 
10, 1.087562E-05 
11, 2.000722E-06 
6, 1.291533E-03 
8, 2.762922E-04 
2, 3.700895E-04 
3, 8.668889E-04 
3, 9.426302E-04 
9, 6.290176E-05 
13, 1.089230E-09 
9, 7.588299E-05 
11, 1.572871E-06 
6, 7.224168E-04 
7, 3.044872E-04 
3, 8.420417E-04 
13, 1.830705E-09 
4, 7.224491E-04 
1, 1.721508E-04 
13, 1.799358E-09 
13, 1.147752E-09 
11, 1.032146E-06 
6, 7.813307E-04 
9, 5.556767E-05 
11, 1.452082E-06 
1, 6.163223E-05 
7, 4.914063E-04 
7, 5.207253E-04 
8, 1.200202E-04 
11, 1.563769E-06 
8, 1.090299E-04 
2, 4.770621E-04 
13, 1.277733E-09 
5, 1.069950E-03 
11, 1.248342E-06 
13, 1.911749E-09 
9, 4.846997E-05 
3, 8.818645E-04 
12, 3.189698E-09 
9, 4.630118E-05 
11, 6.618016E-08 
13, 1.567017E-09 
8, 1.467754E-04 
4, 8.464529E-04 
8, 9.037382E-05 
13, 2.397772E-09 
2, 3.653929E-04 
9, 5.061410E-05 
9, 4.076600E-05 
2, 1.452689E-04 
13, 1.742314E-09 
4, 9.990889E-04 
9, 6.965474E-05 
8, 2.046565E-04 
8, 1.740503E-04 
9, 5.410477E-05 
2, 3.898382E-04 
13, 1.795062E-09 
8, 1.542606E-04 
13, 1.147657E-09 
5, 1.657511E-03 
5, 1.056693E-03 
7, 4.814253E-04 
7, 5.234392E-04 
5, 1.042357E-03 
8, 1.299452E-04 
10, 1.236724E-05 
13, 1.480487E-09 
3, 7.823342E-04 
1, 8.560762E-05 
4, 1.013850E-03 
12, 4.959643E-08 
4, 7.999584E-04 
8, 1.098699E-04 
13, 1.155884E-09 
13, 1.745428E-09 
11, 1.384184E-06 
7, 5.771829E-04 
3, 7.099613E-04 
8, 1.373274E-04 
7, 3.938458E-04 
13, 1.617406E-09 
9, 5.274933E-05 
8, 1.931435E-04 
2, 3.743885E-04 
5, 1.079415E-03 
1, 5.877594E-05 
8, 1.830162E-04 
12, 4.078012E-09 
3, 7.734196E-04 
8, 1.467406E-04 
1, 1.024931E-04 
6, 1.054594E-03 
4, 9.579542E-04 
6, 1.066327E-03 
3, 9.139657E-04 
3, 6.709391E-04 
1, 1.159269E-04 
13, 1.979319E-09 
9, 4.693101E-05 
1, 8.206515E-05 
9, 4.480158E-05 
9, 5.137041E-05 
10, 1.130585E-05 
5, 1.765626E-03 
7, 5.197465E-04 
13, 1.617406E-09 
10, 5.216864E-06 
11, 8.100661E-07 
11, 6.393969E-07 
4, 1.015003E-03 
11, 7.459292E-08 
6, 1.015227E-03 
4, 1.061568E-03 
9, 4.299576E-05 
6, 1.590708E-03 
7, 4.008264E-04 
9, 5.034466E-05 
8, 1.077058E-04 
5, 1.022247E-03 
13, 1.551915E-09 
5, 1.172331E-03 
4, 6.348663E-04 
10, 1.254191E-05 
11, 1.116118E-06 
10, 2.841189E-06 
10, 5.851895E-06 
1, 8.762182E-05 
10, 7.609802E-06 
6, 1.026929E-03 
11, 8.235833E-08 
6, 8.370926E-04 
10, 1.097022E-05 
8, 1.185180E-04 
2, 4.196588E-04 
10, 1.917288E-05 
7, 3.205763E-04 
10, 9.355362E-06 
8, 1.166457E-04 
6, 1.618621E-03 
3, 9.012619E-04 
5, 1.606871E-03 
1, 1.159269E-04 
10, 7.676166E-06 
5, 8.452922E-04 
5, 1.719110E-03 
13, 1.866931E-09 
7, 5.177225E-04 
13, 1.703592E-09 
11, 9.235320E-07 
7, 3.970910E-04 
1, 1.046143E-04 
7, 5.475706E-04 
10, 7.414086E-06 
11, 1.920508E-06 
3, 8.467320E-04 
4, 1.171673E-03 
5, 1.723872E-03 
1, 9.144075E-05 
7, 3.825314E-04 
8, 1.496797E-04 
5, 1.138735E-03 
1, 1.807237E-04 
4, 8.498251E-04 
8, 1.778472E-04 
9, 5.256874E-05 
12, 2.527861E-09 
10, 5.503908E-06 
10, 4.957605E-06 
13, 2.238811E-09 
12, 3.912911E-09 
1, 1.141890E-04 
13, 1.286503E-09 
13, 1.147752E-09 
7, 4.707972E-04 
8, 7.588299E-05 
11, 9.199586E-07 
9, 5.515234E-05 
7, 4.774818E-04 
1, 8.944766E-05 
2, 4.364223E-04 
8, 1.096765E-04 
10, 2.196557E-06 
8, 1.384664E-04 
1, 5.851340E-05 
6, 9.081180E-04 
8, 1.291713E-04 
8, 1.767838E-04 
13, 1.617406E-09 
1, 1.018890E-04 
12, 3.538614E-08 
7, 3.355218E-04 
10, 1.195900E-05 
2, 4.804041E-04 
8, 2.094471E-04 
13, 2.691269E-09 
1, 9.973628E-05 
10, 3.291073E-06 
9, 4.640205E-05 
6, 1.011961E-03 
13, 2.401554E-09 
2, 4.468837E-04 
9, 6.250435E-05 
10, 1.313370E-05 
8, 1.172942E-04 
7, 5.745553E-04 
3, 6.328994E-04 
11, 5.231135E-08 
11, 1.035961E-07 
4, 8.354844E-04 
12, 5.372293E-08 
6, 1.005532E-03 
8, 1.226140E-04 
10, 1.155149E-05 
11, 1.323920E-06 
1, 8.350559E-05 
8, 1.676063E-04 
12, 4.344415E-08 
5, 1.024233E-03 
13, 1.206053E-09 
4, 6.776746E-04 
5, 1.297513E-03 
5, 1.136612E-03 
9, 4.729820E-05 
3, 8.302478E-04 
9, 4.165881E-05 
5, 1.073370E-03 
5, 1.065014E-03 
9, 9.772738E-05 
3, 8.335701E-04 
5, 1.392379E-03 
3, 9.078811E-04 
10, 8.599495E-07 
10, 5.783467E-06 
5, 1.058636E-03 
12, 3.660082E-09 
3, 6.719271E-04 
8, 1.537523E-04 
7, 4.429945E-04 
8, 1.070876E-04 
7, 5.038777E-04 
1, 9.410106E-05 
13, 1.599347E-09 
2, 4.246100E-04 
5, 1.173443E-03 
3, 5.544258E-04 
13, 2.057225E-09 
8, 1.759348E-04 
10, 2.196557E-06 
8, 1.540497E-04 
6, 8.591228E-04 
5, 1.032295E-03 
6, 9.860173E-04 
12, 3.806405E-09 
12, 1.401211E-08 
1, 9.096193E-05 
10, 9.535959E-06 
13, 1.193991E-09 
8, 2.750682E-04 
3, 8.098696E-04 
6, 1.061125E-03 
11, 7.438003E-08 
13, 2.387983E-09 
12, 2.985523E-09 
11, 1.002460E-06 
3, 8.455856E-04 
12, 3.871910E-09 
3, 7.541410E-04 
13, 1.699723E-09 
12, 3.219762E-09 
2, 4.197340E-04 
13, 1.147752E-09 
10, 1.364275E-05 
12, 5.231135E-08 
10, 4.172483E-06 
4, 9.241031E-04 
13, 1.795062E-09 
3, 9.155553E-04 
7, 6.036459E-04 
3, 7.677031E-04 
3, 8.576893E-04 
9, 6.610385E-05 
12, 4.228326E-08 
13, 1.147752E-09 
6, 6.982227E-04 
5, 1.089726E-03 
9, 6.408086E-05 
2, 3.193239E-04 
3, 5.907448E-04 
11, 1.017994E-07 
6, 1.045337E-03 
9, 6.366192E-05 
4, 9.551240E-04 
10, 1.082951E-05 
4, 9.263056E-04 
11, 2.217367E-06 
10, 7.062598E-06 
2, 4.229576E-04 
2, 2.421970E-04 
11, 1.696957E-06 
8, 1.061795E-04 
6, 1.103936E-03 
12, 4.412329E-08 
12, 8.223122E-08 
10, 2.786036E-06 
5, 1.027704E-03 
2, 3.406776E-04 
11, 9.691492E-07 
10, 3.066805E-06 
9, 6.686830E-05 
12, 2.510721E-09 
3, 5.960871E-04 
7, 4.368099E-04 
10, 2.974721E-06 
1, 1.174633E-04 
12, 4.031504E-09 
10, 1.206951E-06 
10, 1.436218E-05 
1, 8.205739E-05 
6, 1.131591E-03 
7, 4.234535E-04 
6, 8.028419E-04 
1, 7.859675E-05 
4, 6.401079E-04 
5, 1.487308E-03 
9, 9.587307E-05 
7, 6.474484E-04 
5, 1.049434E-03 
6, 6.472488E-04 
7, 4.420506E-04 
8, 1.200202E-04 
1, 7.357365E-05 
9, 4.919731E-05 
7, 4.113649E-04 
3, 7.020284E-04 
1, 6.089667E-05 
3, 8.320678E-04 
5, 7.271198E-04 
12, 4.408293E-08 
1, 9.738755E-05 
8, 1.741566E-04 
13, 1.247557E-09 
8, 1.073565E-04 
6, 1.025875E-03 
10, 7.679400E-06 
11, 1.445867E-06 
2, 4.248085E-04 
12, 3.698488E-08 
13, 1.811565E-09 
11, 2.758147E-07 
3, 6.772176E-04 
7, 5.697768E-04 
1, 8.167057E-05 
3, 6.563073E-04 
3, 8.749524E-04 
3, 7.506920E-04 
8, 1.797477E-04 
2, 3.773604E-04 
10, 1.032274E-05 
2, 3.518624E-04 
2, 1.721508E-04 
1, 1.085046E-04 
4, 7.220949E-04 
11, 2.475769E-06 
3, 9.323558E-04 
13, 1.275141E-09 
4, 7.221154E-04 
6, 8.089999E-04 
5, 1.281050E-03 
12, 5.485271E-08 
8, 1.162890E-04 
2, 4.565147E-04 
7, 5.743051E-04 
9, 6.562979E-05 
1, 5.687030E-05 
3, 6.345816E-04 
6, 1.073544E-03 
4, 8.893553E-04 
9, 4.087549E-05 
8, 5.291485E-04 
1, 7.405914E-05 
4, 8.191716E-04 
2, 4.343128E-04 
5, 1.613397E-03 
13, 1.102496E-09 
9, 7.257390E-05 
1, 6.108293E-05 
7, 4.095960E-04 
4, 1.274359E-03 
11, 1.990330E-06 
6, 1.638471E-03 
1, 1.073752E-04 
2, 4.374193E-04 
2, 3.806260E-04 
6, 1.006950E-03 
1, 9.369125E-05 
6, 1.082270E-03 
3, 8.925737E-04 
13, 1.158259E-09 
2, 4.369840E-04 
9, 6.400698E-05 
5, 1.323194E-03 
3, 7.390052E-04 
1, 1.087387E-04 
6, 8.782396E-04 
7, 3.624500E-04 
9, 4.582506E-05 
7, 3.855367E-04 
1, 8.368770E-05 
12, 8.955100E-08 
1, 6.524364E-05 
7, 4.214971E-04 
7, 5.528039E-04 
11, 9.910570E-07 
4, 8.407969E-04 
11, 9.493714E-07 
10, 9.629803E-06 
8, 1.073565E-04 
9, 4.938377E-05 
5, 1.055982E-03 
3, 9.680185E-04 
2, 1.569379E-04 
2, 4.487823E-04 
8, 1.631015E-04 
1, 6.451001E-05 
7, 5.466256E-04 
11, 1.094348E-06 
8, 1.252888E-04 
6, 6.648323E-04 
4, 9.007963E-04 
9, 7.527222E-05 
8, 1.056837E-04 
12, 3.811414E-09 
7, 3.368362E-04 
13, 1.061925E-09 
11, 1.817904E-06 
9, 4.840709E-05 
6, 1.060192E-03 
8, 1.582062E-04 
1, 1.037156E-04 
8, 1.515235E-04 
9, 8.050474E-05 
10, 1.047833E-05 
12, 6.306387E-08 
8, 1.497213E-04 
2, 3.508000E-04 
6, 9.524438E-04 
2, 2.332899E-04 
6, 7.551961E-04 
1, 6.853951E-05 
1, 1.089744E-04 
4, 1.085061E-03 
2, 4.555977E-04 
7, 3.786718E-04 
9, 6.176346E-05 
13, 1.120193E-09 
2, 4.070913E-04 
4, 5.221093E-04 
3, 6.518903E-04 
2, 4.175835E-04 
1, 1.090507E-04 
2, 4.154528E-04 
4, 8.417874E-04 
3, 8.874605E-04 
11, 1.510475E-06 
12, 2.387983E-09 
3, 9.001497E-04 
8, 1.330692E-04 
10, 7.823961E-06 
7, 4.431244E-04 
12, 3.313131E-08 
1, 9.306001E-05 
5, 1.285303E-03 
11, 9.452681E-07 
10, 8.499344E-06 
5, 1.097782E-03 
4, 1.038375E-03 
7, 1.162159E-04 
1, 1.171465E-04 
12, 3.966871E-09 
12, 4.008317E-08 
1, 1.174081E-04 
4, 8.389144E-04 
9, 1.094213E-04 
7, 3.129890E-04 
13, 1.863106E-09 
12, 4.812994E-09 
10, 4.134762E-06 
12, 4.896097E-09 
2, 6.764074E-04 
1, 8.767715E-05 
5, 1.051322E-03 
2, 4.223748E-04 
12, 4.713704E-09 
3, 6.572797E-04 
13, 1.120193E-09 
12, 5.584991E-08 
10, 4.891081E-06 
12, 3.393258E-09 
7, 4.573010E-04 
8, 1.103047E-04 
10, 3.600571E-06 
2, 3.645290E-04 
11, 1.510475E-06 
12, 4.138141E-08 
10, 2.907119E-06 
6, 6.472488E-04 
13, 4.090911E-09 
1, 6.089667E-05 
1, 7.171222E-05 
13, 1.668274E-09 
7, 4.474861E-04 
10, 8.267863E-06 
1, 1.869880E-04 
4, 9.178625E-04 
11, 1.387938E-06 
5, 1.045927E-03 
2, 1.882538E-04 
5, 1.195320E-03 
3, 5.825487E-04 
10, 1.082951E-05 
8, 5.198668E-04 
7, 3.180824E-04 
5, 1.747684E-03 
8, 1.057376E-04 
5, 1.384104E-03 
11, 1.978076E-06 
12, 2.387983E-09 
10, 1.230268E-05 
6, 1.040988E-03 
2, 3.473411E-04 
13, 1.608599E-09 
13, 1.369121E-09 
2, 2.603213E-04 
2, 4.820023E-04 
1, 1.097274E-04 
12, 7.727319E-08 
6, 1.015040E-03 
6, 9.230911E-04 
10, 9.851341E-06 
12, 4.948800E-08 
9, 6.673367E-05 
10, 4.957605E-06 
3, 8.337152E-04 
3, 5.987509E-04 
1, 9.928495E-05 
5, 1.718185E-03 
5, 1.316231E-03 
11, 6.931780E-07 
11, 2.734955E-07 
12, 8.451567E-08 
6, 9.326448E-04 
8, 1.326050E-04 
12, 3.311973E-08 
4, 1.169622E-03 
12, 4.562353E-08 
11, 8.955100E-08 
1, 5.939166E-05 
2, 4.582201E-04 
2, 3.527645E-04 
11, 1.509245E-06 
12, 4.058650E-08 
11, 2.104986E-06 
6, 7.116469E-04 
10, 1.139616E-05 
7, 3.155225E-04 
10, 9.584603E-06 
4, 8.064807E-04 
8, 1.057376E-04 
11, 1.440418E-06 
13, 1.202074E-09 
11, 8.001704E-08 
3, 7.635415E-04 
7, 3.992262E-04 
13, 2.374191E-09 
10, 6.917614E-06 
8, 2.470404E-04 
6, 1.140605E-03 
7, 3.845163E-04 
5, 1.676852E-03 
12, 3.678081E-08 
8, 1.083896E-04 
7, 4.435349E-04 
13, 1.199998E-09 
8, 1.839058E-04 
1, 7.405914E-05 
2, 4.683316E-04 
9, 7.598245E-05 
6, 9.005926E-04 
11, 5.633987E-07 
6, 9.091014E-04 
9, 1.408129E-05 
6, 1.240455E-03 
2, 4.491662E-04 
10, 1.313370E-05 
4, 9.596825E-04 
7, 4.836670E-04 
13, 1.123567E-09 
6, 1.018382E-03 
11, 9.691492E-07 
12, 1.742286E-09 
6, 7.510369E-04 
5, 1.021557E-03 
5, 1.129937E-03 
4, 7.976634E-04 
13, 1.353316E-09 
2, 4.317125E-04 
6, 9.416977E-04 
5, 1.223841E-03 
1, 7.717127E-05 
12, 3.678081E-08 
11, 9.762478E-07 
5, 1.008501E-03 
1, 9.436669E-05 
2, 2.433641E-04 
5, 1.707286E-03 
6, 9.467004E-04 
12, 3.234813E-09 
9, 5.362724E-05 
11, 8.957735E-07 
1, 8.287876E-05 
1, 8.414278E-05 
11, 1.651847E-06 
9, 3.665072E-05 
11, 1.140317E-06 
12, 3.231641E-08 
2, 4.753386E-04 
8, 1.406440E-04 
7, 4.483985E-04 
13, 1.201712E-09 
1, 8.386013E-05 
10, 7.857937E-06 
12, 4.008317E-08 
1, 1.190295E-04 
8, 1.311740E-04 
2, 4.435339E-04 
3, 8.869575E-04 
4, 9.641848E-04 
10, 1.697521E-05 
4, 9.999094E-04 
10, 6.978332E-06 
13, 1.441218E-09 
1, 8.484189E-05 
13, 1.559459E-09 
13, 1.153664E-09 
13, 1.193991E-09 
2, 3.586981E-04 
10, 8.834413E-06 
12, 2.314184E-09 
9, 4.087549E-05 
10, 6.917614E-06 
2, 2.603213E-04 
1, 7.859675E-05 
4, 1.036804E-03 
7, 5.673922E-04 
7, 3.271169E-04 
4, 9.651088E-04 
13, 1.603068E-09 
3, 8.375226E-04 
8, 1.115296E-04 
12, 2.750567E-09 
4, 8.025091E-04 
3, 7.336183E-04 
1, 6.930781E-05 
6, 8.452334E-04 
1, 8.235506E-05 
3, 9.050099E-04 
6, 6.870093E-04 
12, 5.585076E-08 
4, 7.793702E-04 
13, 3.241294E-09 
6, 9.981315E-04 
7, 5.657299E-04 
9, 3.754751E-05 
4, 1.076453E-03 
6, 7.551961E-04 
3, 7.950636E-04 
1, 1.037156E-04 
5, 1.259982E-03 
6, 8.028419E-04 
11, 1.403690E-06 
4, 1.246016E-03 
2, 3.728151E-04 
3, 7.244092E-04 
7, 5.861760E-04 
5, 1.308620E-03 
4, 1.162317E-03 
6, 7.193402E-04 
8, 1.099589E-04 
3, 8.630838E-04 
1, 1.182464E-04 
13, 1.617406E-09 
10, 1.612655E-06 
7, 3.845163E-04 
13, 1.202074E-09 
6, 7.564004E-04 
11, 8.237003E-07 
11, 1.299971E-06 
9, 9.616512E-05 
1, 7.404194E-05 
6, 9.096988E-04 
13, 1.144148E-09 
12, 3.275869E-09 
5, 1.712419E-03 
12, 4.889744E-09 
10, 4.685553E-06 
5, 1.008733E-03 
6, 1.055868E-03 
6, 8.991917E-04 
12, 4.228326E-08 
8, 1.533779E-04 
4, 1.156884E-03 
10, 1.239656E-05 
10, 2.352841E-05 
8, 1.445139E-04 
8, 2.109860E-04 
13, 2.387983E-09 
4, 8.245059E-04 
1, 6.727268E-05 
12, 4.592881E-08 
5, 1.044727E-03 
7, 5.019615E-04 
12, 4.228326E-08 
10, 4.048139E-06 
4, 9.013440E-04 
3, 9.119206E-04 
8, 1.837117E-04 
4, 7.944860E-04 
4, 1.175086E-03 
2, 3.845014E-04 
6, 1.035234E-03 
9, 9.095094E-05 
3, 8.635967E-04 
7, 4.410358E-04 
3, 8.658907E-04 
5, 1.009815E-03 
13, 2.112376E-09 
4, 9.713249E-04 
7, 4.801057E-04 
11, 7.385829E-07 
6, 1.092295E-03 
3, 8.356798E-04 
3, 7.473969E-04 
7, 1.406440E-04 
6, 7.510369E-04 
3, 7.159401E-04 
11, 1.430478E-07 
7, 5.118253E-04 
2, 3.124487E-04 
9, 1.057383E-04 
6, 9.798053E-04 
8, 1.132021E-04 
2, 3.817776E-04 
8, 1.061795E-04 
7, 4.949059E-04 
12, 3.547161E-09 
12, 4.064183E-08 
3, 6.511681E-04 
5, 1.527325E-03 
6, 1.008812E-03 
8, 1.801831E-04 
5, 1.296010E-03 
2, 3.777521E-04 
9, 6.936722E-05 
11, 6.516830E-07 
9, 5.034382E-05 
9, 4.353082E-05 
11, 1.577858E-06 
3, 6.498425E-04 
9, 5.480376E-05 
6, 9.028899E-04 
4, 9.088226E-04 
2, 4.428426E-04 
2, 4.096381E-04 
4, 7.831632E-04 
4, 7.864563E-04 
11, 8.564800E-07 
10, 9.613540E-06 
4, 6.695933E-04 
3, 7.981730E-04 
3, 5.877592E-04 
12, 4.837294E-09 
2, 4.355163E-04 
9, 6.352974E-05 
7, 5.118253E-04 
12, 3.262361E-08 
9, 6.774469E-05 
9, 5.965562E-05 
5, 1.651642E-03 
1, 9.081088E-05 
8, 2.762922E-04 
13, 1.147752E-09 
3, 7.914841E-04 
2, 3.372995E-04 
1, 1.012662E-04 
10, 6.231099E-06 
8, 1.114966E-04 
5, 1.042242E-03 
10, 8.727569E-06 
4, 1.024120E-03 
9, 5.326776E-05 
9, 7.399448E-05 
6, 1.021114E-03 
9, 6.936722E-05 
4, 6.776746E-04 
12, 7.943027E-08 
7, 5.140439E-04 
12, 5.231135E-08 
4, 1.024791E-03 
9, 6.176346E-05 
8, 1.576652E-04 
13, 1.838501E-09 
11, 8.369816E-07 
11, 1.188664E-06 
3, 9.143048E-04 
12, 6.427975E-08 
6, 8.859119E-04 
2, 8.996539E-04 
11, 1.178867E-06 
12, 3.680975E-08 
8, 2.074487E-04 
4, 1.183734E-03 
6, 9.593214E-04 
4, 8.025253E-04 
3, 9.308570E-04 
4, 8.755262E-04 
7, 5.795761E-04 
8, 1.291754E-04 
2, 3.517906E-04 
3, 7.951670E-04 
13, 1.893250E-09 
2, 3.208272E-04 
5, 1.010467E-03 
3, 6.637683E-04 
11, 5.789141E-08 
5, 9.559281E-04 
12, 1.749710E-09 
8, 1.077058E-04 
11, 1.620596E-07 
6, 1.051467E-03 
5, 1.027902E-03 
4, 1.019555E-03 
13, 1.090283E-09 
5, 9.938192E-04 
13, 2.051971E-09 
9, 4.582506E-05 
12, 3.797105E-08 
2, 1.966451E-04 
3, 8.931431E-04 
9, 3.688502E-05 
5, 1.533052E-03 
12, 4.004722E-08 
6, 1.001220E-03 
6, 1.032789E-03 
12, 3.370164E-09 
5, 1.039161E-03 
12, 3.656925E-09 
6, 1.030386E-03 
13, 2.238811E-09 
13, 2.063035E-09 
2, 4.611886E-04 
2, 4.582216E-04 
8, 1.625925E-04 
13, 1.843477E-09 
5, 1.418794E-03 
3, 7.878537E-04 
3, 5.630327E-04 
10, 3.028549E-06 
12, 4.959643E-08 
9, 8.958116E-05 
1, 6.002526E-05 
6, 8.525147E-04 
1, 9.285246E-05 
10, 3.060529E-06 
2, 2.989804E-04 
12, 2.892547E-09 
7, 3.957789E-04 
9, 5.656028E-05 
6, 9.840636E-04 
9, 7.985691E-05 
13, 1.244005E-09 
7, 5.448950E-04 
4, 8.452922E-04 
12, 2.387983E-09 
4, 7.677439E-04 
9, 5.348878E-05 
13, 1.496123E-09 
1, 8.705368E-05 
7, 3.908320E-04 
2, 1.096184E-04 
2, 4.396414E-04 
7, 4.340610E-04 
10, 1.082951E-05 
4, 8.850137E-04 
8, 8.113602E-05 
1, 9.652275E-05 
11, 1.563769E-06 
13, 1.089230E-09 
13, 1.927199E-09 
11, 1.423920E-06 
9, 5.383830E-05 
7, 5.254398E-04 
4, 9.774393E-04 
1, 7.357365E-05 
10, 1.158674E-05 
9, 5.256874E-05 
5, 1.180563E-03 
5, 1.036832E-03 
10, 3.357721E-06 
5, 1.068959E-03 
1, 8.745806E-05 
13, 1.109882E-09 
11, 1.878850E-07 
8, 1.162890E-04 
3, 9.254526E-04 
2, 3.479227E-04 
7, 3.631926E-04 
7, 3.994125E-04 
12, 3.729646E-08 
4, 1.006834E-03 
8, 1.322421E-04 
10, 1.794766E-05 
6, 4.257470E-04 
12, 9.353890E-08 
11, 9.323831E-07 
5, 1.027635E-03 
4, 8.043160E-04 
12, 3.234813E-09 
7, 5.626681E-04 
9, 4.519984E-05 
8, 1.532670E-04 
13, 1.231249E-09 
9, 5.373073E-05 
9, 9.966152E-05 
13, 2.002695E-09 
5, 1.063908E-03 
1, 9.081088E-05 
6, 9.820422E-04 
11, 1.126908E-06 
2, 3.479227E-04 
2, 3.812356E-04 
13, 1.689957E-09 
9, 5.095253E-05 
4, 1.065416E-03 
11, 1.530559E-06 
12, 3.866384E-09 
6, 1.090923E-03 
9, 9.621031E-05 
13, 2.929389E-09 
8, 1.802276E-04 
10, 8.164670E-06 
3, 8.954703E-04 
12, 4.960089E-09 
6, 9.054370E-04 
1, 9.990756E-05 
12, 4.742272E-08 
8, 5.240318E-05 
8, 1.214872E-04 
13, 1.408090E-09 
1, 7.239121E-05 
1, 9.619013E-05 
4, 7.221154E-04 
11, 1.072241E-06 
7, 4.039968E-04 
12, 1.193991E-09 
3, 8.530160E-04 
5, 1.486198E-03 
10, 4.867953E-06 
4, 1.198612E-03 
5, 1.012958E-03 
3, 6.925043E-04 
7, 5.664326E-04 
10, 1.209413E-05 
13, 1.617406E-09 
2, 4.184246E-04 
5, 1.337914E-03 
2, 4.139027E-04 
13, 1.617406E-09 
8, 1.563698E-04 
13, 1.483901E-09 
12, 3.524422E-08 
2, 4.277049E-04 
11, 1.308774E-06 
8, 1.114751E-04 
6, 9.997044E-04 
13, 1.516953E-09 
8, 1.098699E-04 
8, 1.042500E-04 
1, 5.687030E-05 
8, 1.346758E-04 
9, 6.164968E-05 
3, 8.431481E-04 
6, 1.016966E-03 
10, 9.225529E-06 
10, 2.042014E-06 
11, 1.248342E-06 
6, 8.263404E-04 
2, 4.002571E-04 
11, 1.696957E-06 
4, 8.340204E-04 
1, 6.171785E-05 
11, 1.099083E-06 
5, 1.187711E-03 
7, 5.008498E-04 
4, 7.831632E-04 
1, 6.516949E-05 
10, 4.867953E-06 
9, 1.859151E-05 
8, 1.235270E-04 
6, 1.033490E-03 
11, 1.286871E-06 
3, 9.035084E-04 
5, 1.129340E-03 
1, 9.848677E-05 
9, 4.546613E-05 
12, 4.228326E-08 
12, 3.073042E-09 
4, 1.134212E-03 
12, 3.797105E-08 
8, 1.824103E-04 
8, 1.647584E-04 
9, 6.558699E-05 
11, 1.190268E-06 
4, 8.010610E-04 
12, 7.230168E-09 
4, 8.019381E-04 
5, 1.322483E-03 
4, 8.666498E-04 
8, 1.849225E-04 
12, 1.025694E-07 
2, 2.845882E-04 
2, 4.487823E-04 
1, 8.415110E-05 
4, 6.590190E-04 
9, 4.099406E-05 
6, 8.323368E-04 
3, 6.604333E-04 
12, 5.730079E-08 
13, 2.002695E-09 
12, 4.331826E-09 
2, 3.731654E-04 
9, 4.932048E-05 
7, 4.476680E-04 
12, 4.083261E-08 
7, 5.677359E-04 
7, 4.283891E-04 
9, 3.921312E-05 
11, 6.233066E-07 
8, 1.425669E-04 
10, 1.111634E-05 
10, 7.549536E-06 
4, 1.100431E-03 
6, 7.040741E-04 
7, 5.157444E-04 
9, 5.556767E-05 
3, 9.209571E-04 
8, 1.799888E-04 
6, 9.054370E-04 
1, 9.241859E-05 
13, 1.326416E-09 
6, 5.253839E-04 
10, 6.016960E-06 
1, 7.033315E-05 
8, 1.362371E-04 
10, 2.700727E-06 
13, 2.085435E-09 
3, 7.587245E-04 
4, 8.407969E-04 
11, 7.320291E-08 
2, 2.433641E-04 
5, 1.052421E-03 
7, 3.964235E-04 
3, 4.974292E-04 
1, 1.055596E-04 
5, 1.016993E-03 
13, 1.803654E-09 
1, 1.114201E-04 
13, 1.526394E-09 
7, 5.466256E-04 
12, 4.352034E-09 
3, 9.088291E-04 
6, 1.006193E-03 
1, 7.619474E-05 
10, 7.549536E-06 
3, 5.735061E-04 
5, 1.517619E-03 
3, 9.105989E-04 
4, 9.163790E-04 
9, 4.391843E-05 
13, 1.734807E-09 
5, 1.738276E-03 
3, 8.145083E-04 
4, 8.436672E-04 
12, 3.465485E-09 
5, 1.020578E-03 
6, 1.003836E-03 
9, 6.364116E-05 
11, 1.132307E-06 
9, 7.889193E-05 
2, 4.722258E-04 
5, 1.281970E-03 
3, 9.135449E-04 
7, 3.180824E-04 
11, 8.377069E-07 
3, 8.856559E-04 
13, 2.002695E-09 
8, 1.172942E-04 
3, 8.422564E-04 
11, 5.401454E-06 
3, 8.022233E-04 
3, 8.612699E-04 
4, 8.783583E-04 
7, 4.697081E-04 
8, 1.657626E-04 
11, 8.100661E-07 
10, 6.908073E-06 
1, 7.721550E-05 
11, 8.188668E-07 
5, 1.074355E-03 
3, 9.047657E-04 
8, 2.095975E-04 
2, 3.412447E-04 
5, 1.044781E-03 
12, 4.478259E-08 
13, 1.193991E-09 
6, 8.884888E-04 
9, 6.002061E-05 
3, 8.911299E-04 
2, 4.568386E-04 
3, 8.899437E-04 
8, 1.286416E-04 
8, 4.597518E-05 
11, 2.217367E-06 
5, 1.439451E-03 
7, 5.360804E-04 
8, 1.119304E-04 
4, 8.869686E-04 
11, 2.086242E-06 
2, 4.057762E-04 
3, 4.853506E-04 
2, 4.073106E-04 
2, 3.698063E-04 
6, 8.090380E-04 
10, 1.612655E-06 
9, 3.929653E-05 
9, 4.799488E-05 
3, 4.974292E-04 
10, 9.214572E-06 
13, 1.866931E-09 
12, 1.690313E-07 
12, 2.992046E-09 
11, 1.445867E-06 
3, 6.317870E-04 
6, 6.949768E-04 
3, 8.615576E-04 
8, 1.885326E-04 
10, 1.381615E-05 
5, 1.234160E-03 
5, 1.121711E-03 
10, 3.522516E-06 
5, 1.069812E-03 
2, 6.045219E-04 
1, 6.162993E-05 
4, 9.874319E-04 
1, 9.738755E-05 
10, 5.361848E-06 
12, 1.326416E-09 
2, 4.220180E-04 
11, 1.498147E-07 
12, 4.754366E-09 
5, 1.008501E-03 
11, 8.420258E-07 
7, 3.825314E-04 
4, 1.089065E-03 
2, 3.460591E-04 
3, 5.555533E-04 
10, 1.158674E-05 
6, 8.539324E-04 
6, 7.642359E-04 
7, 3.909849E-04 
9, 4.620318E-05 
13, 1.408090E-09 
10, 2.849040E-06 
1, 8.414278E-05 
10, 3.156663E-06 
12, 3.281401E-09 
9, 3.933335E-05 
10, 5.720658E-06 
11, 8.784079E-07 
12, 4.200478E-09 
6, 9.304731E-04 
9, 4.779072E-05 
5, 1.045819E-03 
3, 7.104576E-04 
6, 6.913662E-04 
12, 2.811398E-09 
1, 7.717127E-05 
4, 8.893407E-04 
1, 1.141890E-04 
2, 3.808533E-04 
2, 2.070817E-04 
9, 4.126725E-05 
12, 4.293007E-08 
5, 1.094965E-03 
10, 1.216297E-05 
6, 1.075220E-03 
8, 1.215947E-04 
2, 4.196588E-04 
3, 7.412842E-04 
6, 8.631755E-04 
8, 1.551322E-04 
8, 1.203041E-04 
9, 7.508846E-05 
6, 1.035918E-03 
5, 1.387478E-03 
3, 6.785843E-04 
7, 4.806193E-04 
2, 3.809327E-04 
2, 3.835943E-04 
12, 5.744197E-08 
7, 3.441102E-04 
5, 1.386635E-03 
11, 8.274335E-07 
2, 2.994107E-04 
4, 1.130997E-03 
9, 5.364108E-05 
11, 5.231135E-08 
8, 1.228759E-04 
13, 1.199998E-09 
1, 7.848811E-05 
1, 5.851592E-05 
4, 1.005673E-03 
2, 2.413204E-04 
12, 4.870413E-08 
10, 5.264773E-06 
10, 4.510410E-06 
8, 9.579097E-05 
9, 6.676416E-05 
10, 1.408129E-05 
3, 8.739143E-04 
6, 1.145296E-03 
6, 7.888676E-04 
13, 1.147752E-09 
13, 1.202766E-09 
13, 3.829177E-09 
12, 4.228326E-08 
13, 2.387983E-09 
12, 6.320388E-09 
3, 8.481836E-04 
2, 8.583927E-04 
4, 1.023114E-03 
13, 1.795062E-09 
13, 1.838340E-09 
9, 5.266811E-05 
7, 4.332242E-04 
2, 4.563336E-04 
13, 1.055284E-09 
2, 2.777008E-04 
11, 1.350364E-06 
9, 7.698957E-05 
3, 7.234047E-04 
1, 1.073752E-04 
7, 5.319360E-04 
11, 6.438976E-08 
11, 8.511921E-07 
11, 1.650085E-06 
5, 1.492678E-03 
7, 3.784962E-04 
1, 1.055596E-04 
5, 9.959991E-04 
6, 1.029093E-03 
8, 1.799888E-04 
7, 2.844721E-04 
6, 1.096765E-03 
1, 8.103073E-05 
3, 7.910088E-04 
4, 6.554162E-04 
4, 8.578412E-04 
1, 1.053462E-04 
4, 1.030927E-03 
2, 8.751529E-05 
11, 1.313854E-07 
1, 8.625071E-05 
7, 3.056738E-04 
4, 1.235134E-03 
8, 1.166457E-04 
3, 8.337293E-04 
12, 3.037565E-09 
11, 2.146178E-06 
11, 2.042014E-06 
4, 8.751554E-04 
4, 7.878537E-04 
5, 1.775418E-03 
12, 3.539243E-09 
9, 7.514929E-05 
9, 4.294808E-05 
4, 9.880812E-04 
3, 5.413786E-04 
7, 4.293458E-04 
6, 1.039481E-03 
1, 8.767715E-05 
4, 9.851252E-04 
4, 1.063551E-03 
12, 4.412329E-08 
11, 8.779883E-07 
2, 4.804531E-04 
10, 3.848001E-06 
2, 4.162593E-04 
9, 5.706742E-05 
9, 5.962128E-05 
8, 1.231197E-04 
6, 1.031036E-03 
11, 1.246149E-06 
11, 1.323920E-06 
11, 1.349487E-06 
2, 4.005089E-04 
4, 1.039213E-03 
5, 1.523889E-03 
3, 8.752690E-04 
6, 1.056001E-03 
11, 9.296488E-08 
2, 3.033623E-04 
12, 3.117388E-09 
8, 1.286416E-04 
13, 1.166357E-09 
8, 1.164739E-04 
6, 6.818761E-04 
8, 1.224614E-04 
11, 8.237003E-07 
8, 1.466511E-04 
12, 5.231135E-08 
9, 4.165881E-05 
12, 3.796700E-08 
6, 7.994210E-04 
1, 7.080825E-05 
7, 4.806193E-04 
8, 1.194731E-04 
12, 3.453845E-09 
6, 1.067299E-03 
10, 3.346778E-06 
12, 5.057650E-08 
10, 3.262073E-06 
11, 4.132397E-06 
6, 7.452422E-04 
5, 1.148946E-03 
7, 4.213279E-04 
5, 1.057802E-03 
9, 5.517075E-05 
5, 1.028714E-03 
1, 5.693266E-05 
3, 7.336183E-04 
3, 9.177707E-04 
11, 1.077266E-06 
7, 1.677609E-04 
3, 8.963433E-04 
1, 6.162993E-05 
8, 1.056837E-04 
9, 4.334748E-05 
9, 3.854859E-05 
1, 5.851592E-05 
10, 3.488559E-06 
9, 9.865754E-05 
1, 5.674103E-05 
6, 1.057219E-03 
4, 1.003334E-03 
10, 5.638896E-05 
11, 1.587750E-06 
12, 4.761181E-08 
11, 8.403065E-08 
1, 7.345860E-05 
6, 1.021707E-03 
11, 9.755398E-08 
13, 1.055284E-09 
8, 1.148479E-04 
2, 4.046272E-04 
10, 4.845212E-06 
7, 4.987534E-04 
12, 4.064183E-08 
3, 9.053668E-04 
3, 9.135762E-04 
4, 7.377338E-04 
6, 1.085189E-03 
9, 9.907136E-05 
4, 1.203073E-03 
12, 3.802279E-09 
9, 5.896308E-05 
7, 3.087083E-04 
5, 1.806835E-03 
6, 7.306952E-04 
3, 5.877592E-04 
2, 4.721797E-04 
3, 5.834789E-04 
9, 4.791381E-05 
4, 9.642378E-04 
7, 2.652895E-04 
3, 7.760273E-04 
10, 2.833603E-05 
7, 5.415196E-04 
11, 1.306550E-06 
4, 1.134564E-03 
7, 4.385872E-04 
3, 9.189984E-04 
11, 3.003644E-06 
6, 7.874448E-04 
2, 4.397800E-04 
12, 4.793595E-09 
7, 4.479224E-04 
4, 7.618870E-04 
5, 1.065269E-03 
2, 1.277303E-04 
6, 9.512305E-04 
10, 9.675168E-06 
4, 1.280216E-03 
1, 8.103073E-05 
12, 4.344415E-08 
9, 5.457101E-05 
1, 8.819661E-05 
3, 7.788506E-04 
11, 7.592790E-07 
11, 8.368596E-07 
12, 4.617893E-08 
7, 5.402281E-04 
5, 1.597391E-03 
6, 8.761267E-04 
8, 1.046350E-04 
5, 1.498956E-03 
10, 3.965677E-06 
5, 1.026868E-03 
8, 9.362375E-05 
4, 8.034651E-04 
3, 8.053794E-04 
10, 7.100222E-06 
10, 1.360850E-05 
11, 1.236204E-07 
6, 7.589636E-04 
6, 8.672599E-04 
1, 6.002526E-05 
10, 7.451872E-06 
8, 1.566470E-04 
8, 1.464901E-04 
12, 3.227989E-08 
6, 8.572214E-04 
2, 4.273599E-04 
10, 3.099953E-06 
11, 1.605990E-06 
10, 7.676166E-06 
6, 9.981176E-04 
4, 1.064526E-03 
13, 1.795062E-09 
3, 6.772819E-04 
7, 3.994103E-04 
8, 1.904923E-04 
3, 8.451348E-04 
9, 5.245254E-05 
7, 4.429348E-04 
4, 1.075065E-03 
13, 1.120193E-09 
6, 1.099334E-03 
5, 1.063035E-03 
8, 2.111470E-04 
10, 1.794766E-05 
2, 3.444182E-04 
2, 3.849910E-04 
10, 6.944433E-06 
2, 2.413204E-04 
12, 3.165921E-08 
13, 1.098982E-09 
3, 8.872156E-04 
9, 4.871787E-05 
2, 3.993040E-04 
2, 3.675229E-04 
4, 1.050231E-03 
3, 4.867881E-04 
1, 1.020605E-04 
1, 9.049863E-05 
6, 6.714373E-04 
9, 6.164968E-05 
8, 1.703212E-04 
9, 4.927647E-05 
3, 9.233773E-04 
10, 8.499344E-06 
10, 1.330780E-05 
13, 1.192318E-09 
6, 1.008700E-03 
13, 1.721978E-09 
7, 4.213279E-04 
2, 2.478697E-04 
1, 1.190295E-04 
3, 6.622056E-04 
13, 1.841470E-09 
11, 1.503254E-06 
13, 1.871747E-09 
1, 7.534205E-05 
4, 1.005350E-03 
5, 1.526064E-03 
13, 1.630244E-09 
6, 7.245725E-04 
4, 8.664563E-04 
4, 6.688036E-04 
5, 1.278347E-03 
10, 8.078173E-06 
12, 3.862334E-09 
5, 1.316539E-03 
4, 1.021988E-03 
4, 8.532695E-04 
5, 1.748846E-03 
4, 4.093888E-04 
12, 5.175700E-08 
1, 7.640606E-05 
6, 8.213880E-04 
9, 3.556052E-05 
8, 1.329029E-04 
9, 6.794134E-05 
10, 7.852785E-06 
5, 7.839243E-04 
2, 4.175835E-04 
12, 3.908767E-08 
9, 6.060950E-05 
4, 1.011299E-03 
1, 9.085156E-05 
1, 6.451001E-05 
4, 1.034586E-03 
5, 1.028719E-03 
6, 1.042681E-03 
3, 7.505377E-04 
13, 1.323001E-09 
2, 2.758897E-04 
10, 9.510042E-06 
9, 7.004521E-05 
13, 1.283908E-09 
5, 1.163698E-03 
2, 2.996501E-04 
6, 8.380457E-04 
1, 6.619744E-05 
7, 3.071955E-04 
4, 1.207997E-03 
4, 1.228182E-03 
4, 1.042938E-03 
13, 1.202766E-09 
5, 1.411232E-03 
10, 9.408576E-06 
11, 1.046227E-07 
13, 1.193991E-09 
3, 8.574008E-04 
5, 8.733054E-04 
8, 9.417019E-05 
5, 1.551022E-03 
10, 3.724935E-06 
8, 1.164739E-04 
9, 7.759331E-05 
1, 7.160780E-05 
9, 8.923213E-05 
5, 1.535027E-03 
5, 1.359972E-03 
9, 9.772738E-05 
10, 1.357947E-05 
3, 5.385488E-04 
11, 1.530559E-06 
13, 1.193991E-09 
12, 2.097400E-09 
5, 1.021235E-03 
2, 4.208139E-04 
11, 1.483111E-06 
12, 3.480311E-08 
4, 9.338326E-04 
12, 4.682402E-09 
10, 1.256442E-05 
12, 4.933360E-09 
7, 4.629876E-04 
3, 7.772545E-04 
6, 8.401078E-04 
12, 5.344158E-08 
10, 4.067709E-06 
4, 9.876821E-04 
2, 3.396570E-04 
11, 1.246149E-06 
2, 2.478697E-04 
9, 4.166646E-05 
12, 5.231135E-08 
4, 9.982322E-04 
7, 4.106627E-04 
2, 3.724748E-04 
5, 1.105451E-03 
5, 1.324091E-03 
3, 8.825392E-04 
3, 9.007117E-04 
11, 1.798972E-07 
5, 1.299353E-03 
11, 1.427112E-06 
6, 1.166564E-03 
11, 2.445541E-06 
2, 3.817776E-04 
13, 1.144148E-09 
6, 1.112799E-03 
13, 1.496123E-09 
12, 3.513850E-08 
5, 1.845055E-03 
4, 7.922850E-04 
4, 9.644580E-04 
13, 1.617406E-09 
5, 1.017470E-03 
1, 1.182464E-04 
5, 1.181690E-03 
1, 5.893510E-05 
12, 3.796700E-08 
3, 7.860078E-04 
12, 3.454950E-09 
9, 6.114099E-05 
3, 5.544258E-04 
2, 4.780653E-04 
10, 9.074007E-06 
5, 1.366822E-03 
12, 6.151761E-09 
2, 1.867618E-04 
12, 3.078303E-09 
4, 1.076269E-03 
3, 5.688903E-04 
10, 7.920967E-06 
4, 8.664959E-04 
12, 3.095107E-09 
4, 1.001074E-03 
13, 1.120193E-09 
7, 5.316570E-04 
11, 1.577858E-06 
5, 1.519116E-03 
2, 4.820935E-04 
12, 7.187932E-08 
12, 6.072974E-08 
13, 1.193991E-09 
5, 1.267914E-03 
7, 5.187431E-04 
1, 8.762870E-05 
10, 7.676166E-06 
2, 3.821509E-04 
9, 2.525898E-05 
2, 6.943203E-04 
1, 5.799486E-05 
5, 1.173266E-03 
8, 1.703593E-04 
12, 2.528700E-09 
8, 1.114908E-04 
7, 5.515766E-04 
4, 1.058636E-03 
10, 1.229717E-05 
7, 3.768531E-04 
12, 6.210872E-08 
11, 9.396853E-08 
11, 2.086242E-06 
6, 9.379975E-04 
9, 5.516273E-05 
3, 8.415252E-04 
8, 1.333004E-04 
6, 9.567916E-04 
7, 4.038895E-04 
2, 3.024104E-04 
11, 5.746938E-07 
5, 1.006464E-03 
11, 8.715110E-08 
13, 2.387983E-09 
5, 1.375989E-03 
7, 3.943008E-04 
4, 1.145646E-03 
5, 1.788313E-03 
5, 1.091030E-03 
1, 1.024931E-04 
9, 5.851980E-05 
13, 2.059336E-09 
11, 8.188668E-07 
13, 1.893250E-09 
7, 3.167113E-04 
7, 4.916436E-04 
5, 1.260811E-03 
13, 1.055284E-09 
9, 7.713900E-05 
6, 9.937893E-04 
6, 6.592190E-04 
2, 4.278911E-04 
13, 1.147752E-09 
13, 1.147752E-09 
3, 7.475247E-04 
13, 1.193991E-09 
4, 1.228174E-03 
8, 1.566091E-04 
5, 1.310919E-03 
9, 3.718301E-05 
6, 8.183845E-04 
10, 6.983781E-06 
8, 5.181375E-04 
4, 1.010105E-03 
9, 5.913367E-05 
11, 8.564800E-07 
1, 8.664520E-05 
7, 4.231486E-04 
8, 1.284514E-04 
3, 9.077233E-04 
1, 1.079971E-04 
1, 9.340486E-05 
8, 1.145998E-04 
2, 4.370532E-04 
2, 4.284715E-04 
2, 9.144075E-05 
3, 7.958118E-04 
10, 1.339357E-05 
7, 3.224835E-04 
9, 7.597858E-05 
7, 3.035595E-04 
7, 4.650280E-04 
12, 6.070032E-09 
2, 4.607460E-04 
11, 2.259996E-07 
3, 5.980668E-04 
9, 5.362724E-05 
7, 5.613830E-04 
2, 4.567571E-04 
1, 7.033315E-05 
1, 8.751529E-05 
11, 2.000722E-06 
8, 1.347576E-04 
3, 7.366814E-04 
8, 1.857799E-04 
3, 8.527871E-04 
8, 1.720064E-04 
9, 6.335667E-05 
7, 4.883167E-04 
8, 1.083896E-04 
1, 6.734281E-05 
10, 2.473447E-05 
8, 1.115296E-04 
2, 3.824312E-04 
2, 3.637744E-04 
13, 1.364276E-09 
11, 1.793803E-06 
3, 8.191757E-04 
3, 7.897835E-04 
13, 1.608514E-09 
2, 4.536675E-04 
10, 4.891081E-06 
5, 1.218162E-03 
4, 6.737650E-04 
5, 1.455809E-03 
6, 7.313748E-04 
8, 1.765825E-04 
13, 1.147752E-09 
3, 3.556648E-04 
6, 9.162135E-04 
5, 1.060694E-03 
8, 2.020855E-04 
4, 1.270077E-03 
13, 1.096620E-09 
13, 1.617406E-09 
3, 8.950506E-04 
8, 4.361299E-04 
13, 1.838340E-09 
7, 3.189612E-04 
4, 1.155889E-03 
5, 1.140271E-03 
1, 7.171222E-05 
3, 4.867881E-04 
7, 5.154802E-04 
3, 6.417845E-04 
11, 1.832956E-07 
10, 4.349167E-06 
11, 9.761696E-08 
12, 6.088593E-08 
4, 1.109143E-03 
9, 6.335667E-05 
2, 4.680805E-04 
12, 4.775966E-09 
8, 2.048860E-04 
7, 3.422134E-04 
4, 7.607826E-04 
9, 5.556767E-05 
5, 1.245861E-03 
3, 5.105706E-04 
7, 2.340666E-04 
12, 5.725573E-08 
3, 7.754864E-04 
4, 1.148946E-03 
3, 7.697172E-04 
13, 1.398792E-09 
9, 4.122844E-05 
4, 8.488427E-04 
9, 4.443024E-05 
11, 8.779883E-07 
4, 1.143629E-03 
8, 1.837906E-04 
13, 1.884292E-09 
4, 7.967828E-04 
2, 6.588697E-04 
4, 8.280712E-04 
7, 4.831135E-04 
1, 5.693266E-05 
10, 8.267863E-06 
1, 6.030489E-05 
6, 1.021543E-03 
1, 6.734281E-05 
1, 9.990756E-05 
10, 8.307039E-06 
1, 5.954380E-05 
2, 3.867621E-04 
12, 6.131310E-08 
7, 3.403972E-04 
7, 4.549401E-04 
7, 5.374942E-04 
3, 6.400680E-04 
8, 1.596103E-04 
9, 6.747228E-05 
10, 1.239656E-05 
2, 3.653929E-04 
2, 3.993040E-04 
7, 3.907274E-04 
3, 6.414096E-04 
1, 7.749919E-05 
13, 2.387983E-09 
7, 3.679895E-04 
5, 1.454133E-03 
8, 1.624432E-04 
12, 4.959643E-08 
2, 2.718604E-04 
4, 8.692372E-04 
6, 7.187289E-04 
10, 1.256442E-05 
3, 9.168979E-04 
2, 4.298393E-04 
5, 1.061303E-03 
12, 2.727303E-09 
12, 6.106728E-08 
6, 7.564004E-04 
1, 6.002526E-05 
13, 1.560039E-09 
1, 1.185450E-04 
12, 7.593400E-08 
6, 1.027833E-03 
12, 7.943027E-08 
4, 1.247030E-03 
4, 9.334043E-04 
3, 8.191757E-04 
7, 5.253839E-04 
11, 6.432674E-08 
5, 1.050596E-03 
10, 1.019845E-05 
3, 8.558339E-04 
7, 5.294410E-04 
9, 4.846506E-05 
2, 3.536427E-04 
13, 1.528352E-09 
4, 9.175324E-04 
6, 8.244635E-04 
12, 3.234813E-09 
1, 7.848811E-05 
11, 1.079708E-06 
7, 3.214588E-04 
5, 7.153915E-04 
5, 1.790922E-03 
8, 1.518593E-04 
6, 1.075129E-03 
10, 4.949310E-05 
8, 2.097042E-04 
12, 3.513850E-08 
4, 7.658282E-04 
6, 1.212169E-03 
7, 4.876375E-04 
3, 8.657220E-04 
5, 1.009940E-03 
7, 5.331857E-04 
7, 4.677941E-04 
9, 5.003874E-05 
4, 1.237449E-03 
8, 1.792172E-04 
9, 5.566592E-05 
3, 9.006732E-04 
10, 1.425514E-05 
11, 1.612655E-06 
9, 4.166646E-05 
1, 9.321861E-05 
8, 1.228759E-04 
1, 7.024895E-05 
7, 3.288002E-04 
6, 1.020671E-03 
6, 1.055135E-03 
7, 4.265011E-04 
13, 1.120193E-09 
11, 6.528310E-08 
5, 1.049193E-03 
11, 1.466410E-06 
5, 1.294704E-03 
13, 1.711405E-09 
6, 5.197465E-04 
6, 7.887965E-04 
13, 1.147657E-09 
2, 4.121829E-04 
1, 7.965701E-05 
9, 5.256874E-05 
3, 6.762783E-04 
9, 4.582506E-05 
11, 1.612655E-06 
1, 1.100277E-04 
7, 5.156987E-04 
10, 8.956295E-06 
12, 1.617406E-09 
10, 2.340676E-05 
4, 1.016571E-03 
3, 8.310454E-04 
9, 5.515234E-05 
11, 1.248342E-06 
4, 8.294084E-04 
6, 6.979334E-04 
4, 8.904039E-04 
4, 7.793108E-04 
7, 3.679895E-04 
5, 9.559281E-04 
1, 1.046505E-04 
4, 8.781300E-04 
9, 5.316594E-05 
8, 1.182598E-04 
5, 1.214384E-03 
3, 5.221093E-04 
6, 9.377436E-04 
8, 1.114908E-04 
11, 1.169097E-06 
12, 2.341201E-09 
9, 7.690700E-05 
9, 5.503445E-05 
6, 9.946863E-04 
12, 9.551932E-09 
9, 5.463531E-05 
12, 5.344158E-08 
10, 1.697521E-05 
1, 9.693965E-05 
5, 1.514392E-03 
2, 3.686968E-04 
13, 1.193991E-09 
11, 1.152447E-06 
7, 4.412602E-04 
7, 5.510398E-04 
5, 1.077248E-03 
4, 1.039351E-03 
8, 1.816833E-04 
4, 7.271198E-04 
4, 1.030612E-03 
5, 9.813900E-04 
2, 3.272200E-04 
12, 4.680513E-08 
2, 4.123175E-04 
13, 1.795062E-09 
8, 1.166457E-04 
10, 1.365619E-05 
3, 9.165258E-04 
6, 7.960717E-04 
6, 1.469534E-03 
5, 1.181667E-03 
10, 5.352359E-06 
5, 1.008733E-03 
8, 2.099543E-04 
3, 7.473969E-04 
12, 5.506816E-09 
3, 6.776908E-04 
1, 6.755738E-05 
8, 1.395019E-04 
4, 8.977449E-04 
3, 8.231096E-04 
4, 7.579179E-04 
6, 9.005358E-04 
9, 6.743613E-05 
3, 8.426405E-04 
6, 6.779974E-04 
11, 5.231135E-08 
12, 6.444751E-08 
6, 1.427669E-03 
1, 6.221454E-05 
12, 2.393989E-09 
6, 7.762403E-04 
2, 4.763486E-04 
2, 4.012899E-04 
8, 1.096765E-04 
7, 3.224835E-04 
13, 1.730968E-09 
12, 2.781040E-09 
11, 2.700727E-06 
2, 3.955012E-04 
5, 1.102450E-03 
10, 2.086242E-06 
4, 8.662485E-04 
5, 1.381289E-03 
12, 8.756034E-08 
5, 1.134421E-03 
1, 8.198461E-05 
3, 8.870061E-04 
10, 9.096380E-06 
1, 1.108010E-04 
3, 8.313980E-04 
13, 1.370411E-09 
6, 1.083457E-03 
13, 1.772421E-09 
9, 4.065862E-05 
7, 3.639981E-04 
12, 6.203290E-08 
2, 4.317125E-04 
12, 5.297851E-09 
9, 9.865754E-05 
13, 2.002695E-09 
6, 7.602223E-04 
4, 1.027233E-03 
7, 3.569702E-04 
3, 7.067347E-04 
9, 4.232274E-05 
3, 7.890909E-04 
12, 3.677012E-08 
2, 4.238076E-04 
11, 9.159957E-07 
7, 4.754077E-04 
10, 5.353663E-06 
8, 1.185180E-04 
9, 4.599650E-05 
10, 3.559897E-06 
10, 1.363720E-05 
5, 1.684671E-03 
7, 5.255170E-04 
6, 9.868534E-04 
4, 9.661577E-04 
3, 8.747802E-04 
5, 1.126266E-03 
10, 9.851341E-06 
7, 3.762990E-04 
11, 1.523092E-07 
11, 1.423920E-06 
12, 4.806342E-08 
2, 3.556648E-04 
8, 1.804940E-04 
5, 1.125359E-03 
8, 1.284514E-04 
3, 7.761218E-04 
7, 4.716736E-04 
9, 8.073428E-05 
4, 1.030507E-03 
7, 4.397745E-04 
9, 5.352981E-05 
9, 5.183335E-05 
2, 1.490405E-04 
10, 1.350364E-06 
13, 2.041800E-09 
1, 1.127527E-04 
8, 1.180015E-04 
1, 1.370790E-04 
13, 1.638227E-09 
10, 1.645654E-05 
1, 8.368770E-05 
11, 9.951648E-07 
3, 8.612802E-04 
8, 1.343490E-04 
7, 7.732417E-04 
3, 8.729263E-04 
10, 5.353663E-06 
12, 4.408293E-08 
4, 6.537665E-04 
10, 6.105321E-06 
13, 1.147752E-09 
6, 1.059887E-03 
1, 8.762870E-05 
5, 1.212169E-03 
11, 1.445867E-06 
10, 5.395846E-06 
5, 1.038930E-03 
5, 1.017973E-03 
12, 2.537559E-09 
7, 4.874243E-04 
13, 1.617406E-09 
7, 8.568531E-04 
13, 1.449771E-09 
12, 3.610021E-09 
3, 7.967828E-04 
4, 9.113974E-04 
10, 9.755483E-06 
1, 7.037189E-05 
1, 8.010439E-05 
9, 6.674130E-05 
3, 7.711729E-04 
12, 4.273784E-09 
11, 9.806260E-07 
11, 1.041050E-06 
2, 4.300447E-04 
7, 4.752972E-04 
4, 7.932902E-04 
2, 2.758897E-04 
1, 5.799486E-05 
6, 1.056666E-03 
10, 3.479751E-06 
12, 4.387862E-09 
4, 9.513897E-04 
10, 1.158109E-05 
11, 1.041050E-06 
4, 9.124427E-04 
5, 1.364621E-03 
6, 8.579281E-04 
10, 8.936305E-06 
2, 4.462072E-04 
12, 4.873819E-08 
6, 1.073730E-03 
8, 2.056558E-04 
3, 8.081602E-04 
1, 8.384579E-05 
8, 1.894501E-04 
6, 1.110570E-03 
2, 4.743997E-04 
11, 1.350364E-06 
6, 1.082153E-03 
13, 1.719239E-09 
13, 1.231249E-09 
11, 1.062227E-06 
11, 1.173982E-06 
5, 1.148100E-03 
5, 9.959991E-04 
13, 1.833727E-09 
6, 1.037328E-03 
12, 4.228326E-08 
7, 5.527016E-04 
8, 1.077394E-04 
3, 9.214551E-04 
13, 1.795062E-09 
6, 6.820896E-04 
9, 3.764319E-05 
13, 2.063035E-09 
3, 7.945340E-04 
2, 3.207019E-04 
10, 7.192199E-06 
11, 9.452681E-07 
1, 6.042353E-05 
13, 1.496123E-09 
5, 1.110623E-03 
9, 2.678714E-05 
13, 1.514391E-09 
6, 1.055692E-03 
1, 8.368582E-05 
5, 1.052981E-03 
11, 9.295937E-07 
2, 3.812692E-04 
2, 4.208139E-04 
12, 5.372293E-08 
1, 7.239121E-05 
11, 6.088593E-08 
8, 1.099589E-04 
8, 1.291754E-04 
13, 1.196995E-09 
9, 4.597518E-05 
12, 1.690313E-07 
5, 1.352381E-03 
4, 7.504012E-04 
5, 1.022868E-03 
11, 8.957735E-07 
12, 3.262361E-08 
8, 1.312229E-04 
8, 1.244619E-04 
5, 9.641848E-04 
2, 4.491662E-04 
13, 1.617406E-09 
1, 1.090507E-04 
2, 1.159269E-04 
13, 1.193991E-09 
11, 3.380627E-07 
1, 1.240011E-04 
11, 5.231135E-08 
3, 4.760252E-04 
2, 4.093888E-04 
2, 4.420335E-04 
2, 4.162593E-04 
12, 2.387983E-09 
6, 7.245725E-04 
9, 8.026766E-05 
9, 5.256874E-05 
9, 5.183335E-05 
9, 5.034382E-05 
9, 5.003874E-05 
4, 6.688036E-04 
4, 6.590190E-04 
4, 6.554162E-04 
4, 6.537665E-04 
4, 6.401079E-04 
7, 4.283891E-04 
7, 4.113649E-04 
7, 3.917095E-04 
9, 9.037382E-05 
9, 6.747228E-05 
8, 6.676416E-05 
9, 5.566592E-05 
12, 1.690313E-07 
12, 1.690313E-07 
12, 8.451567E-08 
