13, 1.541395E-07 
10, 1.098945E-05 
7, 5.531738E-04 
6, 1.123021E-03 
13, 2.048538E-08 
8, 3.267244E-04 
7, 5.354990E-04 
9, 8.685002E-05 
9, 1.185023E-04 
3, 6.029325E-04 
8, 2.499721E-04 
2, 2.569897E-04 
5, 1.486917E-03 
10, 1.021071E-05 
5, 1.131041E-03 
7, 5.762034E-04 
9, 7.713852E-05 
6, 1.139989E-03 
7, 5.549704E-04 
11, 6.567640E-06 
4, 1.099972E-03 
3, 5.242084E-04 
11, 7.207518E-06 
12, 9.197872E-07 
13, 5.512597E-09 
11, 5.654719E-06 
8, 3.785680E-04 
3, 5.383236E-04 
7, 6.793067E-04 
4, 1.134242E-03 
7, 8.322296E-04 
1, 5.107319E-05 
3, 5.893241E-04 
8, 4.586336E-04 
7, 5.159275E-04 
13, 1.172460E-07 
14, 3.773173E-09 
9, 7.336821E-05 
10, 3.719945E-05 
3, 7.131821E-04 
8, 1.972183E-04 
1, 7.984157E-05 
9, 8.060262E-05 
6, 9.532969E-04 
14, 4.368084E-09 
11, 5.666334E-06 
12, 9.819178E-07 
12, 9.949465E-07 
6, 1.205806E-03 
12, 8.366824E-06 
14, 5.512597E-09 
4, 9.453845E-04 
2, 1.996072E-04 
2, 3.289317E-04 
3, 5.599375E-04 
10, 1.633983E-05 
9, 9.497379E-05 
14, 3.174483E-09 
9, 9.587689E-05 
5, 1.099695E-03 
5, 1.458003E-03 
5, 1.132000E-03 
1, 6.164643E-05 
11, 4.905252E-06 
1, 5.129660E-05 
1, 9.018114E-05 
3, 6.171235E-04 
9, 1.094836E-04 
9, 1.300989E-04 
2, 3.569762E-04 
8, 3.156822E-04 
7, 5.054098E-04 
7, 7.485539E-04 
3, 6.501387E-04 
10, 5.416823E-05 
5, 1.018305E-03 
8, 3.196946E-04 
2, 2.265891E-04 
12, 8.163662E-07 
3, 5.175908E-04 
12, 1.834527E-06 
1, 7.731703E-05 
5, 1.024301E-03 
5, 1.017441E-03 
13, 1.590607E-07 
7, 5.288115E-04 
12, 1.131404E-06 
1, 8.696681E-05 
11, 3.330286E-06 
4, 1.041607E-03 
3, 6.283731E-04 
6, 8.668990E-04 
10, 3.513143E-05 
14, 3.665984E-09 
12, 1.248775E-06 
1, 7.615378E-05 
12, 1.418642E-06 
1, 7.520250E-05 
2, 3.782191E-04 
3, 5.498820E-04 
13, 1.704624E-07 
8, 1.646870E-04 
8, 1.073774E-04 
9, 1.381288E-04 
9, 7.795493E-05 
5, 1.196999E-03 
14, 3.297537E-09 
14, 5.901619E-09 
2, 2.987580E-04 
3, 3.588589E-04 
7, 5.209114E-04 
13, 2.492229E-08 
7, 6.427990E-04 
7, 6.427138E-04 
4, 7.040280E-04 
9, 9.001897E-05 
2, 3.279940E-04 
1, 7.784111E-05 
6, 8.794156E-04 
13, 1.971246E-07 
9, 1.268833E-04 
2, 2.029130E-04 
2, 2.783973E-04 
7, 6.980450E-04 
7, 5.886300E-04 
11, 2.800817E-06 
6, 7.518591E-04 
9, 1.055269E-04 
7, 6.911614E-04 
8, 1.785816E-04 
1, 5.942134E-05 
6, 8.653553E-04 
6, 7.393022E-04 
6, 1.156668E-03 
6, 9.787144E-04 
9, 9.076512E-05 
2, 2.082278E-04 
12, 1.725508E-06 
9, 1.337083E-04 
8, 2.547282E-04 
9, 7.753985E-05 
10, 1.981145E-05 
9, 1.132786E-04 
1, 6.672028E-05 
14, 4.643580E-09 
10, 2.528228E-05 
1, 9.135767E-05 
1, 7.917227E-05 
13, 1.578566E-08 
11, 5.928624E-06 
11, 6.306342E-06 
14, 3.533333E-09 
3, 7.043191E-04 
12, 9.921854E-07 
11, 4.801938E-06 
8, 2.892081E-04 
4, 6.966832E-04 
1, 6.063873E-05 
6, 5.988876E-04 
4, 1.087294E-03 
12, 1.412781E-06 
10, 2.247433E-05 
5, 1.159781E-03 
12, 9.240075E-07 
13, 1.131191E-07 
13, 1.691946E-07 
2, 1.941253E-04 
7, 5.624073E-04 
3, 6.534412E-04 
11, 7.629060E-06 
2, 2.584757E-04 
14, 6.225559E-09 
7, 5.702646E-04 
14, 4.466223E-09 
3, 5.925236E-04 
12, 1.510874E-06 
6, 7.351015E-04 
14, 3.217187E-09 
6, 1.108528E-03 
14, 5.060584E-09 
4, 8.601610E-04 
10, 2.476594E-05 
3, 4.182407E-04 
5, 1.073457E-03 
8, 2.035759E-04 
1, 7.270668E-05 
11, 7.644133E-06 
3, 6.883538E-04 
8, 2.988904E-04 
4, 8.693174E-04 
7, 5.088144E-04 
4, 7.175013E-04 
7, 8.026546E-04 
6, 1.132297E-03 
4, 1.080479E-03 
13, 7.241238E-09 
5, 1.042668E-03 
12, 6.413878E-07 
10, 2.504033E-05 
9, 1.111341E-04 
6, 1.040801E-03 
6, 1.162793E-03 
8, 2.297873E-04 
7, 5.521098E-04 
6, 7.179337E-04 
5, 1.014962E-03 
13, 2.192018E-07 
12, 2.842438E-07 
6, 1.160597E-03 
13, 1.079578E-07 
11, 4.445874E-06 
12, 1.957337E-06 
7, 6.291604E-04 
10, 2.725403E-05 
14, 4.357815E-09 
9, 9.943757E-05 
2, 1.896932E-04 
14, 5.424096E-09 
12, 3.862424E-07 
13, 9.911186E-08 
10, 2.528228E-05 
6, 1.073556E-03 
14, 3.504843E-09 
2, 2.469821E-04 
10, 2.245147E-05 
8, 3.084139E-04 
8, 2.880592E-04 
13, 1.627124E-07 
7, 5.254293E-04 
9, 4.301829E-05 
2, 2.752442E-04 
3, 5.581091E-04 
7, 5.913326E-04 
1, 7.030059E-05 
13, 8.554490E-09 
9, 1.008709E-04 
7, 5.547996E-04 
7, 9.304415E-04 
14, 4.361126E-09 
4, 8.150982E-04 
13, 7.601444E-09 
10, 2.703468E-05 
5, 1.021685E-03 
3, 5.614036E-04 
4, 1.035259E-03 
5, 1.015937E-03 
13, 1.270722E-07 
8, 3.084725E-04 
11, 9.949465E-07 
2, 2.942960E-04 
9, 8.813731E-05 
8, 1.127027E-04 
2, 2.084792E-04 
1, 6.964895E-05 
11, 5.624391E-06 
12, 2.619968E-07 
3, 7.227259E-04 
4, 9.205721E-04 
11, 2.716817E-06 
4, 7.944015E-04 
10, 2.759651E-05 
2, 1.335097E-04 
2, 2.830069E-04 
4, 1.234506E-03 
5, 1.107888E-03 
3, 5.876333E-04 
11, 4.031505E-06 
9, 1.073774E-04 
11, 1.505535E-06 
2, 5.244285E-05 
9, 1.020724E-04 
6, 9.985362E-04 
14, 4.942622E-09 
8, 3.019065E-04 
8, 3.143998E-04 
11, 9.383227E-06 
6, 7.205590E-04 
1, 7.459977E-05 
6, 1.075014E-03 
10, 2.371584E-05 
3, 6.130945E-04 
3, 5.103828E-04 
2, 3.316064E-04 
8, 3.136093E-04 
1, 8.318396E-05 
13, 1.679245E-07 
8, 3.566025E-04 
1, 5.575539E-05 
1, 5.862289E-05 
11, 5.003580E-06 
6, 1.138838E-03 
4, 8.666115E-04 
9, 3.795007E-05 
9, 9.487517E-06 
13, 1.202576E-07 
9, 8.678316E-05 
5, 1.343255E-03 
5, 1.072247E-03 
4, 1.177194E-03 
13, 1.186535E-08 
8, 2.507872E-04 
11, 8.078513E-06 
13, 4.589467E-09 
12, 1.263401E-06 
5, 1.020575E-03 
14, 6.852202E-09 
5, 1.169216E-03 
4, 1.183544E-03 
9, 1.340750E-04 
5, 1.033341E-03 
1, 5.028755E-05 
10, 2.246054E-05 
5, 1.035101E-03 
6, 6.320513E-04 
10, 1.760032E-05 
2, 3.647240E-04 
11, 2.589875E-06 
14, 4.919533E-09 
13, 7.739987E-09 
3, 7.313585E-04 
1, 6.518425E-05 
5, 1.067546E-03 
14, 4.491742E-09 
5, 1.485759E-03 
7, 5.284821E-04 
7, 5.674923E-04 
9, 8.419542E-05 
13, 2.793580E-07 
13, 9.962384E-09 
11, 4.124449E-06 
8, 3.166737E-04 
1, 5.321066E-05 
11, 3.935255E-06 
4, 7.463976E-04 
12, 2.457457E-06 
14, 3.990849E-09 
5, 1.326875E-03 
5, 8.928919E-04 
1, 7.235431E-05 
11, 4.314840E-06 
8, 3.041520E-04 
10, 2.343997E-05 
13, 1.014978E-07 
12, 8.349696E-07 
6, 9.586907E-04 
6, 7.324671E-04 
2, 1.954070E-04 
2, 1.933115E-04 
2, 3.006166E-04 
4, 8.014106E-04 
9, 1.155886E-04 
6, 1.123978E-03 
14, 4.045383E-09 
7, 5.325264E-04 
3, 2.850171E-04 
6, 1.189229E-03 
11, 6.862908E-06 
2, 3.094821E-04 
13, 1.971246E-07 
9, 7.796835E-05 
5, 1.341038E-03 
11, 2.993838E-06 
8, 3.220302E-04 
9, 9.433921E-05 
2, 3.536505E-04 
7, 4.735355E-04 
13, 9.734903E-08 
11, 7.989642E-06 
11, 7.360315E-06 
6, 8.673931E-04 
8, 1.282443E-04 
8, 2.750608E-04 
11, 6.454917E-06 
4, 7.900866E-04 
8, 1.811230E-04 
4, 1.064693E-03 
12, 1.135986E-06 
8, 2.133759E-04 
2, 7.274664E-05 
10, 2.436582E-05 
8, 5.853370E-04 
13, 1.108600E-07 
2, 3.588589E-04 
11, 8.848523E-06 
4, 9.253344E-04 
13, 1.078291E-08 
8, 3.211470E-04 
12, 1.422192E-06 
5, 1.159972E-03 
2, 1.893129E-04 
10, 2.705000E-05 
14, 4.930793E-09 
13, 1.010662E-07 
4, 1.193482E-03 
8, 2.475520E-04 
10, 2.403897E-05 
10, 2.657107E-05 
1, 9.468122E-05 
11, 2.933947E-06 
8, 3.320907E-04 
6, 6.778351E-04 
11, 3.576965E-06 
7, 5.645780E-04 
10, 2.558685E-05 
4, 1.038221E-03 
7, 6.314134E-04 
1, 5.490901E-05 
10, 1.598813E-05 
14, 5.060584E-09 
1, 7.450884E-05 
10, 8.075641E-05 
3, 5.826415E-04 
7, 8.101786E-04 
9, 1.232877E-04 
9, 5.291428E-05 
5, 1.102628E-03 
5, 1.064576E-03 
3, 5.923938E-04 
10, 1.432579E-05 
2, 5.685343E-04 
14, 6.301191E-09 
5, 1.044844E-03 
8, 3.019065E-04 
4, 7.482087E-04 
3, 7.157746E-04 
3, 5.408406E-04 
3, 5.121150E-04 
1, 8.152587E-05 
9, 7.944654E-05 
2, 3.063692E-04 
1, 1.711620E-04 
10, 3.098563E-05 
14, 3.895509E-09 
12, 1.200630E-06 
8, 3.209763E-04 
1, 7.398841E-05 
3, 4.387441E-04 
3, 6.634044E-04 
14, 3.781243E-09 
12, 1.420449E-06 
12, 1.614536E-06 
11, 5.199827E-06 
2, 1.245053E-04 
12, 1.196692E-06 
6, 1.181401E-03 
13, 1.142807E-07 
12, 4.802182E-07 
13, 1.075055E-08 
13, 1.102791E-07 
5, 1.039612E-03 
12, 7.841574E-07 
8, 1.398366E-04 
6, 9.232448E-04 
4, 1.142205E-03 
4, 1.064854E-03 
11, 1.905872E-05 
3, 7.403740E-04 
1, 8.180473E-05 
4, 7.949956E-04 
2, 3.331183E-04 
11, 4.723642E-06 
12, 9.867329E-07 
5, 1.197572E-03 
3, 5.387889E-04 
14, 3.758049E-09 
10, 1.878184E-05 
6, 1.150411E-03 
6, 9.959387E-04 
9, 1.185782E-04 
14, 3.280776E-09 
4, 7.062879E-04 
6, 1.057513E-03 
3, 5.246686E-04 
11, 1.735577E-06 
1, 7.284758E-05 
3, 5.740748E-04 
8, 3.197553E-04 
8, 3.576252E-04 
1, 5.187970E-05 
10, 2.528228E-05 
7, 7.028134E-04 
10, 3.116945E-05 
7, 6.046993E-04 
11, 6.639869E-06 
4, 6.408736E-04 
2, 2.024813E-04 
3, 5.775330E-04 
2, 3.122341E-04 
5, 1.026691E-03 
4, 9.027283E-04 
4, 7.062879E-04 
11, 2.751639E-06 
10, 3.121553E-05 
8, 3.239477E-04 
7, 6.869945E-04 
14, 3.391067E-09 
4, 9.817624E-04 
1, 8.843823E-05 
5, 8.917029E-04 
12, 2.598433E-07 
5, 1.046680E-03 
1, 5.187970E-05 
11, 6.999566E-06 
8, 3.098274E-04 
5, 1.036481E-03 
9, 1.371441E-04 
3, 8.166192E-04 
10, 2.508608E-05 
4, 9.121109E-04 
12, 1.170473E-06 
8, 1.988751E-04 
6, 7.205590E-04 
9, 1.146514E-04 
4, 6.807296E-04 
1, 1.556553E-04 
9, 1.009583E-04 
1, 7.594974E-05 
1, 1.054329E-04 
1, 6.840784E-05 
13, 1.318367E-08 
1, 6.178955E-05 
4, 1.070103E-03 
9, 7.849906E-05 
1, 6.751671E-05 
1, 6.522405E-05 
9, 1.274994E-04 
8, 3.602490E-04 
7, 7.437372E-04 
2, 3.390292E-04 
2, 2.738859E-04 
13, 1.526773E-08 
7, 5.167693E-04 
2, 2.661897E-04 
10, 3.315203E-05 
2, 1.701739E-04 
3, 6.634044E-04 
2, 2.754779E-04 
14, 3.426101E-09 
3, 4.412959E-04 
11, 2.498067E-06 
10, 1.119465E-05 
7, 5.248180E-04 
7, 5.288242E-04 
11, 7.028230E-06 
1, 7.498004E-05 
14, 4.239793E-09 
13, 1.142807E-07 
2, 1.425461E-04 
7, 5.449575E-04 
9, 1.272332E-04 
8, 1.667262E-04 
13, 1.060416E-07 
9, 8.138014E-05 
14, 3.895509E-09 
11, 4.990989E-06 
10, 3.121553E-05 
9, 1.065163E-04 
3, 5.348143E-04 
10, 2.593413E-05 
8, 2.425640E-04 
13, 1.591285E-08 
10, 2.891474E-05 
2, 3.212377E-04 
1, 5.237132E-05 
13, 1.698647E-08 
1, 4.920289E-05 
11, 5.969247E-06 
12, 3.183582E-07 
3, 5.737126E-04 
4, 9.750459E-04 
6, 1.125256E-03 
10, 3.412048E-05 
14, 3.391067E-09 
3, 7.304157E-04 
3, 5.563130E-04 
4, 6.747036E-04 
4, 7.175013E-04 
6, 1.175536E-03 
6, 1.151696E-03 
6, 7.703229E-04 
14, 4.320158E-09 
10, 1.178327E-05 
3, 4.144154E-04 
10, 2.340041E-05 
11, 4.771978E-06 
11, 5.440214E-06 
11, 4.579394E-06 
2, 4.826242E-04 
10, 2.098510E-05 
12, 1.174679E-06 
14, 3.721056E-09 
12, 1.566555E-06 
1, 1.162617E-04 
13, 1.916150E-07 
6, 1.116479E-03 
4, 1.157823E-03 
12, 3.089236E-07 
5, 1.054149E-03 
8, 3.331898E-04 
11, 7.782695E-06 
7, 5.254181E-04 
14, 3.721056E-09 
9, 1.370506E-04 
4, 1.091102E-03 
5, 1.044009E-03 
10, 2.145219E-05 
11, 5.624391E-06 
12, 9.867329E-07 
7, 5.384716E-04 
5, 1.115402E-03 
2, 2.891039E-04 
1, 7.728124E-05 
11, 4.155304E-06 
5, 1.414942E-03 
12, 1.271048E-06 
2, 1.525098E-04 
14, 4.989767E-09 
2, 2.546207E-04 
13, 9.926247E-08 
12, 4.254859E-07 
10, 3.369525E-05 
9, 1.227384E-04 
2, 2.963400E-04 
11, 2.857651E-06 
9, 1.134307E-04 
8, 2.789642E-04 
2, 3.255765E-04 
10, 5.416823E-05 
8, 2.535400E-04 
6, 1.102967E-03 
14, 3.549845E-09 
3, 4.719400E-04 
10, 2.956767E-05 
4, 7.162198E-04 
7, 5.288115E-04 
5, 1.146057E-03 
12, 1.529605E-06 
9, 1.194824E-04 
3, 5.115789E-04 
2, 2.381286E-04 
1, 5.974665E-05 
6, 9.337797E-04 
4, 7.981207E-04 
10, 4.400991E-05 
10, 2.983287E-05 
10, 1.825159E-05 
12, 4.802011E-07 
8, 3.249265E-04 
14, 3.906705E-09 
1, 6.416663E-05 
6, 8.278268E-04 
1, 7.823841E-05 
1, 5.367373E-05 
13, 1.591949E-08 
6, 9.455587E-04 
11, 9.091302E-06 
13, 1.357517E-07 
7, 6.864655E-04 
11, 1.702204E-05 
10, 2.293817E-05 
14, 4.015144E-09 
12, 1.989893E-06 
3, 7.063842E-04 
13, 1.014978E-07 
7, 9.080242E-04 
8, 2.618013E-04 
3, 4.717206E-04 
3, 6.317145E-04 
9, 1.234813E-04 
5, 1.252355E-03 
14, 5.517690E-09 
5, 1.128166E-03 
3, 6.457664E-04 
8, 2.986035E-04 
6, 9.895926E-04 
9, 9.681720E-05 
13, 1.134359E-07 
4, 1.043980E-03 
3, 4.824482E-04 
12, 1.812455E-06 
8, 3.785680E-04 
2, 2.594859E-04 
9, 1.309445E-04 
14, 5.999356E-09 
6, 1.181608E-03 
11, 5.614080E-06 
3, 6.113554E-04 
1, 6.818538E-05 
7, 6.756254E-04 
12, 1.166108E-06 
10, 3.340349E-05 
2, 3.438438E-04 
8, 2.885482E-04 
8, 2.925212E-04 
13, 3.089236E-07 
12, 3.553798E-07 
7, 5.354990E-04 
9, 1.061223E-04 
3, 1.010121E-03 
7, 6.952031E-04 
11, 7.534528E-06 
5, 1.020575E-03 
12, 1.017033E-06 
8, 1.853927E-04 
4, 8.800334E-04 
13, 1.439027E-08 
5, 1.138324E-03 
8, 2.474884E-04 
11, 5.366685E-06 
7, 5.411891E-04 
2, 3.292373E-04 
8, 1.132786E-04 
6, 1.150060E-03 
3, 5.028984E-04 
6, 7.691587E-04 
1, 6.366721E-05 
14, 4.831583E-09 
13, 1.393992E-07 
6, 1.138445E-03 
2, 4.521666E-04 
11, 1.731297E-06 
10, 2.569989E-05 
5, 1.273588E-03 
14, 3.910799E-09 
14, 3.174483E-09 
5, 1.304644E-03 
4, 1.168772E-03 
5, 1.066159E-03 
5, 1.016749E-03 
13, 8.544029E-09 
5, 1.018936E-03 
11, 4.171988E-06 
9, 7.462335E-05 
10, 9.448896E-05 
8, 1.862988E-04 
7, 6.472585E-04 
2, 3.784915E-04 
13, 1.044686E-07 
2, 2.738859E-04 
12, 1.182317E-06 
1, 5.642315E-05 
10, 5.543044E-05 
4, 7.859644E-04 
13, 1.894515E-08 
14, 5.989838E-09 
10, 1.488831E-05 
14, 5.710227E-09 
9, 1.281708E-04 
9, 7.710498E-05 
14, 3.327672E-09 
1, 8.995317E-05 
4, 7.451892E-04 
7, 7.183545E-04 
7, 7.150759E-04 
2, 1.956666E-04 
1, 5.785780E-05 
2, 1.933115E-04 
8, 2.016445E-04 
7, 5.183555E-04 
1, 9.007661E-05 
1, 6.522079E-05 
13, 1.580178E-07 
4, 1.040837E-03 
12, 1.080000E-06 
6, 6.320513E-04 
2, 4.127046E-04 
9, 4.873165E-05 
4, 7.527112E-04 
4, 1.230897E-03 
4, 1.073719E-03 
9, 1.160592E-04 
2, 4.857035E-04 
9, 1.105239E-04 
12, 9.349517E-07 
12, 1.484201E-06 
13, 1.236962E-07 
7, 4.779057E-04 
10, 2.757714E-05 
10, 1.657298E-05 
10, 2.549049E-05 
12, 1.412781E-06 
3, 4.941373E-04 
1, 7.438909E-05 
3, 6.738953E-04 
5, 1.058204E-03 
13, 2.172310E-08 
13, 1.085286E-07 
3, 5.201695E-04 
12, 1.025740E-06 
6, 1.027543E-03 
6, 7.269556E-04 
3, 7.442224E-04 
14, 5.470087E-09 
1, 7.697473E-05 
13, 1.383656E-08 
3, 6.620948E-04 
9, 1.394457E-04 
11, 4.169358E-06 
5, 1.070758E-03 
10, 2.670339E-05 
12, 1.281429E-06 
6, 9.702375E-04 
9, 1.449857E-04 
12, 8.480159E-07 
7, 6.296155E-04 
9, 1.185720E-04 
2, 2.851664E-04 
12, 8.221097E-07 
9, 7.281118E-05 
6, 7.649084E-04 
14, 4.989767E-09 
3, 4.939415E-04 
9, 1.069200E-04 
1, 1.182606E-04 
2, 1.944763E-04 
8, 3.337247E-04 
7, 6.844666E-04 
6, 1.174478E-03 
8, 3.073706E-04 
12, 9.287943E-07 
11, 8.528914E-06 
9, 1.267572E-04 
12, 1.659967E-06 
2, 3.306435E-04 
10, 3.743195E-05 
9, 8.910703E-05 
13, 6.221637E-09 
14, 3.721056E-09 
6, 1.114179E-03 
9, 1.339722E-04 
8, 2.079131E-04 
11, 4.663699E-06 
11, 9.091302E-06 
6, 6.662561E-04 
8, 1.516041E-04 
7, 6.068613E-04 
11, 6.371039E-06 
14, 3.758049E-09 
12, 1.590105E-06 
3, 7.143339E-04 
9, 1.293719E-04 
6, 1.188575E-03 
5, 1.196418E-03 
6, 1.119859E-03 
4, 6.843906E-04 
14, 3.855419E-09 
6, 8.078727E-04 
4, 1.071521E-03 
4, 9.531637E-04 
2, 3.438078E-04 
14, 4.320158E-09 
7, 5.655786E-04 
14, 4.357815E-09 
11, 5.651358E-06 
4, 7.136039E-04 
11, 4.350495E-06 
13, 1.951195E-07 
14, 6.362757E-09 
9, 1.002144E-04 
8, 1.604882E-04 
8, 2.880592E-04 
10, 2.528228E-05 
12, 1.352079E-06 
13, 1.082744E-07 
9, 7.462335E-05 
6, 1.074322E-03 
12, 1.127806E-06 
4, 6.534732E-04 
13, 1.764031E-07 
12, 1.610147E-06 
9, 1.015357E-04 
6, 1.055247E-03 
12, 4.418051E-07 
12, 1.214235E-06 
5, 1.324402E-03 
9, 1.307376E-04 
12, 9.867329E-07 
7, 4.729366E-04 
13, 1.044686E-07 
1, 8.111828E-05 
4, 1.067220E-03 
13, 1.881471E-07 
3, 6.340705E-04 
14, 5.559484E-09 
7, 4.885841E-04 
11, 6.365389E-06 
9, 3.424589E-05 
12, 1.627235E-06 
8, 2.570248E-04 
11, 8.051738E-06 
5, 1.065791E-03 
2, 1.956666E-04 
6, 7.324671E-04 
6, 1.057208E-03 
5, 1.075954E-03 
11, 5.479270E-06 
14, 6.800126E-09 
11, 2.522732E-06 
8, 3.119751E-04 
2, 2.604112E-04 
12, 6.565167E-07 
5, 1.080629E-03 
10, 1.912936E-05 
7, 6.922161E-04 
9, 7.462335E-05 
10, 1.126778E-05 
9, 8.871987E-05 
4, 1.064609E-03 
4, 1.135076E-03 
12, 1.190790E-06 
14, 5.340861E-09 
7, 7.102644E-04 
6, 8.233934E-04 
13, 8.286986E-09 
9, 1.062196E-04 
4, 1.040536E-03 
6, 6.650755E-04 
8, 3.135842E-04 
4, 8.756758E-04 
13, 2.059075E-08 
14, 6.225967E-09 
3, 6.666881E-04 
13, 2.024034E-07 
2, 1.945310E-04 
11, 3.171426E-06 
7, 5.626836E-04 
3, 5.360092E-04 
14, 3.721056E-09 
6, 6.460219E-04 
7, 6.203236E-04 
11, 4.015401E-06 
13, 1.452297E-08 
11, 2.545120E-06 
7, 4.735355E-04 
12, 1.386116E-06 
5, 9.679797E-04 
4, 6.408736E-04 
11, 2.936203E-06 
10, 2.926011E-06 
14, 4.854820E-09 
8, 2.956397E-04 
7, 4.963411E-04 
5, 1.250389E-03 
11, 3.754371E-06 
13, 1.194189E-08 
3, 6.497400E-04 
12, 8.418735E-07 
10, 1.717268E-05 
6, 8.120536E-04 
3, 6.668892E-04 
1, 7.746105E-05 
8, 3.071043E-04 
4, 7.361272E-04 
14, 4.499781E-09 
14, 6.221637E-09 
4, 6.534732E-04 
8, 2.033723E-04 
6, 9.315895E-04 
6, 1.188575E-03 
8, 2.294826E-04 
13, 1.971246E-07 
1, 7.274664E-05 
1, 5.907158E-05 
11, 7.016455E-06 
6, 1.082346E-03 
12, 1.289629E-06 
13, 1.815794E-07 
8, 2.986035E-04 
14, 4.376331E-09 
1, 6.126141E-05 
5, 1.008534E-03 
12, 1.624342E-06 
7, 6.724262E-04 
11, 5.003580E-06 
1, 6.649801E-05 
7, 6.464592E-04 
9, 9.032036E-05 
7, 4.757270E-04 
10, 3.759756E-05 
3, 6.368101E-04 
6, 6.182473E-04 
5, 1.450571E-03 
11, 3.546320E-06 
5, 7.508064E-04 
3, 5.541434E-04 
14, 4.862653E-09 
7, 7.389643E-04 
3, 6.948918E-04 
8, 2.996567E-04 
6, 1.162793E-03 
9, 7.384853E-05 
14, 3.318843E-09 
5, 1.463392E-03 
10, 2.697817E-05 
4, 1.091567E-03 
7, 7.247779E-04 
8, 2.453531E-04 
2, 3.315234E-04 
2, 2.851664E-04 
2, 2.578048E-04 
12, 1.108993E-06 
10, 1.005721E-04 
6, 7.891696E-04 
9, 7.455300E-05 
3, 6.712257E-04 
5, 1.078953E-03 
12, 9.156175E-07 
8, 2.437784E-04 
6, 1.131359E-03 
9, 1.421248E-04 
2, 3.438484E-04 
2, 4.816088E-04 
3, 4.825464E-04 
2, 1.317805E-04 
12, 8.128024E-07 
8, 2.204414E-04 
12, 1.172337E-06 
12, 6.632427E-07 
1, 9.537887E-05 
3, 5.935435E-04 
3, 6.178041E-04 
13, 4.550690E-09 
14, 3.721056E-09 
13, 1.148214E-08 
11, 1.731297E-06 
10, 2.370975E-05 
4, 1.055293E-03 
6, 9.791228E-04 
11, 5.651358E-06 
8, 3.072839E-04 
8, 3.154846E-04 
10, 2.983287E-05 
6, 5.388372E-04 
2, 2.908299E-04 
7, 6.668627E-04 
5, 1.084473E-03 
14, 3.773173E-09 
5, 1.096449E-03 
14, 4.688496E-09 
13, 1.027604E-07 
14, 4.643580E-09 
10, 1.627911E-05 
7, 6.835409E-04 
14, 4.110935E-09 
9, 7.753985E-05 
1, 5.658654E-05 
3, 7.324625E-04 
13, 1.622135E-08 
13, 1.077277E-08 
9, 7.688942E-05 
7, 5.322989E-04 
11, 7.833490E-06 
12, 1.596152E-06 
13, 1.786988E-07 
12, 1.352079E-06 
14, 3.851708E-09 
7, 6.463899E-04 
6, 1.114824E-03 
3, 5.651922E-04 
6, 1.111081E-03 
10, 2.416021E-05 
12, 1.514600E-06 
5, 1.002358E-03 
12, 1.328321E-06 
7, 5.119831E-04 
2, 3.769567E-04 
5, 1.015660E-03 
6, 6.242318E-04 
6, 1.154285E-03 
3, 8.128343E-04 
8, 2.693542E-04 
1, 5.120564E-05 
5, 1.072299E-03 
12, 1.482223E-06 
6, 1.051055E-03 
4, 1.055947E-03 
13, 1.108600E-07 
10, 2.371584E-05 
7, 6.724571E-04 
14, 3.910799E-09 
3, 6.584745E-04 
12, 8.720830E-07 
13, 1.198076E-07 
11, 4.350495E-06 
7, 6.082918E-04 
5, 1.053172E-03 
11, 3.878583E-06 
12, 1.031531E-06 
8, 3.156822E-04 
11, 6.567640E-06 
13, 1.307506E-08 
13, 1.320729E-07 
10, 7.493976E-05 
9, 4.365992E-05 
11, 6.174438E-06 
8, 2.747866E-04 
13, 1.525297E-07 
8, 6.217080E-04 
13, 2.329619E-07 
9, 4.032038E-05 
1, 9.281517E-05 
5, 1.443487E-03 
6, 8.071279E-04 
14, 4.376331E-09 
4, 6.411365E-04 
4, 1.114083E-03 
8, 3.223933E-04 
1, 6.996513E-05 
9, 1.283068E-04 
8, 2.811573E-04 
9, 1.132604E-04 
2, 3.756205E-04 
3, 2.649174E-04 
7, 5.337381E-04 
5, 1.294266E-03 
12, 1.139201E-06 
13, 9.734903E-08 
2, 3.672284E-04 
1, 8.879135E-05 
6, 1.044895E-03 
4, 1.224976E-03 
13, 1.595495E-07 
8, 1.862988E-04 
12, 1.029170E-06 
3, 4.898253E-04 
14, 4.423677E-09 
10, 3.369525E-05 
3, 6.644893E-04 
3, 5.067152E-04 
13, 1.584743E-08 
8, 2.839966E-04 
5, 1.496902E-03 
1, 5.107319E-05 
12, 1.127806E-06 
9, 7.776670E-05 
4, 7.900866E-04 
12, 9.129370E-07 
7, 8.116297E-04 
14, 4.437455E-09 
4, 1.043181E-03 
4, 7.236891E-04 
5, 1.151070E-03 
3, 6.991809E-04 
14, 3.721056E-09 
1, 7.676359E-05 
4, 1.193482E-03 
1, 7.264878E-05 
3, 4.939415E-04 
4, 1.265897E-03 
4, 7.677495E-04 
6, 1.048581E-03 
7, 6.995683E-04 
12, 9.949465E-07 
5, 1.033392E-03 
8, 1.205743E-04 
7, 6.387525E-04 
12, 9.538040E-07 
7, 5.503839E-04 
10, 2.460088E-05 
3, 6.892459E-04 
12, 1.202274E-06 
1, 7.264878E-05 
1, 5.107319E-05 
9, 9.930560E-05 
2, 2.387014E-04 
6, 1.172463E-03 
5, 1.007196E-03 
3, 6.547623E-04 
2, 3.210947E-04 
6, 5.447463E-04 
5, 1.063972E-03 
9, 1.024394E-04 
10, 1.043080E-05 
7, 7.102644E-04 
11, 4.857571E-06 
10, 2.370975E-05 
12, 8.418735E-07 
1, 7.635337E-05 
4, 7.482087E-04 
6, 1.067857E-03 
6, 6.082509E-04 
3, 6.028271E-04 
8, 2.625134E-04 
7, 6.659648E-04 
9, 9.497379E-05 
5, 1.352821E-03 
3, 7.637305E-04 
5, 1.060531E-03 
4, 6.375310E-04 
9, 9.287638E-05 
14, 6.225559E-09 
6, 7.714501E-04 
5, 1.394087E-03 
2, 3.583411E-04 
12, 1.335473E-06 
14, 3.895509E-09 
11, 4.653938E-06 
1, 5.813087E-05 
3, 5.069321E-04 
1, 7.016557E-05 
12, 1.624342E-06 
8, 2.022119E-04 
11, 3.552493E-06 
13, 2.334345E-08 
5, 1.360024E-03 
6, 7.351015E-04 
10, 2.476594E-05 
9, 7.336821E-05 
14, 3.721056E-09 
7, 6.142087E-04 
11, 4.031505E-06 
8, 3.194505E-04 
13, 1.232569E-07 
12, 1.328321E-06 
8, 2.307381E-04 
14, 3.963645E-09 
7, 5.414423E-04 
9, 9.522828E-05 
1, 7.823841E-05 
4, 1.031993E-03 
5, 1.089979E-03 
13, 1.898994E-07 
12, 1.285455E-06 
9, 1.406688E-04 
1, 7.226954E-05 
7, 6.086093E-04 
1, 5.997635E-05 
2, 3.425827E-04 
11, 4.673863E-06 
10, 3.527526E-05 
7, 6.883882E-04 
13, 1.236962E-07 
2, 3.017268E-04 
10, 4.283236E-05 
12, 1.271048E-06 
5, 7.305544E-04 
9, 7.903304E-05 
13, 2.196074E-08 
2, 2.804265E-04 
13, 8.897067E-09 
11, 5.624391E-06 
5, 1.464779E-03 
3, 6.474294E-04 
11, 1.286832E-05 
7, 7.465797E-04 
14, 4.854820E-09 
13, 1.360385E-07 
11, 7.882178E-06 
8, 2.886744E-04 
4, 1.157079E-03 
4, 8.723031E-04 
2, 3.771312E-04 
14, 6.286616E-09 
5, 7.520257E-04 
6, 7.660131E-04 
7, 5.239163E-04 
11, 4.036273E-06 
5, 1.146317E-03 
4, 7.047767E-04 
13, 1.607059E-07 
7, 5.702646E-04 
14, 5.957563E-09 
14, 4.242432E-09 
5, 1.326628E-03 
4, 1.018366E-03 
11, 3.545658E-06 
12, 1.073640E-06 
2, 2.335258E-04 
6, 9.938363E-04 
13, 7.546624E-09 
7, 5.524807E-04 
2, 3.305674E-04 
4, 1.054607E-03 
11, 7.258580E-06 
3, 6.852385E-04 
4, 1.038928E-03 
6, 1.102530E-03 
11, 6.445257E-06 
13, 2.028484E-08 
13, 3.677581E-07 
7, 5.449575E-04 
1, 1.082745E-04 
4, 1.085003E-03 
6, 1.100615E-03 
1, 6.479220E-05 
4, 1.179213E-03 
9, 1.127027E-04 
2, 2.865035E-04 
7, 5.924695E-04 
12, 9.921854E-07 
13, 2.571018E-08 
13, 1.108532E-07 
2, 1.615295E-04 
11, 3.504944E-06 
5, 1.392169E-03 
6, 1.035952E-03 
5, 1.190883E-03 
5, 1.054296E-03 
6, 1.135571E-03 
4, 6.368491E-04 
14, 3.549877E-09 
1, 7.490377E-05 
14, 6.362757E-09 
8, 3.187985E-04 
2, 2.783827E-04 
7, 5.458303E-04 
11, 8.634465E-06 
3, 4.161411E-04 
9, 8.686812E-05 
1, 6.340980E-05 
1, 8.409972E-05 
14, 6.014904E-09 
1, 5.679838E-05 
8, 2.725329E-04 
12, 1.912210E-06 
1, 8.641967E-05 
12, 3.495828E-06 
12, 1.377713E-06 
2, 2.953781E-04 
14, 5.124094E-09 
3, 5.514324E-04 
8, 2.325266E-04 
1, 5.321066E-05 
7, 5.248348E-04 
3, 7.016039E-04 
8, 3.191142E-04 
1, 6.474757E-05 
6, 7.639493E-04 
11, 3.805178E-06 
3, 5.629123E-04 
2, 3.430775E-04 
9, 1.128177E-04 
2, 3.196683E-04 
1, 7.524154E-05 
5, 1.367919E-03 
1, 6.082710E-05 
14, 3.504843E-09 
1, 6.252855E-05 
6, 8.917029E-04 
12, 9.867329E-07 
3, 5.154310E-04 
2, 3.232151E-04 
11, 3.559471E-06 
11, 4.258339E-06 
14, 4.482099E-09 
12, 3.416806E-07 
12, 9.240075E-07 
7, 5.443607E-04 
7, 6.445534E-04 
12, 1.422192E-06 
3, 5.665639E-04 
2, 3.518350E-04 
10, 4.358390E-05 
3, 6.317401E-04 
4, 7.945736E-04 
6, 6.242318E-04 
5, 8.096109E-04 
14, 3.810483E-09 
14, 3.475922E-09 
9, 8.631140E-05 
13, 1.898994E-07 
5, 1.216439E-03 
5, 1.017308E-03 
8, 2.176307E-04 
5, 1.125264E-03 
3, 7.982013E-04 
1, 9.381269E-05 
8, 2.979180E-04 
11, 2.770236E-06 
3, 5.151082E-04 
6, 9.705686E-04 
8, 3.370157E-04 
12, 8.681168E-07 
2, 5.178680E-04 
9, 1.374301E-04 
8, 1.811230E-04 
4, 1.069668E-03 
2, 1.945310E-04 
3, 1.211602E-03 
14, 3.280776E-09 
12, 1.188391E-06 
5, 1.488825E-03 
3, 5.486878E-04 
4, 1.234929E-03 
9, 8.714856E-05 
10, 3.003367E-05 
7, 5.524483E-04 
1, 7.784111E-05 
9, 1.293719E-04 
6, 7.725612E-04 
11, 7.833490E-06 
3, 4.182407E-04 
3, 5.169112E-04 
10, 2.460088E-05 
3, 7.817729E-04 
8, 2.500306E-04 
8, 1.761210E-04 
12, 1.665409E-06 
8, 3.421285E-04 
9, 7.358050E-05 
2, 2.428563E-04 
11, 5.807986E-06 
2, 2.444997E-04 
13, 1.764431E-07 
13, 1.142807E-07 
8, 2.776173E-04 
6, 1.018039E-03 
3, 5.086406E-04 
3, 4.410948E-04 
9, 1.268833E-04 
6, 5.183555E-04 
1, 5.958862E-05 
8, 3.324406E-04 
12, 1.482295E-06 
7, 5.655298E-04 
7, 5.245674E-04 
6, 6.082509E-04 
5, 1.114218E-03 
13, 1.830859E-07 
12, 1.390641E-06 
8, 2.911454E-04 
14, 4.542447E-09 
8, 2.890130E-04 
5, 1.394676E-03 
8, 2.234789E-04 
13, 1.014978E-07 
13, 1.075410E-08 
8, 2.992851E-04 
13, 1.685321E-07 
14, 4.593822E-09 
7, 4.884172E-04 
5, 1.062317E-03 
14, 3.523601E-09 
4, 1.025340E-03 
6, 1.156992E-03 
2, 3.020045E-04 
2, 2.630034E-04 
14, 4.099292E-09 
10, 2.340041E-05 
14, 1.297505E-08 
6, 1.034146E-03 
1, 5.490901E-05 
3, 5.355888E-04 
12, 1.055772E-06 
5, 1.383067E-03 
2, 2.960264E-04 
11, 1.146838E-06 
3, 5.125355E-04 
3, 4.387441E-04 
5, 8.730326E-04 
6, 8.192595E-04 
8, 2.326361E-04 
11, 4.554651E-06 
7, 9.690328E-04 
10, 1.460067E-05 
14, 4.099292E-09 
5, 1.074732E-03 
10, 1.211680E-05 
10, 3.306709E-05 
1, 5.958862E-05 
1, 9.051801E-05 
11, 2.964263E-06 
1, 6.874901E-05 
3, 5.201695E-04 
7, 6.924022E-04 
14, 4.547148E-09 
13, 4.169046E-09 
1, 7.728213E-05 
2, 2.497358E-04 
9, 1.386798E-04 
6, 8.589347E-04 
8, 2.772426E-04 
13, 1.204103E-07 
5, 1.155836E-03 
9, 8.024408E-05 
2, 3.388250E-04 
5, 1.085270E-03 
4, 9.404610E-04 
14, 4.206405E-09 
12, 9.200393E-07 
1, 9.381269E-05 
2, 2.942960E-04 
11, 5.107496E-06 
5, 9.609135E-04 
5, 1.099636E-03 
5, 1.071734E-03 
2, 8.322021E-05 
1, 5.367373E-05 
12, 8.221097E-07 
7, 6.251586E-04 
2, 3.678136E-04 
10, 2.075844E-05 
13, 2.941704E-08 
6, 9.214047E-04 
11, 4.305685E-06 
2, 2.795039E-04 
13, 2.793280E-07 
14, 5.147342E-09 
2, 2.746117E-04 
11, 1.661145E-06 
4, 6.355858E-04 
3, 6.837226E-04 
11, 2.917972E-06 
12, 1.088172E-06 
9, 1.263442E-04 
3, 5.699568E-04 
9, 1.298698E-04 
11, 6.342338E-06 
5, 1.077268E-03 
9, 1.172111E-04 
7, 6.311809E-04 
1, 7.347351E-05 
4, 1.032351E-03 
3, 7.159941E-04 
8, 2.237679E-04 
8, 2.979882E-04 
13, 1.695097E-07 
7, 5.155860E-04 
4, 1.091689E-03 
6, 1.010121E-03 
8, 2.351252E-04 
7, 5.263098E-04 
10, 2.738137E-05 
2, 2.243986E-04 
11, 5.240666E-06 
2, 2.701182E-04 
6, 6.853214E-04 
4, 1.020424E-03 
11, 4.986003E-06 
5, 1.014737E-03 
8, 2.933674E-04 
13, 1.105116E-07 
10, 2.751564E-05 
4, 6.635870E-04 
10, 2.001793E-05 
3, 5.159384E-04 
1, 1.426507E-04 
11, 3.338433E-06 
8, 2.204414E-04 
2, 2.677560E-04 
6, 6.147266E-04 
14, 6.282149E-09 
12, 1.493722E-06 
14, 4.748620E-09 
3, 4.412959E-04 
12, 1.072049E-06 
11, 1.680739E-06 
9, 1.040355E-04 
10, 3.517039E-05 
2, 3.438078E-04 
10, 2.751564E-05 
8, 2.174618E-04 
7, 5.933501E-04 
2, 2.830760E-04 
1, 1.185819E-04 
1, 7.984157E-05 
8, 3.266089E-04 
7, 6.800527E-04 
7, 1.037561E-03 
2, 2.567360E-04 
7, 8.053769E-04 
11, 1.822327E-06 
6, 9.336459E-04 
7, 5.571700E-04 
10, 3.176603E-05 
4, 1.054927E-03 
4, 1.064872E-03 
10, 8.929081E-05 
9, 1.094001E-04 
7, 5.188444E-04 
7, 4.958343E-04 
11, 4.209205E-06 
3, 6.720469E-04 
10, 3.053120E-05 
12, 1.248775E-06 
13, 1.568813E-07 
10, 2.074635E-05 
5, 1.049311E-03 
14, 4.187024E-09 
5, 1.064039E-03 
2, 2.364802E-04 
6, 1.074531E-03 
7, 5.343339E-04 
10, 2.763762E-05 
13, 1.322623E-08 
13, 1.994976E-08 
8, 2.451183E-04 
2, 3.623431E-04 
13, 1.297474E-07 
10, 2.030441E-05 
4, 7.327467E-04 
13, 1.209185E-08 
12, 1.592875E-06 
5, 1.061373E-03 
11, 6.310883E-06 
10, 2.058577E-05 
9, 1.016861E-04 
2, 3.557630E-04 
11, 4.114749E-06 
8, 2.977159E-04 
8, 3.099963E-04 
8, 3.170433E-04 
11, 1.989893E-06 
4, 9.816235E-04 
4, 7.648044E-04 
2, 2.305754E-04 
3, 7.095781E-04 
6, 1.162498E-03 
12, 9.949465E-07 
7, 6.130851E-04 
10, 2.403897E-05 
11, 9.575807E-06 
6, 1.055451E-03 
9, 8.366934E-05 
10, 9.426261E-05 
2, 2.577790E-04 
9, 1.435691E-04 
1, 8.069975E-05 
10, 2.343997E-05 
9, 7.416005E-05 
13, 1.142807E-07 
4, 8.742921E-04 
5, 1.368033E-03 
10, 2.705000E-05 
13, 1.360385E-07 
12, 9.949465E-07 
10, 2.795405E-05 
1, 5.581589E-05 
1, 8.767325E-05 
10, 2.383619E-05 
3, 5.279511E-04 
14, 5.543920E-09 
8, 2.568758E-04 
5, 1.429537E-03 
9, 1.232590E-04 
6, 1.039993E-03 
13, 1.723305E-08 
10, 2.428562E-05 
3, 7.140492E-04 
6, 9.996992E-04 
6, 8.390245E-04 
10, 1.021499E-05 
3, 6.462095E-04 
7, 7.023098E-04 
13, 1.778340E-08 
4, 1.034625E-03 
1, 5.912138E-05 
11, 5.248476E-06 
10, 3.301168E-05 
9, 1.079553E-04 
6, 1.173521E-03 
5, 1.058378E-03 
12, 1.352220E-07 
12, 1.834527E-06 
7, 4.939863E-04 
2, 2.604112E-04 
6, 1.057555E-03 
8, 3.180002E-04 
10, 2.725403E-05 
4, 6.720980E-04 
2, 2.918462E-04 
5, 1.100179E-03 
3, 5.069321E-04 
11, 3.913088E-06 
12, 1.075811E-06 
5, 9.679797E-04 
3, 5.059725E-04 
4, 1.271868E-03 
13, 1.247340E-08 
8, 2.409080E-04 
11, 3.711659E-06 
11, 6.371039E-06 
3, 5.150031E-04 
3, 5.294605E-04 
2, 2.177136E-04 
6, 1.025340E-03 
8, 2.079131E-04 
7, 6.882706E-04 
12, 8.666478E-07 
14, 5.475547E-09 
7, 6.570924E-04 
7, 5.563286E-04 
2, 2.242339E-04 
8, 2.359839E-04 
8, 2.260935E-04 
10, 8.929081E-05 
9, 1.167352E-04 
8, 2.584255E-04 
7, 5.154743E-04 
14, 5.741368E-09 
3, 3.756205E-04 
11, 2.159999E-06 
13, 4.593822E-09 
1, 7.886337E-05 
7, 4.692777E-04 
13, 1.370169E-07 
6, 9.378773E-04 
13, 1.465906E-07 
5, 1.429627E-03 
1, 5.965502E-05 
10, 2.492434E-05 
14, 4.368084E-09 
10, 2.417198E-05 
9, 1.250691E-04 
9, 1.339722E-04 
2, 2.476582E-04 
11, 3.091597E-06 
1, 5.187970E-05 
7, 5.630339E-04 
6, 1.205806E-03 
1, 5.237132E-05 
11, 4.017304E-06 
9, 1.309950E-04 
11, 3.237038E-06 
8, 2.907894E-04 
13, 1.045438E-07 
7, 5.193233E-04 
13, 6.735819E-09 
11, 7.106915E-06 
14, 3.758049E-09 
4, 1.018181E-03 
10, 4.312842E-05 
9, 9.688360E-05 
12, 1.293873E-06 
5, 1.423999E-03 
4, 1.073967E-03 
10, 3.774845E-05 
9, 1.211119E-04 
12, 1.062493E-06 
1, 2.172630E-04 
4, 7.162198E-04 
7, 5.248180E-04 
2, 3.489569E-04 
14, 4.484467E-09 
12, 1.244561E-06 
4, 9.319741E-04 
14, 3.260274E-09 
4, 7.772204E-04 
8, 2.266062E-04 
11, 3.253312E-06 
10, 3.424589E-05 
8, 1.771082E-04 
11, 6.633250E-06 
2, 3.072800E-04 
4, 1.049264E-03 
3, 5.610313E-04 
11, 3.926209E-06 
1, 8.242928E-05 
10, 2.234164E-05 
2, 2.648866E-04 
2, 3.133181E-04 
14, 6.735819E-09 
13, 1.108600E-07 
14, 3.940321E-09 
2, 3.588360E-04 
5, 1.090742E-03 
1, 8.217270E-05 
6, 9.379740E-04 
2, 3.152001E-04 
1, 9.634992E-05 
3, 5.957646E-04 
9, 1.219041E-04 
6, 1.146675E-03 
11, 4.905252E-06 
12, 1.381905E-06 
3, 4.877375E-04 
3, 5.387889E-04 
6, 6.384359E-04 
10, 1.126778E-05 
5, 1.324337E-03 
12, 9.347520E-07 
8, 2.608102E-04 
14, 4.710282E-09 
4, 6.516162E-04 
2, 1.944763E-04 
14, 3.781243E-09 
5, 1.102214E-03 
3, 4.814423E-04 
11, 3.935255E-06 
2, 3.641806E-04 
6, 9.725884E-04 
10, 3.646926E-05 
6, 8.640466E-04 
11, 3.041390E-06 
6, 1.122246E-03 
10, 2.913982E-05 
9, 1.052175E-04 
13, 1.041704E-07 
12, 1.189782E-06 
11, 5.107496E-06 
8, 1.817463E-04 
12, 3.538912E-07 
13, 1.316061E-08 
5, 1.005402E-03 
9, 9.050444E-05 
9, 1.161790E-04 
2, 3.037193E-04 
2, 3.674257E-04 
9, 1.232581E-04 
1, 8.139332E-05 
9, 9.247224E-05 
11, 5.896029E-06 
13, 1.524395E-08 
1, 5.539806E-05 
13, 1.417804E-08 
5, 1.081579E-03 
1, 8.089279E-05 
6, 5.761161E-04 
7, 5.016431E-04 
5, 1.269987E-03 
2, 3.484392E-04 
1, 7.490377E-05 
6, 7.804867E-04 
14, 4.591359E-09 
6, 8.233440E-04 
5, 1.033596E-03 
8, 3.077157E-04 
11, 3.709580E-06 
12, 1.205168E-06 
4, 7.034636E-04 
5, 8.612542E-04 
10, 2.560059E-05 
4, 1.109634E-03 
13, 1.286648E-08 
12, 1.448751E-06 
3, 5.086061E-04 
8, 4.586336E-04 
2, 2.399900E-04 
8, 3.118734E-04 
1, 6.066853E-05 
7, 6.472585E-04 
2, 2.242566E-04 
14, 5.984687E-09 
6, 9.712054E-04 
13, 1.014978E-07 
14, 3.855419E-09 
13, 2.024034E-07 
4, 1.040150E-03 
13, 1.053740E-07 
7, 5.090283E-04 
13, 2.018643E-07 
13, 2.024034E-07 
13, 1.739467E-07 
14, 5.512597E-09 
12, 1.526317E-06 
1, 6.592593E-05 
2, 2.432485E-04 
5, 1.214785E-03 
11, 1.505535E-06 
14, 4.642890E-09 
8, 2.939872E-04 
4, 6.843906E-04 
13, 1.813260E-08 
6, 8.280371E-04 
10, 1.690297E-05 
11, 5.969247E-06 
4, 9.424765E-04 
12, 1.193101E-06 
10, 3.366917E-05 
9, 9.522828E-05 
8, 2.586085E-04 
4, 1.015223E-03 
8, 2.881017E-04 
13, 1.740259E-08 
2, 2.610722E-04 
14, 3.933584E-09 
6, 7.693315E-04 
8, 2.670008E-04 
5, 1.065171E-03 
2, 2.862426E-04 
11, 3.975309E-06 
12, 3.233635E-07 
9, 7.810222E-05 
10, 2.416021E-05 
13, 1.351755E-07 
14, 4.862653E-09 
2, 3.004278E-04 
14, 6.244853E-09 
12, 1.684173E-06 
3, 7.719252E-04 
10, 1.852576E-05 
3, 4.144154E-04 
13, 1.027604E-07 
7, 5.894527E-04 
6, 1.113067E-03 
7, 6.565159E-04 
10, 3.189088E-05 
4, 6.411365E-04 
11, 3.259625E-06 
4, 7.034636E-04 
13, 5.857916E-09 
7, 1.070669E-03 
7, 5.412341E-04 
14, 4.121618E-09 
13, 1.232152E-07 
9, 7.796835E-05 
1, 6.522405E-05 
2, 3.509779E-04 
7, 7.949498E-04 
10, 2.737089E-05 
8, 4.628121E-04 
9, 7.451551E-05 
9, 1.185782E-04 
5, 1.058674E-03 
13, 2.675094E-08 
11, 4.554651E-06 
6, 8.653553E-04 
8, 2.072079E-04 
8, 2.738880E-04 
11, 1.989893E-06 
2, 2.994705E-04 
11, 3.475319E-06 
5, 1.131638E-03 
6, 1.158104E-03 
14, 6.199445E-09 
8, 6.940899E-04 
4, 1.136205E-03 
10, 4.832043E-05 
13, 3.546298E-08 
4, 8.072574E-04 
6, 7.975391E-04 
14, 4.124927E-09 
13, 1.207032E-07 
10, 2.267040E-05 
3, 6.994270E-04 
11, 6.817853E-06 
2, 1.677970E-04 
10, 4.191950E-05 
11, 5.624391E-06 
7, 6.579490E-04 
1, 6.601323E-05 
2, 2.669061E-04 
9, 7.358050E-05 
5, 1.449641E-03 
10, 1.126778E-05 
5, 1.441263E-03 
8, 3.393645E-04 
5, 1.210770E-03 
8, 1.838293E-04 
8, 2.658317E-04 
13, 1.753559E-07 
2, 1.635707E-04 
3, 7.048285E-04 
3, 6.241382E-04 
2, 3.093415E-04 
4, 8.894843E-04 
3, 6.355858E-04 
5, 1.118539E-03 
8, 2.910087E-04 
7, 6.472585E-04 
2, 2.532606E-04 
7, 6.082970E-04 
9, 9.878153E-05 
9, 7.634693E-05 
6, 7.704459E-04 
3, 5.145929E-04 
3, 5.727951E-04 
6, 7.551442E-04 
4, 1.004704E-03 
14, 5.946155E-09 
9, 1.232581E-04 
7, 5.448222E-04 
9, 1.079151E-04 
4, 7.352754E-04 
4, 7.567842E-04 
6, 1.165866E-03 
11, 3.979786E-06 
8, 2.387064E-04 
5, 1.475539E-03 
8, 1.180801E-04 
3, 7.148558E-04 
1, 6.307188E-05 
6, 1.081875E-03 
4, 1.087758E-03 
14, 6.065100E-09 
6, 1.159240E-03 
10, 2.245147E-05 
5, 1.055069E-03 
13, 4.710282E-09 
6, 9.995749E-04 
7, 5.155860E-04 
10, 2.711023E-05 
2, 2.891039E-04 
14, 4.212991E-09 
5, 1.040158E-03 
9, 2.697817E-05 
3, 6.178041E-04 
5, 1.407213E-03 
1, 7.087285E-05 
6, 1.145231E-03 
13, 1.108600E-07 
2, 2.597982E-04 
12, 1.399848E-06 
11, 4.905252E-06 
11, 4.031505E-06 
7, 6.671242E-04 
8, 1.817463E-04 
9, 7.465899E-05 
4, 8.075764E-04 
3, 5.127736E-04 
2, 2.758325E-04 
8, 3.268349E-04 
12, 8.773099E-07 
5, 8.046763E-04 
4, 1.076807E-03 
2, 3.279940E-04 
4, 9.375785E-04 
13, 1.280996E-08 
3, 7.561952E-04 
2, 2.993877E-04 
12, 9.230940E-07 
7, 5.228810E-04 
5, 1.222019E-03 
8, 1.321056E-04 
3, 6.514322E-04 
5, 1.063684E-03 
4, 7.638688E-04 
6, 7.869945E-04 
8, 2.937383E-04 
8, 2.761282E-04 
7, 5.106209E-04 
13, 1.381479E-07 
11, 4.624056E-06 
3, 6.130945E-04 
3, 4.161411E-04 
3, 3.069108E-04 
11, 8.798697E-06 
7, 5.465655E-04 
2, 3.340587E-04 
12, 1.399174E-06 
6, 1.065976E-03 
1, 9.007661E-05 
5, 1.072464E-03 
6, 9.350623E-04 
10, 9.791265E-05 
5, 1.021411E-03 
14, 3.426101E-09 
7, 5.145767E-04 
13, 1.767352E-08 
6, 1.011883E-03 
13, 1.157246E-08 
1, 5.437590E-05 
12, 9.287943E-07 
11, 5.949891E-06 
1, 8.186178E-05 
11, 3.888874E-06 
5, 1.377481E-03 
12, 2.514952E-07 
10, 3.538287E-05 
8, 2.427701E-04 
12, 1.542143E-06 
2, 2.438456E-04 
11, 3.205644E-06 
5, 1.380589E-03 
5, 1.476709E-03 
9, 9.745523E-05 
13, 1.302600E-07 
4, 1.051314E-03 
8, 2.372355E-04 
10, 3.207142E-05 
12, 1.079414E-06 
6, 1.117775E-03 
14, 4.204808E-09 
2, 2.862685E-04 
6, 1.095366E-03 
5, 1.093009E-03 
5, 1.047903E-03 
7, 6.091886E-04 
4, 1.018366E-03 
7, 5.761161E-04 
14, 4.133986E-09 
12, 7.364529E-07 
11, 3.409975E-06 
3, 5.775330E-04 
10, 3.419884E-05 
4, 7.981207E-04 
6, 1.069506E-03 
7, 6.255158E-04 
8, 3.120282E-04 
9, 7.538014E-05 
5, 1.146772E-03 
6, 1.158324E-03 
11, 7.005083E-06 
2, 2.959029E-04 
9, 9.251353E-05 
4, 7.432608E-04 
12, 1.330650E-06 
11, 5.479270E-06 
12, 3.653839E-07 
8, 2.775398E-04 
12, 1.433986E-06 
12, 6.754242E-07 
1, 5.679838E-05 
4, 8.993312E-04 
1, 8.102916E-05 
1, 5.107319E-05 
12, 3.209337E-07 
9, 1.073735E-04 
4, 9.349688E-04 
4, 8.873723E-04 
13, 7.546624E-09 
8, 2.702400E-04 
8, 3.389176E-04 
8, 3.291646E-04 
9, 1.281871E-04 
2, 2.364802E-04 
10, 2.840682E-05 
11, 7.442325E-06 
10, 3.495880E-05 
14, 4.240378E-09 
5, 1.014071E-03 
10, 3.356796E-05 
11, 2.655729E-06 
8, 5.719794E-04 
2, 3.425827E-04 
12, 1.812455E-06 
14, 3.964796E-09 
3, 6.928688E-04 
12, 1.106928E-06 
8, 2.499763E-04 
6, 7.396986E-04 
1, 7.935082E-05 
12, 1.135986E-06 
4, 1.183897E-03 
4, 1.071100E-03 
9, 1.090123E-04 
9, 1.019975E-04 
14, 5.965573E-09 
7, 7.097267E-04 
10, 1.387848E-05 
12, 1.018029E-06 
4, 9.434928E-04 
6, 1.037848E-03 
2, 2.071105E-04 
4, 1.061735E-03 
13, 1.971246E-07 
14, 3.855419E-09 
3, 3.123109E-04 
12, 1.542143E-06 
10, 2.635473E-05 
11, 5.626739E-06 
14, 3.217187E-09 
6, 9.256528E-04 
9, 1.031002E-04 
6, 6.113008E-04 
7, 6.573049E-04 
5, 1.055587E-03 
9, 5.529064E-05 
9, 7.281118E-05 
3, 6.198650E-04 
7, 6.281746E-04 
13, 1.232569E-07 
9, 1.108089E-04 
3, 5.703903E-04 
13, 1.786988E-07 
5, 1.236519E-03 
4, 1.118244E-03 
14, 3.721056E-09 
5, 7.520257E-04 
7, 5.614049E-04 
2, 2.661897E-04 
14, 5.919192E-09 
11, 5.776629E-06 
12, 7.848641E-07 
2, 2.001934E-04 
12, 1.283546E-06 
1, 1.188684E-04 
2, 3.727471E-04 
11, 4.723642E-06 
10, 2.738137E-05 
6, 1.080739E-03 
11, 2.743820E-06 
14, 3.318843E-09 
6, 1.068186E-03 
13, 1.353012E-07 
13, 1.167779E-07 
5, 1.210242E-03 
14, 3.260274E-09 
6, 1.033820E-03 
5, 1.029054E-03 
12, 1.168189E-06 
4, 1.087124E-03 
2, 3.737988E-04 
1, 5.187970E-05 
5, 1.009375E-03 
11, 4.905252E-06 
3, 5.191137E-04 
11, 2.570354E-06 
10, 4.312842E-05 
10, 2.260322E-05 
13, 1.233734E-07 
12, 1.659967E-06 
12, 1.537560E-06 
12, 1.350063E-06 
11, 3.126169E-06 
3, 5.479127E-04 
1, 7.905641E-05 
9, 9.247224E-05 
2, 3.255765E-04 
14, 4.677310E-09 
3, 5.413517E-04 
3, 5.607010E-04 
1, 9.468122E-05 
3, 5.312321E-04 
10, 1.637127E-05 
8, 2.958315E-04 
13, 3.849396E-09 
9, 1.172491E-04 
3, 2.960264E-04 
5, 1.076733E-03 
4, 1.058140E-03 
6, 7.247779E-04 
2, 2.595721E-04 
4, 1.127978E-03 
4, 8.759203E-04 
3, 7.250331E-04 
13, 2.278754E-08 
4, 7.361272E-04 
3, 5.822991E-04 
12, 1.989893E-06 
14, 9.496657E-09 
14, 3.783853E-09 
1, 8.879135E-05 
10, 1.039617E-05 
7, 5.315722E-04 
9, 9.746199E-05 
13, 1.783749E-08 
10, 1.318033E-05 
13, 1.131191E-07 
4, 1.065796E-03 
3, 5.898591E-04 
6, 8.826867E-04 
6, 1.055644E-03 
2, 2.752442E-04 
14, 4.505323E-09 
1, 8.887135E-05 
9, 8.368366E-05 
9, 8.916316E-05 
13, 1.134359E-07 
9, 1.045486E-04 
7, 6.505436E-04 
6, 7.693315E-04 
2, 2.108659E-04 
7, 4.701360E-04 
13, 1.739467E-07 
10, 1.346984E-05 
3, 4.458618E-04 
1, 9.462849E-05 
14, 3.649246E-09 
4, 1.157343E-03 
14, 4.643580E-09 
14, 4.099292E-09 
4, 7.517958E-04 
7, 5.838825E-04 
9, 1.120713E-04 
1, 8.089279E-05 
11, 5.485604E-06 
9, 1.150340E-04 
9, 7.493654E-05 
4, 1.117405E-03 
10, 1.126778E-05 
11, 3.692177E-06 
2, 2.730007E-04 
9, 7.634693E-05 
13, 1.308875E-07 
7, 7.169639E-04 
1, 5.997635E-05 
14, 4.991844E-09 
12, 1.485874E-06 
13, 1.142807E-07 
14, 4.611492E-09 
9, 7.462335E-05 
4, 7.236891E-04 
12, 1.116540E-06 
10, 3.142697E-05 
4, 1.063816E-03 
10, 2.605550E-05 
6, 9.027471E-04 
13, 9.926247E-08 
14, 3.940321E-09 
3, 7.399464E-04 
14, 3.242856E-09 
5, 1.345690E-03 
9, 3.801328E-05 
12, 9.949465E-07 
5, 1.077663E-03 
1, 8.667152E-05 
7, 5.119831E-04 
1, 8.973833E-05 
3, 5.005562E-04 
8, 3.075473E-04 
7, 5.868103E-04 
2, 3.546931E-04 
12, 1.138523E-06 
14, 4.361126E-09 
4, 8.728427E-04 
8, 1.516041E-04 
12, 1.152899E-06 
8, 2.158444E-04 
1, 9.057440E-05 
12, 2.926182E-07 
4, 7.942757E-04 
6, 1.097386E-03 
14, 4.542275E-09 
8, 3.151480E-04 
10, 4.626008E-05 
6, 9.814531E-04 
5, 1.059389E-03 
2, 2.720068E-04 
8, 2.658317E-04 
5, 1.181839E-03 
12, 1.023505E-06 
5, 1.050614E-03 
7, 7.053992E-04 
7, 5.243692E-04 
11, 7.106915E-06 
12, 1.661145E-06 
10, 4.730757E-05 
6, 1.033612E-03 
11, 1.531246E-06 
10, 4.301829E-05 
4, 7.876411E-04 
8, 3.000533E-04 
2, 2.448848E-04 
1, 8.365510E-05 
12, 1.197909E-06 
7, 6.182473E-04 
14, 4.015144E-09 
10, 2.965979E-05 
1, 7.697473E-05 
1, 8.250864E-05 
10, 4.560864E-05 
13, 1.916150E-07 
2, 2.473865E-04 
9, 1.224513E-04 
9, 1.429802E-04 
6, 9.190272E-04 
14, 3.857933E-09 
2, 3.652441E-04 
11, 6.214859E-06 
14, 4.121618E-09 
4, 1.164051E-03 
9, 1.199729E-04 
10, 1.632237E-05 
9, 1.236481E-04 
3, 5.509446E-04 
7, 5.939268E-04 
7, 5.254181E-04 
2, 2.000625E-04 
5, 1.420265E-03 
10, 3.969653E-05 
5, 1.108918E-03 
4, 1.070188E-03 
7, 6.164018E-04 
10, 1.899878E-05 
10, 2.192321E-05 
10, 1.531498E-05 
12, 3.399503E-07 
11, 5.235245E-06 
3, 5.301960E-04 
14, 4.191471E-09 
13, 1.898977E-08 
3, 5.191522E-04 
13, 1.920890E-08 
4, 1.090910E-03 
10, 2.956767E-05 
4, 8.281930E-04 
2, 2.649174E-04 
10, 4.032038E-05 
10, 3.513143E-05 
7, 5.322989E-04 
13, 3.942492E-07 
13, 1.378621E-08 
13, 1.270722E-07 
8, 3.034141E-04 
8, 3.239626E-04 
6, 6.341537E-04 
6, 1.167611E-03 
10, 2.469775E-05 
10, 1.391615E-04 
12, 7.184682E-07 
14, 4.788605E-09 
10, 2.074635E-05 
1, 6.921408E-05 
2, 3.934886E-04 
8, 2.702400E-04 
7, 7.428515E-04 
5, 8.612542E-04 
3, 5.077169E-04 
10, 2.711023E-05 
13, 9.975368E-08 
13, 1.640296E-07 
10, 3.089659E-05 
5, 1.058941E-03 
7, 6.274447E-04 
2, 2.475311E-04 
5, 1.389606E-03 
12, 5.871129E-07 
9, 8.138014E-05 
14, 4.169300E-09 
4, 9.028190E-04 
6, 1.017881E-03 
8, 2.489969E-04 
2, 2.241869E-04 
11, 5.968127E-06 
10, 2.201305E-05 
12, 1.482496E-06 
5, 1.152467E-03 
3, 4.985392E-04 
2, 3.035944E-04 
13, 1.908507E-07 
10, 1.225331E-05 
2, 2.532799E-04 
3, 5.114458E-04 
14, 4.205453E-09 
3, 5.563130E-04 
10, 2.026699E-05 
11, 3.408926E-06 
5, 1.171009E-03 
1, 7.830927E-05 
12, 1.629813E-06 
4, 9.060038E-04 
14, 4.361126E-09 
5, 1.156994E-03 
11, 3.059956E-06 
10, 3.275295E-05 
7, 8.180115E-04 
4, 1.072321E-03 
4, 1.061629E-03 
9, 8.419542E-05 
1, 5.642748E-05 
14, 3.910799E-09 
1, 7.684086E-05 
11, 2.564224E-06 
14, 3.458207E-09 
8, 1.811230E-04 
7, 6.603127E-04 
6, 9.350623E-04 
13, 1.108600E-07 
2, 2.126894E-04 
8, 3.015788E-04 
10, 2.597827E-05 
12, 1.179519E-06 
4, 7.217017E-04 
1, 8.159896E-05 
2, 2.699735E-04 
9, 8.753545E-05 
6, 7.179337E-04 
5, 8.046763E-04 
3, 4.842625E-04 
14, 3.721056E-09 
4, 1.026085E-03 
14, 5.833259E-09 
2, 2.117438E-04 
1, 9.070706E-05 
9, 1.135004E-04 
9, 6.329560E-05 
4, 7.040280E-04 
8, 2.858650E-04 
12, 1.166114E-06 
8, 1.391615E-04 
8, 2.579419E-04 
2, 2.097933E-04 
7, 6.296155E-04 
14, 3.231445E-09 
5, 1.070051E-03 
11, 7.009851E-06 
3, 7.235302E-04 
13, 2.024034E-07 
9, 7.735898E-05 
7, 5.887079E-04 
12, 1.619227E-06 
2, 2.873134E-04 
7, 8.964579E-04 
7, 6.835707E-04 
11, 1.539175E-06 
12, 1.817273E-06 
2, 6.999913E-04 
1, 7.438909E-05 
2, 4.461549E-04 
3, 4.769913E-04 
3, 4.787324E-04 
13, 1.010662E-07 
12, 1.659967E-06 
2, 2.476582E-04 
8, 2.136428E-04 
11, 1.463091E-06 
8, 6.504717E-04 
3, 5.614036E-04 
13, 1.430023E-07 
11, 5.989071E-06 
8, 2.823245E-04 
4, 6.375310E-04 
6, 1.005749E-03 
2, 2.278558E-04 
4, 1.037753E-03 
2, 3.327558E-04 
11, 8.078513E-06 
7, 5.579913E-04 
11, 4.303821E-06 
8, 2.414758E-04 
5, 1.011883E-03 
1, 8.962316E-05 
12, 1.636085E-06 
14, 3.309542E-09 
8, 2.013968E-04 
11, 4.621318E-06 
11, 5.054701E-06 
7, 7.668504E-04 
14, 4.814051E-09 
5, 1.488291E-03 
2, 5.793650E-05 
4, 1.044895E-03 
4, 6.635870E-04 
8, 2.749667E-04 
9, 8.837141E-05 
14, 5.077147E-09 
9, 7.903304E-05 
14, 4.099292E-09 
14, 3.318843E-09 
14, 3.943683E-09 
7, 4.769998E-04 
4, 1.059064E-03 
8, 2.481808E-04 
6, 8.611054E-04 
1, 8.238733E-05 
10, 2.434235E-05 
8, 3.324406E-04 
1, 9.502491E-05 
3, 7.724151E-04 
8, 3.389176E-04 
11, 3.878583E-06 
14, 5.581738E-09 
3, 6.473326E-04 
13, 1.246658E-08 
6, 1.183058E-03 
9, 7.455300E-05 
14, 6.225967E-09 
5, 1.130034E-03 
4, 9.816235E-04 
11, 5.154478E-06 
14, 3.327672E-09 
10, 1.846037E-05 
13, 1.315153E-08 
11, 1.817273E-06 
7, 6.680939E-04 
4, 1.170059E-03 
11, 5.564450E-06 
2, 1.341081E-04 
7, 8.999487E-04 
6, 1.141053E-03 
3, 4.410948E-04 
4, 1.138502E-03 
5, 1.425118E-03 
2, 2.804265E-04 
4, 8.460633E-04 
7, 8.244614E-04 
14, 4.515755E-09 
5, 1.024369E-03 
5, 1.002623E-03 
3, 6.634714E-04 
5, 8.096109E-04 
4, 1.101081E-03 
9, 3.969653E-05 
13, 4.089621E-08 
3, 5.018569E-04 
10, 2.919718E-05 
13, 1.815794E-07 
13, 1.971246E-07 
9, 1.205743E-04 
9, 1.381356E-04 
8, 1.853927E-04 
1, 7.432343E-05 
9, 5.886215E-05 
7, 5.158186E-04 
1, 6.233870E-05 
4, 1.059015E-03 
10, 2.004521E-05 
1, 5.965502E-05 
4, 7.217017E-04 
10, 6.356878E-05 
3, 5.285214E-04 
11, 3.075292E-06 
6, 9.135691E-04 
5, 1.085518E-03 
13, 2.024034E-07 
12, 1.191577E-06 
5, 1.062047E-03 
4, 7.945736E-04 
6, 1.106472E-03 
1, 8.072098E-05 
7, 5.733403E-04 
3, 7.088276E-04 
13, 3.910799E-09 
4, 1.075586E-03 
14, 3.533333E-09 
10, 5.387286E-06 
1, 6.340980E-05 
6, 8.665812E-04 
7, 4.919579E-04 
1, 6.157528E-05 
3, 6.061292E-04 
10, 1.595087E-05 
5, 1.084989E-03 
10, 2.434235E-05 
5, 1.083798E-03 
5, 8.730326E-04 
7, 6.774460E-04 
14, 3.377933E-09 
7, 6.724262E-04 
8, 2.129109E-04 
11, 4.368365E-06 
3, 5.002051E-04 
12, 1.248569E-06 
1, 6.128215E-05 
12, 1.659967E-06 
2, 2.670624E-04 
12, 1.125605E-06 
14, 4.658810E-09 
14, 5.509705E-09 
1, 6.928161E-05 
6, 9.956322E-04 
13, 1.085286E-07 
7, 6.961027E-04 
5, 9.046676E-04 
4, 1.009662E-03 
5, 1.121239E-03 
1, 5.949175E-05 
10, 2.593413E-05 
5, 1.219484E-03 
9, 2.136428E-04 
4, 5.435728E-04 
5, 1.069335E-03 
4, 7.641870E-04 
8, 2.804117E-04 
10, 5.543044E-05 
6, 1.053405E-03 
12, 1.285021E-06 
8, 3.572317E-04 
14, 6.800126E-09 
7, 5.742723E-04 
11, 8.333699E-06 
12, 1.031531E-06 
9, 8.698469E-05 
1, 6.672028E-05 
6, 1.146793E-03 
5, 1.020774E-03 
9, 7.336821E-05 
9, 1.069289E-04 
5, 1.479568E-03 
3, 6.015016E-04 
2, 2.832089E-04 
10, 1.954399E-05 
7, 5.302927E-04 
8, 2.899719E-04 
3, 4.816088E-04 
1, 8.322021E-05 
13, 1.786988E-07 
4, 1.052000E-03 
1, 8.944461E-05 
5, 1.161401E-03 
11, 6.310883E-06 
2, 2.309219E-04 
9, 1.245281E-04 
13, 1.377572E-07 
11, 8.888105E-06 
6, 9.536759E-04 
9, 1.108308E-04 
3, 7.281141E-04 
4, 9.283680E-04 
6, 1.123413E-03 
9, 1.144940E-04 
8, 2.727936E-04 
12, 2.918897E-07 
6, 9.379740E-04 
14, 4.611492E-09 
12, 1.439194E-06 
6, 1.107787E-03 
4, 7.053006E-04 
14, 7.797469E-09 
13, 1.156794E-08 
8, 2.615839E-04 
5, 1.429879E-03 
5, 1.421330E-03 
8, 6.469218E-04 
14, 4.605800E-09 
8, 3.448749E-04 
10, 2.383619E-05 
13, 1.779870E-08 
9, 1.449857E-04 
9, 1.229097E-04 
3, 5.749653E-04 
13, 6.199445E-09 
3, 5.059404E-04 
1, 9.616445E-05 
7, 6.044188E-04 
6, 1.060394E-03 
13, 8.192886E-09 
13, 9.975368E-08 
9, 2.759651E-05 
4, 1.069073E-03 
14, 5.429466E-09 
9, 7.336821E-05 
7, 9.070073E-04 
9, 1.172491E-04 
10, 2.040656E-05 
5, 1.016554E-03 
13, 1.500982E-08 
1, 6.368414E-05 
10, 3.692426E-05 
14, 4.790614E-09 
10, 1.219078E-05 
5, 1.040651E-03 
5, 1.101346E-03 
1, 8.545578E-05 
8, 3.071744E-04 
4, 7.053006E-04 
10, 3.465557E-05 
9, 8.792446E-05 
1, 1.746063E-04 
2, 3.539069E-04 
4, 9.460788E-04 
1, 1.185819E-04 
7, 6.033297E-04 
9, 1.040355E-04 
4, 9.025040E-04 
2, 2.703079E-04 
5, 9.993667E-04 
4, 9.832995E-04 
4, 1.068588E-03 
9, 1.052401E-04 
1, 8.976984E-05 
4, 9.970734E-04 
11, 2.729428E-06 
13, 1.131191E-07 
14, 3.721056E-09 
9, 1.255959E-04 
10, 2.878463E-05 
6, 1.031707E-03 
6, 8.074082E-04 
3, 9.528697E-04 
5, 1.108707E-03 
2, 3.727471E-04 
7, 8.145375E-04 
11, 7.730949E-06 
5, 1.139998E-03 
5, 7.460955E-04 
6, 9.458158E-04 
14, 4.658810E-09 
11, 5.654719E-06 
9, 1.008196E-04 
4, 1.133324E-03 
13, 1.189713E-07 
1, 7.132135E-05 
11, 3.851616E-06 
9, 9.943757E-05 
3, 7.304157E-04 
8, 2.587540E-04 
7, 6.272999E-04 
2, 4.943596E-04 
13, 2.024034E-07 
5, 1.413576E-03 
1, 5.244285E-05 
1, 7.784111E-05 
6, 6.384359E-04 
1, 6.522405E-05 
2, 1.481933E-04 
11, 2.687771E-06 
1, 9.519339E-05 
1, 1.398400E-04 
2, 2.019852E-04 
12, 5.852364E-07 
1, 9.918224E-05 
1, 9.792474E-05 
1, 8.258086E-05 
1, 9.900940E-05 
12, 1.482295E-06 
3, 3.489569E-04 
3, 3.122341E-04 
3, 2.963400E-04 
2, 3.152001E-04 
1, 1.556553E-04 
1, 1.188684E-04 
1, 1.054329E-04 
1, 8.843823E-05 
6, 7.704459E-04 
6, 7.305544E-04 
6, 6.147266E-04 
6, 6.113008E-04 
8, 1.224513E-04 
9, 1.073735E-04 
12, 1.116540E-06 
12, 1.629813E-06 
12, 1.484201E-06 
12, 1.439194E-06 
12, 1.170473E-06 
12, 1.116540E-06 
12, 5.582701E-07 
12, 1.080000E-06 
13, 1.971246E-07 
12, 5.582701E-07 
