12, 1.019038E-05 
10, 1.395692E-04 
5, 8.445010E-04 
12, 1.274521E-05 
4, 1.239854E-03 
1, 3.013286E-05 
11, 2.741703E-05 
14, 3.709803E-07 
6, 1.122308E-03 
4, 7.734533E-04 
7, 5.802090E-04 
4, 7.527035E-04 
3, 4.537268E-04 
12, 1.239849E-05 
5, 9.574489E-04 
1, 3.846546E-05 
4, 4.981122E-04 
1, 4.274892E-05 
2, 8.588860E-05 
6, 7.736717E-04 
2, 1.658540E-04 
3, 4.956510E-04 
6, 7.489928E-04 
1, 3.700552E-05 
13, 1.135086E-06 
11, 5.008199E-05 
4, 6.819687E-04 
13, 2.520959E-06 
6, 9.040391E-04 
10, 9.343523E-05 
14, 5.671226E-08 
16, 3.337563E-11 
11, 2.397587E-05 
4, 6.081999E-04 
13, 2.358714E-06 
9, 3.341575E-04 
7, 8.205406E-04 
10, 7.612515E-05 
2, 2.169308E-04 
8, 5.453030E-04 
4, 8.683059E-04 
8, 4.151803E-04 
2, 1.824919E-04 
9, 3.477458E-04 
15, 5.422963E-11 
6, 9.490332E-04 
11, 3.888499E-05 
8, 3.344426E-04 
1, 3.674307E-05 
11, 4.666964E-05 
4, 7.390376E-04 
1, 4.233029E-05 
8, 3.279694E-04 
4, 8.472024E-04 
8, 4.039692E-04 
12, 1.844371E-05 
16, 2.886505E-11 
6, 8.870391E-04 
1, 3.030050E-05 
13, 4.449887E-07 
15, 6.194221E-11 
12, 1.564193E-05 
2, 1.654803E-04 
2, 5.139685E-04 
7, 5.617252E-04 
9, 1.982604E-04 
11, 3.375340E-05 
3, 4.754770E-04 
7, 7.839393E-04 
15, 2.044318E-08 
1, 2.587992E-05 
8, 2.841741E-04 
15, 6.044765E-11 
5, 8.762276E-04 
15, 3.198670E-08 
13, 1.891751E-06 
14, 6.054626E-08 
2, 1.626314E-04 
16, 2.771910E-11 
16, 2.492947E-11 
8, 6.078519E-04 
15, 6.400840E-11 
2, 2.661439E-04 
16, 3.246875E-11 
5, 9.019965E-04 
16, 3.149442E-11 
9, 2.470730E-04 
3, 3.695274E-04 
16, 2.416233E-11 
2, 2.146565E-04 
2, 1.793644E-04 
16, 2.979504E-11 
3, 4.850472E-04 
9, 4.365152E-04 
15, 5.711923E-11 
11, 5.008199E-05 
1, 2.737714E-05 
7, 6.987114E-04 
9, 1.428880E-04 
7, 5.350038E-04 
7, 1.000996E-03 
1, 3.147453E-05 
2, 1.500834E-04 
11, 2.797696E-05 
6, 8.891145E-04 
9, 2.492776E-04 
14, 1.692428E-07 
15, 2.033837E-08 
8, 5.023489E-04 
4, 6.682304E-04 
5, 1.060115E-03 
1, 2.594815E-05 
9, 2.476840E-04 
8, 4.734103E-04 
4, 8.715836E-04 
13, 4.246608E-07 
5, 1.168145E-03 
10, 5.105518E-05 
12, 1.536763E-05 
1, 2.814287E-05 
6, 1.035130E-03 
14, 4.083960E-07 
2, 1.700645E-04 
5, 9.747735E-04 
4, 9.458176E-04 
7, 9.697733E-04 
10, 9.445101E-05 
9, 1.867479E-04 
12, 1.360704E-05 
14, 3.040029E-07 
8, 5.016860E-04 
8, 6.058701E-04 
4, 6.711277E-04 
12, 1.861736E-05 
8, 4.247082E-04 
14, 1.906078E-07 
9, 2.329714E-04 
15, 1.592444E-08 
5, 8.086797E-04 
5, 7.270710E-04 
9, 2.264569E-04 
1, 2.745260E-05 
11, 3.111765E-05 
3, 4.173102E-04 
15, 1.263151E-10 
14, 3.131024E-07 
15, 7.717705E-11 
14, 3.206091E-07 
3, 4.022575E-04 
13, 2.583485E-06 
15, 1.827747E-08 
15, 3.814947E-11 
8, 3.784234E-04 
3, 4.514958E-04 
6, 9.518414E-04 
7, 5.826283E-04 
16, 3.442792E-11 
11, 3.092404E-05 
5, 1.188243E-03 
11, 3.268624E-05 
15, 2.172098E-08 
1, 4.091822E-05 
2, 3.892317E-04 
8, 2.508198E-04 
3, 4.202395E-04 
13, 4.203761E-07 
11, 3.257279E-05 
10, 8.039320E-05 
14, 3.208758E-07 
11, 4.420865E-05 
8, 4.592514E-04 
7, 5.612497E-04 
5, 9.162374E-04 
10, 1.037840E-04 
13, 5.104148E-07 
6, 1.131338E-03 
15, 4.850098E-11 
7, 9.206079E-04 
11, 2.242792E-05 
14, 2.457635E-07 
12, 1.600117E-05 
2, 2.629418E-04 
4, 8.618728E-04 
11, 3.414883E-05 
16, 2.756358E-11 
5, 9.310280E-04 
13, 1.825198E-06 
9, 2.725012E-04 
15, 1.827747E-08 
13, 1.949806E-06 
5, 6.440957E-04 
16, 2.496648E-11 
14, 4.362245E-07 
15, 2.174696E-08 
4, 5.706304E-04 
12, 1.097093E-05 
9, 9.403622E-05 
16, 2.674973E-11 
16, 2.256433E-11 
11, 4.121009E-05 
6, 6.964677E-04 
11, 2.975769E-05 
6, 6.964677E-04 
9, 2.452839E-04 
11, 3.669659E-05 
11, 3.461033E-05 
15, 5.454594E-11 
12, 7.230450E-06 
7, 7.265274E-04 
3, 3.745234E-04 
16, 3.209406E-11 
6, 1.137207E-03 
7, 5.825119E-04 
1, 2.575853E-05 
4, 5.210446E-04 
10, 5.085123E-05 
3, 4.710923E-04 
14, 3.969694E-07 
9, 7.112480E-05 
4, 7.990758E-04 
6, 9.916919E-04 
1, 3.793690E-05 
11, 4.392236E-05 
10, 8.905667E-05 
15, 6.068826E-11 
2, 1.654934E-04 
12, 5.129942E-06 
8, 6.471603E-04 
15, 1.620280E-08 
13, 2.199786E-06 
13, 6.828657E-07 
1, 4.462322E-05 
4, 6.084582E-04 
4, 7.687759E-04 
13, 2.583485E-06 
7, 6.944980E-04 
7, 7.107351E-04 
16, 2.852550E-11 
2, 1.359794E-04 
16, 2.983937E-11 
10, 1.311356E-04 
10, 7.921179E-05 
16, 3.292324E-11 
2, 9.575377E-05 
10, 9.560277E-05 
11, 3.028429E-05 
15, 2.116631E-08 
14, 1.042645E-07 
6, 8.963034E-04 
4, 5.834353E-04 
11, 2.178759E-05 
10, 8.078705E-05 
4, 8.807477E-04 
11, 7.025462E-05 
11, 3.887175E-05 
1, 3.492123E-05 
7, 9.036369E-04 
14, 3.737050E-07 
12, 9.857822E-06 
16, 5.654487E-11 
12, 1.019038E-05 
13, 1.825198E-06 
16, 2.379227E-11 
7, 9.498453E-04 
6, 7.453707E-04 
16, 2.658458E-11 
4, 6.004856E-04 
10, 1.057934E-04 
11, 4.972825E-05 
14, 1.804894E-07 
12, 1.474831E-05 
6, 8.786284E-04 
13, 1.419615E-06 
6, 9.104914E-04 
13, 2.450368E-06 
16, 2.674983E-11 
5, 7.053351E-04 
8, 5.820078E-04 
14, 3.639787E-07 
1, 3.956068E-05 
8, 5.835117E-04 
8, 6.427924E-04 
10, 7.573165E-05 
16, 3.880630E-11 
4, 8.801156E-04 
11, 2.967028E-05 
2, 1.567072E-04 
2, 1.712734E-04 
7, 8.591200E-04 
2, 2.986991E-04 
10, 9.706118E-05 
7, 9.118978E-04 
9, 2.160968E-04 
7, 9.339608E-04 
4, 9.011880E-04 
6, 8.553661E-04 
11, 2.836658E-05 
10, 8.383060E-05 
2, 1.764479E-04 
11, 1.503664E-05 
4, 5.492033E-04 
10, 5.105518E-05 
12, 2.127095E-05 
15, 2.012264E-08 
7, 1.138367E-03 
4, 5.943254E-04 
3, 4.401815E-04 
12, 1.189060E-05 
7, 7.660299E-04 
10, 6.911729E-05 
11, 2.783856E-05 
13, 1.349571E-06 
11, 3.075427E-05 
5, 1.112174E-03 
4, 9.066138E-04 
14, 2.576345E-07 
14, 3.760980E-07 
6, 9.733303E-04 
13, 2.195411E-06 
3, 3.892232E-04 
12, 1.231747E-05 
13, 4.147585E-07 
14, 2.731307E-07 
10, 1.166409E-04 
3, 4.192143E-04 
9, 2.174700E-04 
11, 3.339903E-05 
12, 2.037101E-05 
12, 1.175066E-05 
5, 5.943643E-04 
11, 3.392002E-05 
7, 1.202012E-03 
6, 9.315120E-04 
5, 1.000253E-03 
16, 3.484336E-11 
16, 2.423007E-11 
7, 9.078120E-04 
4, 8.163742E-04 
8, 5.377414E-04 
3, 4.530147E-04 
11, 4.905000E-05 
2, 5.195190E-04 
15, 6.383651E-11 
11, 2.765954E-05 
4, 6.711277E-04 
12, 1.569890E-05 
6, 1.111496E-03 
2, 1.392599E-04 
10, 1.148327E-04 
8, 4.759205E-04 
12, 1.496734E-05 
4, 7.771027E-04 
2, 1.418833E-04 
2, 1.483063E-04 
4, 7.238262E-04 
5, 9.052647E-04 
16, 2.685680E-11 
14, 2.689985E-07 
13, 2.427028E-06 
14, 1.840464E-07 
11, 4.379940E-05 
12, 1.352367E-05 
14, 6.369730E-08 
3, 7.926735E-04 
5, 6.870286E-04 
7, 6.057771E-04 
15, 1.850749E-08 
6, 9.789215E-04 
15, 5.653458E-10 
12, 3.092916E-05 
7, 5.595250E-04 
16, 2.337431E-11 
11, 2.591707E-05 
14, 3.131024E-07 
7, 7.266405E-04 
11, 3.813185E-05 
8, 4.728928E-04 
5, 9.252334E-04 
7, 8.791562E-04 
7, 1.154510E-03 
15, 3.503943E-10 
16, 2.416233E-11 
10, 7.675789E-05 
4, 8.723664E-04 
10, 6.739236E-05 
2, 2.452100E-04 
14, 8.650843E-08 
12, 5.092752E-06 
2, 3.600002E-05 
16, 2.714826E-11 
12, 6.644499E-07 
2, 2.143055E-04 
15, 2.384502E-08 
14, 3.080868E-07 
15, 2.371490E-08 
15, 5.986636E-11 
4, 9.403091E-04 
2, 1.471086E-04 
8, 3.872031E-04 
4, 8.320896E-04 
4, 5.757479E-04 
7, 8.604963E-04 
14, 1.932236E-07 
13, 1.961427E-06 
14, 1.083996E-07 
12, 1.198794E-05 
13, 2.011169E-06 
16, 2.185092E-11 
5, 9.598708E-04 
12, 1.065334E-05 
10, 9.870057E-05 
6, 9.709908E-04 
14, 5.110078E-08 
6, 1.165623E-03 
1, 4.175070E-05 
8, 3.644865E-04 
11, 1.837262E-05 
4, 9.011303E-04 
11, 2.936109E-05 
8, 5.365308E-04 
3, 4.716266E-04 
16, 3.356223E-11 
11, 6.498062E-05 
7, 9.158510E-04 
15, 1.577872E-08 
6, 1.018826E-03 
13, 1.819894E-07 
7, 5.789549E-04 
10, 6.427989E-05 
3, 4.762314E-04 
8, 2.895884E-04 
9, 6.297636E-05 
11, 5.171509E-05 
15, 1.827747E-08 
15, 2.540288E-11 
9, 2.170948E-04 
8, 2.856305E-04 
1, 3.347688E-05 
1, 4.769117E-05 
5, 9.786277E-04 
2, 9.355901E-05 
9, 1.713143E-04 
10, 1.049922E-04 
2, 4.051498E-04 
16, 2.321635E-11 
14, 6.873937E-08 
4, 9.186295E-04 
12, 1.791547E-05 
1, 3.461861E-05 
1, 2.671500E-05 
13, 2.062465E-06 
9, 2.972371E-04 
1, 3.279045E-05 
13, 1.391985E-06 
14, 1.667022E-07 
10, 5.715017E-05 
5, 8.922363E-04 
6, 1.220707E-03 
14, 2.090606E-07 
1, 2.556726E-05 
1, 2.699766E-05 
5, 9.482588E-04 
4, 5.531537E-04 
4, 4.910779E-04 
9, 2.792196E-04 
6, 7.461800E-04 
5, 8.887351E-04 
2, 2.394029E-04 
14, 5.720243E-07 
6, 7.122632E-04 
11, 4.246216E-05 
5, 9.327561E-04 
15, 2.181062E-08 
4, 9.031461E-04 
11, 3.000344E-05 
10, 1.222093E-04 
6, 9.678608E-04 
3, 3.697523E-04 
14, 6.300945E-07 
3, 4.615538E-04 
2, 1.086775E-04 
15, 2.225824E-08 
15, 6.536291E-11 
8, 4.980231E-04 
14, 1.967597E-07 
1, 4.409328E-05 
13, 2.257985E-06 
5, 9.592848E-04 
2, 1.467966E-04 
12, 1.596511E-05 
13, 1.483518E-06 
6, 1.213189E-03 
13, 2.228112E-06 
15, 2.662587E-08 
4, 6.679345E-04 
12, 6.218316E-06 
13, 1.916827E-06 
10, 8.818764E-05 
13, 2.143642E-06 
6, 1.251676E-03 
6, 7.985056E-04 
10, 8.690641E-05 
4, 4.432902E-04 
3, 3.661656E-04 
6, 9.082874E-04 
10, 1.155575E-04 
13, 4.373819E-07 
8, 4.192524E-04 
5, 9.423982E-04 
13, 7.083642E-07 
11, 2.479699E-05 
11, 4.764482E-05 
12, 5.757138E-06 
8, 5.353554E-04 
16, 3.355389E-11 
9, 2.572013E-04 
6, 7.405286E-04 
3, 4.850472E-04 
5, 1.010700E-03 
9, 2.603520E-04 
4, 5.044407E-04 
6, 8.935772E-04 
14, 1.717526E-07 
14, 6.521927E-08 
9, 4.816934E-04 
8, 4.112282E-04 
1, 5.765238E-04 
8, 5.675118E-04 
14, 2.948370E-07 
10, 1.374645E-04 
11, 4.636759E-05 
3, 4.301109E-04 
11, 2.808249E-05 
7, 7.738547E-04 
8, 4.523371E-04 
12, 1.783599E-05 
10, 1.300210E-04 
13, 1.589635E-06 
10, 8.619763E-05 
15, 2.117324E-08 
6, 1.105989E-03 
15, 3.242170E-11 
16, 2.674837E-11 
5, 1.000848E-03 
4, 6.156264E-04 
16, 2.853331E-11 
7, 7.917143E-04 
16, 2.492947E-11 
5, 1.129864E-03 
12, 1.205562E-05 
10, 1.095012E-04 
8, 3.964698E-04 
15, 6.957436E-11 
15, 2.828639E-08 
5, 1.116088E-03 
5, 8.339772E-04 
14, 2.819556E-07 
13, 1.037061E-06 
5, 1.114230E-03 
1, 3.513707E-05 
12, 8.733982E-06 
14, 2.768116E-07 
12, 4.249763E-06 
10, 1.113756E-04 
9, 3.114328E-04 
6, 1.010835E-03 
3, 4.687085E-04 
8, 3.969143E-04 
2, 1.626314E-04 
2, 2.135861E-04 
4, 7.109941E-04 
14, 2.258325E-07 
14, 8.711920E-08 
12, 5.330396E-06 
1, 4.856358E-05 
1, 2.860297E-05 
1, 2.896798E-05 
15, 4.035323E-11 
14, 3.080868E-07 
6, 6.804047E-04 
12, 1.575980E-05 
12, 3.688742E-05 
4, 5.177074E-04 
5, 8.272410E-04 
5, 1.140397E-03 
5, 1.121251E-03 
10, 1.300210E-04 
6, 7.910456E-04 
15, 1.752061E-08 
15, 7.916349E-11 
8, 5.689984E-04 
10, 9.337393E-05 
2, 2.961122E-04 
16, 5.735336E-11 
5, 7.053351E-04 
9, 2.254573E-04 
7, 9.696079E-04 
13, 2.257985E-06 
12, 7.628436E-06 
9, 2.286941E-04 
10, 1.200723E-04 
8, 3.928440E-04 
2, 1.354664E-04 
15, 1.599335E-08 
2, 8.375464E-05 
11, 6.093097E-05 
7, 6.036130E-04 
14, 3.146731E-07 
12, 1.530990E-05 
14, 1.501626E-07 
7, 8.716037E-04 
4, 8.649994E-04 
6, 1.129595E-03 
1, 3.365145E-05 
9, 2.543923E-04 
11, 2.439251E-05 
16, 3.355389E-11 
9, 2.847805E-04 
9, 2.121294E-04 
3, 4.683646E-04 
7, 7.265274E-04 
2, 1.665140E-04 
9, 4.510456E-04 
4, 5.622541E-04 
12, 1.982547E-06 
12, 1.034342E-05 
6, 1.241101E-03 
10, 1.245569E-04 
5, 9.397445E-04 
4, 5.558918E-04 
5, 1.113209E-03 
14, 3.639787E-07 
2, 1.359794E-04 
2, 2.027887E-04 
6, 7.087743E-04 
15, 6.098671E-08 
12, 5.202944E-06 
2, 1.602030E-04 
2, 2.835278E-04 
16, 2.074659E-11 
8, 3.966116E-04 
10, 9.597832E-05 
10, 9.463366E-05 
15, 1.013240E-10 
8, 5.023489E-04 
8, 5.508082E-04 
1, 2.860297E-05 
1, 3.651731E-05 
11, 4.239586E-05 
16, 2.656489E-11 
3, 4.177872E-04 
2, 3.464860E-05 
7, 7.639515E-04 
14, 1.975031E-06 
11, 3.728944E-05 
3, 4.396653E-04 
2, 2.147486E-04 
16, 3.221108E-11 
6, 8.287672E-04 
5, 9.512322E-04 
10, 8.709410E-05 
3, 4.619687E-04 
8, 5.485337E-04 
10, 1.053341E-04 
2, 1.404045E-04 
1, 4.213429E-05 
11, 3.577315E-05 
4, 4.806815E-04 
3, 4.278835E-04 
9, 2.367674E-04 
14, 2.322954E-07 
16, 3.050650E-11 
15, 3.226220E-11 
12, 1.417646E-05 
9, 2.972371E-04 
10, 6.251124E-05 
1, 4.017942E-05 
4, 7.967674E-04 
6, 8.679537E-04 
1, 4.694208E-05 
6, 1.242377E-03 
13, 2.564457E-07 
4, 3.219225E-04 
7, 7.738547E-04 
9, 2.389668E-04 
2, 2.146565E-04 
10, 8.986132E-05 
15, 3.200030E-11 
6, 1.039856E-03 
15, 2.384502E-08 
14, 1.897671E-07 
12, 2.185550E-05 
14, 1.910842E-07 
10, 2.711275E-04 
12, 1.480877E-05 
11, 3.178530E-05 
1, 2.524407E-05 
7, 9.099303E-04 
15, 2.740598E-08 
14, 3.604958E-07 
4, 7.026403E-04 
13, 8.714208E-07 
4, 7.039477E-04 
14, 1.897192E-07 
13, 1.037215E-06 
10, 9.599991E-05 
13, 4.927831E-07 
13, 2.555351E-06 
1, 2.495502E-05 
9, 3.170829E-04 
5, 1.136861E-03 
16, 2.047779E-11 
14, 2.611429E-07 
2, 2.498114E-04 
7, 9.654577E-04 
11, 4.420865E-05 
5, 8.188588E-04 
4, 6.872381E-04 
16, 3.410005E-11 
13, 5.657201E-07 
3, 5.466355E-04 
6, 8.919053E-04 
16, 3.811186E-11 
14, 6.714515E-07 
9, 1.870927E-04 
11, 2.622777E-05 
5, 9.210909E-04 
13, 1.325539E-06 
1, 3.691069E-05 
3, 4.748163E-04 
5, 8.880462E-04 
8, 6.031274E-04 
6, 6.755378E-04 
4, 7.193548E-04 
2, 2.236941E-04 
12, 1.216194E-05 
10, 1.197033E-04 
6, 1.072108E-03 
4, 8.652202E-04 
6, 9.305559E-04 
2, 1.494184E-04 
16, 2.675339E-11 
4, 8.939849E-04 
15, 1.658181E-10 
12, 7.958138E-06 
14, 2.795888E-07 
11, 2.808249E-05 
7, 5.597336E-04 
8, 5.139470E-04 
2, 3.290815E-05 
10, 8.604561E-05 
16, 2.332901E-11 
7, 9.495584E-04 
8, 2.198462E-04 
15, 1.827747E-08 
3, 3.348099E-04 
12, 1.801248E-05 
14, 3.490379E-07 
10, 7.675789E-05 
8, 5.623988E-04 
9, 2.379776E-04 
8, 5.675088E-04 
14, 3.622300E-07 
11, 3.037652E-05 
7, 5.053304E-04 
14, 3.322250E-07 
10, 1.103107E-04 
4, 7.910401E-04 
3, 4.019236E-04 
6, 9.011128E-04 
16, 2.608985E-11 
2, 1.656609E-04 
13, 1.882641E-06 
12, 1.030003E-05 
11, 4.679673E-05 
13, 4.492090E-07 
13, 1.982547E-06 
1, 4.926093E-05 
13, 1.572770E-06 
6, 8.679537E-04 
2, 6.139512E-04 
11, 1.994432E-05 
7, 6.072923E-04 
11, 2.967028E-05 
7, 9.161545E-04 
2, 1.395503E-04 
3, 3.858496E-04 
9, 2.366787E-04 
13, 1.553595E-06 
9, 1.962185E-04 
4, 8.847158E-04 
14, 1.751379E-07 
16, 3.050650E-11 
14, 3.639787E-07 
1, 4.613151E-05 
2, 1.431076E-04 
6, 8.456270E-04 
8, 3.539085E-04 
8, 4.285951E-04 
9, 2.463701E-04 
10, 8.347431E-05 
9, 2.841542E-04 
8, 4.081629E-04 
5, 9.565099E-04 
6, 9.608382E-04 
11, 2.445748E-05 
12, 5.092221E-06 
7, 5.293220E-04 
5, 1.133143E-03 
10, 8.045696E-05 
1, 2.864493E-05 
3, 5.372441E-04 
1, 3.378559E-05 
14, 3.856750E-07 
6, 1.038730E-03 
13, 1.507748E-06 
7, 6.889364E-04 
12, 5.893129E-06 
16, 2.674983E-11 
11, 3.791984E-05 
9, 1.956241E-04 
2, 8.714217E-05 
5, 1.208695E-03 
6, 7.853937E-04 
14, 2.258325E-07 
5, 9.704064E-04 
1, 2.673055E-05 
8, 3.627631E-04 
2, 1.087029E-04 
16, 2.012889E-11 
14, 2.752344E-07 
16, 2.684342E-11 
13, 1.899628E-06 
16, 2.672389E-11 
7, 8.243599E-04 
8, 3.643136E-04 
6, 1.250150E-03 
10, 8.160769E-05 
16, 2.911497E-11 
5, 9.252709E-04 
12, 1.448691E-05 
13, 2.333338E-06 
11, 3.405108E-05 
4, 4.786553E-04 
13, 6.556232E-07 
8, 4.893000E-04 
12, 4.478984E-06 
2, 1.976848E-04 
4, 8.101464E-04 
10, 8.150475E-05 
2, 1.943253E-04 
3, 3.677886E-04 
10, 5.040293E-05 
14, 2.564457E-07 
7, 6.092475E-04 
3, 1.752136E-04 
14, 4.445884E-07 
8, 4.976882E-04 
16, 3.074731E-11 
3, 5.800744E-04 
8, 5.465341E-04 
12, 1.049188E-05 
1, 4.267186E-05 
2, 2.002894E-04 
2, 2.423463E-04 
2, 9.957956E-05 
1, 2.663130E-05 
4, 6.403804E-04 
7, 6.524351E-04 
9, 2.439887E-04 
9, 2.560437E-04 
5, 9.142256E-04 
7, 6.643508E-04 
5, 1.168145E-03 
10, 5.271497E-05 
11, 4.504043E-05 
2, 2.274419E-04 
5, 1.094014E-03 
1, 2.918056E-05 
8, 5.125864E-04 
4, 9.488589E-04 
4, 8.768018E-04 
11, 2.648639E-05 
11, 3.004976E-05 
3, 4.280229E-04 
10, 1.021104E-04 
9, 1.922421E-04 
3, 9.511540E-04 
12, 1.004255E-05 
16, 3.814947E-11 
11, 3.273359E-05 
8, 6.270076E-04 
5, 8.825934E-04 
12, 5.031380E-06 
3, 3.334581E-04 
3, 4.529978E-04 
10, 1.839491E-04 
12, 4.739980E-06 
5, 7.475726E-04 
8, 4.524775E-04 
4, 1.117614E-03 
11, 2.273487E-05 
12, 1.316583E-05 
2, 1.578366E-04 
2, 1.995051E-04 
4, 5.558918E-04 
3, 4.286778E-04 
6, 7.122632E-04 
10, 1.246584E-04 
1, 2.638344E-05 
6, 8.570574E-04 
11, 9.412008E-05 
10, 7.763251E-05 
14, 4.927831E-07 
9, 2.210189E-04 
10, 9.710939E-05 
5, 1.076743E-03 
13, 6.780760E-07 
12, 3.688742E-05 
4, 9.176490E-04 
14, 3.206091E-07 
13, 1.961427E-06 
10, 1.016813E-04 
2, 2.290565E-04 
8, 5.523290E-04 
11, 2.808249E-05 
6, 1.031816E-03 
4, 8.184286E-04 
8, 5.365308E-04 
14, 7.914016E-08 
16, 2.970788E-11 
16, 2.979504E-11 
16, 2.429542E-11 
11, 1.002759E-04 
2, 2.052617E-04 
2, 1.202932E-04 
10, 9.785609E-05 
2, 1.626411E-04 
4, 8.377296E-04 
3, 3.637194E-04 
16, 2.310475E-11 
6, 9.558793E-04 
5, 9.322408E-04 
11, 4.180763E-05 
5, 8.498628E-04 
6, 9.044280E-04 
6, 1.055090E-03 
5, 1.144429E-03 
5, 1.066886E-03 
4, 7.017682E-04 
3, 4.393150E-04 
13, 5.977357E-07 
1, 4.194980E-05 
16, 2.461836E-11 
16, 2.177208E-11 
5, 9.609496E-04 
13, 1.755755E-06 
2, 2.056601E-04 
12, 4.913354E-06 
6, 1.113660E-03 
11, 3.405288E-05 
8, 2.851202E-04 
8, 4.321935E-04 
16, 2.818178E-11 
16, 2.581414E-11 
15, 3.862534E-11 
14, 4.159854E-08 
7, 8.527490E-04 
13, 2.598897E-06 
4, 8.294838E-04 
14, 2.815886E-07 
6, 1.290702E-03 
14, 2.261530E-08 
8, 4.536704E-04 
5, 9.530702E-04 
13, 1.184513E-06 
4, 9.353601E-04 
13, 1.589635E-06 
6, 7.043499E-04 
5, 8.085371E-04 
14, 1.897192E-07 
4, 6.004856E-04 
16, 2.496648E-11 
1, 3.507329E-05 
15, 1.630329E-08 
2, 5.662830E-04 
8, 4.578102E-04 
1, 4.172096E-05 
9, 5.105518E-05 
15, 1.617426E-08 
13, 4.086537E-06 
13, 1.334684E-06 
4, 9.102272E-04 
1, 3.963389E-05 
2, 6.070549E-05 
1, 2.495502E-05 
10, 1.153442E-04 
6, 1.154820E-03 
13, 6.318095E-07 
11, 2.095834E-05 
1, 4.899011E-05 
4, 9.111132E-04 
8, 4.942441E-04 
6, 9.705661E-04 
5, 1.197018E-03 
10, 1.384860E-04 
3, 4.346938E-04 
16, 3.337563E-11 
7, 6.019597E-04 
7, 7.000548E-04 
11, 1.994432E-05 
4, 8.273571E-04 
3, 3.946545E-04 
15, 1.562403E-08 
12, 6.841399E-06 
3, 6.787149E-04 
11, 2.913981E-05 
15, 1.827747E-08 
14, 4.048920E-07 
1, 2.744755E-05 
16, 2.979504E-11 
15, 1.793734E-08 
15, 1.827747E-08 
7, 8.603158E-04 
10, 7.526410E-05 
8, 4.808705E-04 
15, 2.312250E-08 
1, 3.896772E-05 
8, 5.874825E-04 
3, 6.188007E-04 
11, 3.305421E-05 
14, 1.697514E-07 
1, 2.676308E-05 
9, 2.150776E-04 
13, 2.138014E-06 
6, 8.193386E-04 
16, 2.771272E-11 
7, 6.139599E-04 
12, 1.788658E-05 
5, 9.929887E-04 
11, 3.181325E-05 
4, 9.100117E-04 
1, 4.643347E-05 
14, 2.999859E-07 
5, 8.760443E-04 
10, 9.599991E-05 
5, 9.847481E-04 
1, 3.809483E-05 
13, 2.343998E-06 
7, 9.094137E-04 
8, 3.883753E-04 
7, 8.474253E-04 
10, 1.050529E-04 
10, 1.307564E-04 
5, 9.917275E-04 
3, 4.124920E-04 
5, 9.911590E-04 
7, 6.466128E-04 
6, 8.086797E-04 
15, 2.174696E-08 
3, 4.207997E-04 
14, 3.760980E-07 
11, 2.648072E-05 
11, 3.936077E-05 
13, 1.815165E-06 
3, 4.965495E-04 
10, 1.003817E-04 
3, 4.273245E-04 
5, 9.421332E-04 
1, 2.594815E-05 
7, 9.983323E-04 
16, 2.581414E-11 
3, 3.771190E-04 
16, 2.868755E-11 
7, 8.503286E-04 
16, 2.680010E-11 
9, 1.328373E-04 
2, 3.607037E-04 
8, 5.767202E-04 
10, 6.055426E-05 
12, 2.583485E-06 
11, 2.618753E-05 
13, 2.199786E-06 
15, 2.537975E-08 
14, 4.905785E-07 
10, 1.394855E-04 
16, 2.675556E-11 
9, 2.856305E-04 
1, 3.871189E-05 
8, 4.258434E-04 
3, 4.619687E-04 
2, 2.124066E-04 
11, 2.580849E-05 
8, 5.688487E-04 
11, 3.755825E-05 
5, 1.060580E-03 
1, 3.594941E-05 
16, 3.090253E-11 
3, 4.428864E-04 
9, 3.111747E-04 
10, 8.409500E-05 
9, 2.758707E-04 
5, 1.092867E-03 
1, 2.893237E-05 
11, 5.736714E-05 
15, 6.291151E-11 
1, 2.638344E-05 
4, 9.029595E-04 
7, 5.949388E-04 
5, 1.042858E-03 
2, 2.418885E-04 
1, 2.556199E-05 
16, 2.708755E-11 
15, 2.698888E-08 
7, 8.757700E-04 
7, 8.097669E-04 
15, 2.776243E-08 
13, 1.891751E-06 
9, 1.925017E-04 
3, 6.078717E-04 
4, 5.333410E-04 
3, 4.451101E-04 
13, 1.553595E-06 
2, 1.984195E-04 
15, 4.170375E-10 
9, 2.082142E-04 
8, 4.258434E-04 
12, 1.417646E-05 
4, 5.612257E-04 
10, 1.086715E-04 
8, 6.215211E-04 
4, 8.960622E-04 
9, 2.561308E-04 
14, 2.960965E-07 
10, 1.230823E-04 
4, 9.255049E-04 
13, 5.141605E-07 
14, 3.032409E-07 
11, 3.376140E-05 
11, 2.797696E-05 
7, 7.819300E-04 
9, 1.362506E-04 
12, 1.056168E-05 
9, 2.154800E-04 
2, 1.907634E-04 
13, 2.203817E-06 
2, 1.764479E-04 
12, 6.538941E-06 
2, 2.749494E-04 
16, 2.773288E-11 
4, 8.960632E-04 
4, 9.297457E-04 
16, 2.120134E-11 
14, 3.322250E-07 
6, 1.067862E-03 
7, 5.350038E-04 
1, 2.236937E-06 
3, 4.605161E-04 
11, 2.903788E-05 
2, 1.176303E-04 
6, 8.456270E-04 
13, 1.419615E-06 
15, 6.421138E-11 
11, 4.529362E-05 
4, 6.462992E-04 
12, 4.420232E-06 
13, 1.785466E-06 
16, 3.043691E-11 
11, 3.245034E-05 
13, 4.958361E-07 
1, 3.293117E-05 
1, 4.060390E-05 
2, 2.467650E-04 
10, 6.357956E-05 
11, 3.957271E-05 
10, 5.941638E-05 
15, 5.743466E-11 
5, 9.066586E-04 
12, 1.449687E-05 
16, 2.549536E-11 
15, 2.312250E-08 
3, 3.695274E-04 
4, 7.072861E-04 
3, 3.637194E-04 
9, 2.648335E-04 
6, 1.251493E-03 
4, 1.087828E-03 
5, 7.668858E-04 
7, 5.900938E-04 
8, 3.508235E-04 
4, 9.151171E-04 
9, 1.966242E-04 
3, 3.905293E-04 
5, 9.748488E-04 
10, 7.271317E-05 
7, 5.819579E-04 
6, 1.123589E-03 
5, 1.129331E-03 
6, 8.773477E-04 
4, 8.263395E-04 
5, 9.508051E-04 
1, 2.638344E-05 
14, 2.395474E-07 
8, 4.747932E-04 
3, 4.764510E-04 
12, 2.091202E-05 
6, 9.310424E-04 
8, 4.903409E-04 
10, 8.986132E-05 
11, 2.786387E-05 
2, 2.406777E-04 
3, 8.862227E-04 
15, 2.181062E-08 
4, 9.328365E-04 
5, 1.225747E-03 
9, 1.713143E-04 
14, 3.622300E-07 
1, 3.565005E-05 
4, 8.783767E-04 
16, 2.207588E-11 
15, 1.595559E-08 
3, 3.301649E-04 
3, 4.161012E-04 
16, 2.214375E-11 
4, 5.518967E-04 
12, 1.100486E-05 
9, 2.851202E-04 
12, 1.387862E-05 
15, 2.936646E-08 
14, 1.739475E-07 
4, 9.144527E-04 
6, 1.005803E-03 
14, 3.153944E-07 
5, 9.503142E-04 
6, 9.145512E-04 
8, 4.968299E-04 
10, 7.145556E-05 
3, 4.453965E-04 
11, 4.754424E-05 
6, 1.078303E-03 
13, 4.373819E-07 
7, 5.672274E-04 
1, 3.579099E-05 
16, 2.979504E-11 
9, 2.272146E-04 
5, 9.116736E-04 
15, 1.827747E-08 
12, 8.067421E-06 
13, 3.171063E-07 
2, 2.307536E-04 
16, 4.025778E-11 
11, 2.844695E-05 
14, 6.193512E-07 
6, 1.107836E-03 
2, 1.670330E-04 
10, 1.105336E-04 
3, 4.309814E-04 
15, 4.762315E-10 
15, 5.105046E-10 
10, 1.165117E-04 
12, 4.667994E-06 
14, 6.051700E-08 
5, 8.992941E-04 
3, 5.278012E-04 
2, 4.411198E-05 
16, 2.658458E-11 
8, 4.810651E-04 
12, 6.208176E-06 
2, 1.256482E-04 
10, 8.818764E-05 
14, 1.906078E-07 
3, 8.874343E-04 
3, 4.796192E-04 
7, 6.792210E-04 
13, 6.342125E-07 
4, 8.796215E-04 
13, 2.203817E-06 
9, 2.086900E-04 
3, 4.514520E-04 
12, 2.249516E-05 
5, 9.170294E-04 
8, 4.164580E-04 
3, 4.748642E-04 
9, 2.476840E-04 
11, 1.361745E-05 
2, 1.793415E-04 
16, 3.198843E-11 
7, 9.703375E-04 
3, 6.363287E-04 
11, 2.686128E-05 
11, 3.589894E-05 
6, 9.975171E-04 
14, 1.898889E-07 
3, 4.254792E-04 
14, 1.707511E-07 
1, 3.982002E-05 
15, 2.195157E-08 
11, 3.376140E-05 
2, 2.255515E-04 
7, 9.023538E-04 
9, 3.268666E-04 
9, 2.075965E-04 
1, 3.013286E-05 
10, 1.277290E-04 
4, 5.583334E-04 
12, 1.028366E-05 
14, 4.886964E-07 
5, 1.097199E-03 
4, 9.217261E-04 
11, 7.146146E-05 
11, 3.572319E-05 
13, 1.959182E-06 
5, 1.153754E-03 
9, 1.214796E-04 
5, 9.344038E-04 
7, 8.969423E-04 
4, 9.149305E-04 
15, 5.893371E-11 
9, 2.187517E-04 
13, 1.821010E-06 
1, 2.837008E-05 
1, 2.918056E-05 
13, 1.547658E-06 
2, 2.648625E-04 
2, 1.483663E-04 
7, 6.477576E-04 
6, 9.936638E-04 
5, 1.139138E-03 
8, 7.255795E-04 
2, 1.162264E-04 
5, 9.632931E-04 
1, 2.790527E-05 
15, 7.552698E-11 
11, 3.668058E-05 
16, 2.549536E-11 
12, 1.354019E-05 
5, 1.182363E-03 
1, 2.475509E-05 
14, 5.321148E-08 
13, 2.106760E-06 
13, 1.406535E-06 
8, 6.056775E-04 
10, 8.563979E-05 
6, 6.811770E-04 
16, 3.420280E-11 
5, 8.740767E-04 
15, 1.827747E-08 
1, 3.943181E-05 
9, 2.226245E-04 
6, 9.458555E-04 
10, 9.454748E-05 
14, 2.290347E-07 
2, 1.821725E-04 
6, 8.960866E-04 
10, 9.376073E-05 
2, 2.413976E-04 
3, 4.570288E-04 
10, 1.153397E-04 
8, 5.776665E-04 
11, 2.724698E-05 
15, 1.058863E-10 
12, 1.354583E-05 
5, 9.475348E-04 
5, 1.045871E-03 
2, 1.567611E-04 
6, 9.070798E-04 
9, 1.714300E-04 
5, 8.982344E-04 
7, 6.581637E-04 
7, 9.452563E-04 
8, 4.329915E-04 
9, 8.869422E-05 
5, 1.113429E-03 
16, 2.256433E-11 
12, 1.250035E-05 
1, 3.390323E-05 
8, 3.362611E-04 
1, 2.742933E-05 
11, 3.838683E-05 
4, 7.941277E-04 
10, 1.302841E-04 
16, 3.190654E-11 
12, 6.337497E-06 
13, 6.859641E-06 
10, 8.379530E-05 
5, 6.870286E-04 
8, 3.580816E-04 
6, 1.218698E-03 
15, 4.886947E-11 
3, 4.930063E-04 
14, 3.146731E-07 
12, 5.708366E-06 
5, 9.325973E-04 
12, 1.835624E-05 
5, 9.327359E-04 
8, 6.609687E-04 
5, 9.109813E-04 
14, 5.872291E-08 
15, 5.752792E-11 
11, 3.333701E-05 
3, 4.458578E-04 
10, 1.422619E-04 
7, 8.964249E-04 
14, 3.655493E-08 
15, 2.285783E-08 
15, 1.577872E-08 
16, 2.854112E-11 
6, 1.175656E-03 
5, 9.540402E-04 
6, 9.551342E-04 
14, 3.604958E-07 
15, 5.113882E-11 
16, 2.675556E-11 
4, 8.614991E-04 
13, 2.070648E-06 
7, 8.405263E-04 
6, 1.148213E-03 
2, 2.041265E-04 
7, 5.597336E-04 
6, 1.232015E-03 
13, 7.022522E-07 
14, 1.662977E-07 
8, 2.624857E-04 
12, 2.202974E-05 
7, 9.067040E-04 
14, 6.435712E-08 
5, 1.197901E-03 
11, 2.903742E-05 
14, 4.774575E-07 
12, 1.202395E-05 
8, 3.481529E-04 
13, 2.045925E-06 
7, 6.815088E-04 
8, 5.807838E-04 
5, 9.017079E-04 
3, 5.555135E-04 
15, 6.934770E-11 
4, 8.399178E-04 
12, 1.086816E-05 
16, 2.663281E-11 
5, 1.237833E-03 
12, 1.122844E-05 
14, 1.642052E-07 
11, 9.176015E-05 
2, 9.388067E-05 
10, 6.008280E-05 
4, 6.339625E-04 
7, 9.680969E-04 
10, 1.370732E-04 
1, 3.399534E-05 
15, 1.001099E-10 
8, 4.345826E-04 
5, 9.260394E-04 
14, 3.667389E-08 
12, 5.029707E-06 
7, 7.283644E-04 
15, 2.652704E-11 
16, 2.818178E-11 
5, 8.957000E-04 
12, 1.666276E-05 
7, 6.258928E-04 
12, 1.093266E-05 
8, 8.197291E-04 
7, 9.697574E-04 
2, 9.754912E-05 
16, 2.256433E-11 
7, 5.833161E-04 
13, 8.724489E-07 
5, 1.197018E-03 
13, 1.507748E-06 
12, 4.899466E-06 
13, 1.315051E-06 
7, 1.046385E-03 
5, 6.878059E-04 
5, 9.571439E-04 
5, 8.339772E-04 
9, 1.141999E-04 
14, 2.960965E-07 
1, 3.481007E-05 
12, 1.362925E-05 
2, 1.929097E-04 
1, 3.925762E-05 
4, 5.762840E-04 
7, 8.559082E-04 
5, 9.106182E-04 
15, 1.049728E-10 
8, 5.973455E-04 
3, 4.350785E-04 
6, 8.786284E-04 
7, 8.945384E-04 
15, 1.479608E-08 
16, 2.704050E-11 
16, 2.647523E-11 
15, 1.105486E-10 
7, 8.690323E-04 
11, 6.887726E-05 
7, 8.491905E-04 
9, 2.107314E-04 
12, 4.478984E-06 
8, 4.336332E-04 
16, 3.496378E-11 
9, 2.268591E-04 
14, 1.054375E-07 
7, 6.659067E-04 
4, 7.462572E-04 
2, 9.091393E-05 
8, 4.839490E-04 
9, 2.712598E-04 
15, 1.630329E-08 
1, 3.709194E-05 
2, 2.324502E-04 
8, 4.539939E-04 
15, 3.515858E-10 
9, 2.859013E-04 
14, 5.735004E-08 
16, 2.868755E-11 
12, 5.687801E-06 
6, 9.011128E-04 
2, 1.753438E-04 
12, 2.172139E-06 
7, 6.175810E-04 
13, 5.289591E-07 
3, 4.145757E-04 
16, 3.043316E-11 
15, 2.540288E-11 
12, 4.614904E-06 
13, 1.572268E-06 
9, 2.165430E-04 
10, 8.039320E-05 
15, 2.545026E-08 
13, 2.563673E-06 
3, 5.438447E-04 
6, 9.488662E-04 
7, 8.006337E-04 
11, 3.131103E-05 
4, 8.198466E-04 
6, 1.166397E-03 
11, 4.716073E-05 
4, 8.672820E-04 
3, 3.854336E-04 
7, 7.984456E-04 
10, 1.213068E-04 
16, 3.190654E-11 
3, 4.608704E-04 
6, 8.753813E-04 
14, 3.604958E-07 
10, 1.133617E-04 
4, 8.904129E-04 
15, 6.385035E-11 
3, 5.070880E-04 
6, 9.157302E-04 
4, 5.210446E-04 
1, 3.549492E-05 
8, 4.592215E-04 
11, 3.025034E-05 
7, 8.739873E-04 
12, 8.772214E-06 
12, 1.394459E-05 
7, 8.683146E-04 
12, 1.566371E-05 
9, 2.133074E-04 
10, 1.384669E-04 
7, 8.471581E-04 
13, 1.572268E-06 
4, 8.619433E-04 
9, 2.032604E-04 
6, 9.766594E-04 
16, 2.689120E-11 
5, 9.041240E-04 
10, 1.142450E-04 
11, 3.015819E-05 
3, 4.334004E-04 
1, 4.363120E-05 
13, 7.635391E-07 
3, 4.044082E-04 
2, 2.595886E-04 
12, 9.883546E-06 
15, 3.060353E-11 
5, 9.602240E-04 
12, 5.007828E-06 
1, 5.839601E-05 
10, 5.825587E-05 
16, 2.542784E-11 
3, 4.471991E-04 
13, 9.097037E-07 
11, 2.717259E-05 
10, 1.271591E-04 
2, 1.562160E-04 
3, 4.000736E-04 
6, 8.901701E-04 
2, 1.478726E-04 
10, 1.229403E-04 
14, 3.604958E-07 
4, 9.000928E-04 
9, 2.993809E-04 
3, 4.535625E-04 
9, 1.952722E-04 
3, 4.701546E-04 
1, 3.750761E-05 
9, 2.640751E-04 
11, 2.808249E-05 
3, 4.275623E-04 
1, 2.595414E-05 
9, 2.194881E-04 
2, 2.442487E-04 
12, 2.273487E-05 
2, 2.264443E-04 
15, 2.371490E-08 
15, 2.887245E-08 
6, 1.111735E-03 
14, 4.319739E-07 
1, 2.556199E-05 
2, 1.611599E-04 
7, 6.511691E-04 
5, 8.801156E-04 
16, 2.256433E-11 
15, 3.555485E-11 
10, 1.166409E-04 
1, 3.708132E-05 
5, 9.215609E-04 
13, 5.886861E-07 
1, 4.895470E-05 
9, 1.954995E-04 
14, 3.082860E-07 
11, 2.769969E-05 
7, 6.062778E-04 
15, 1.302209E-10 
3, 4.605161E-04 
15, 4.240268E-11 
16, 2.979504E-11 
3, 4.191459E-04 
7, 7.442116E-04 
12, 1.296682E-05 
7, 8.965779E-04 
13, 1.949806E-06 
1, 3.962804E-05 
13, 1.811779E-06 
6, 9.077828E-04 
12, 4.103404E-06 
9, 3.121995E-04 
3, 5.169354E-04 
5, 8.825934E-04 
9, 1.837296E-04 
15, 2.033837E-08 
15, 1.066009E-10 
12, 7.858509E-06 
7, 7.013574E-04 
4, 4.928138E-04 
9, 2.810364E-04 
16, 2.843571E-11 
14, 1.862994E-07 
3, 4.175633E-04 
2, 1.694012E-04 
14, 1.657825E-07 
8, 4.372548E-04 
2, 2.259498E-04 
12, 7.561416E-06 
7, 9.673796E-04 
8, 4.191884E-04 
9, 2.193961E-04 
2, 1.895191E-04 
2, 1.764479E-04 
11, 4.522828E-05 
6, 1.237323E-03 
12, 1.159291E-05 
9, 5.321582E-04 
3, 4.566247E-04 
14, 4.927831E-07 
15, 4.706332E-11 
15, 9.638695E-11 
5, 9.032731E-04 
7, 5.293220E-04 
3, 9.472774E-04 
8, 4.149847E-04 
9, 1.243359E-04 
15, 2.012264E-08 
5, 8.359585E-04 
13, 2.564971E-06 
14, 3.622300E-07 
5, 7.233878E-04 
8, 2.810535E-04 
14, 5.952244E-07 
6, 8.654262E-04 
4, 5.091139E-04 
5, 6.878059E-04 
10, 7.204301E-05 
6, 9.360518E-04 
12, 1.750665E-05 
8, 4.359940E-04 
10, 8.097107E-05 
12, 4.484946E-06 
16, 3.016485E-11 
8, 6.167954E-04 
16, 2.595571E-11 
7, 5.786825E-04 
16, 3.521792E-11 
12, 4.099753E-06 
8, 4.954353E-04 
10, 8.409500E-05 
11, 3.291063E-05 
12, 6.567708E-06 
11, 3.367178E-05 
14, 1.953783E-07 
7, 9.563327E-04 
6, 9.588584E-04 
3, 3.301649E-04 
14, 5.481197E-08 
11, 2.911552E-05 
3, 4.653298E-04 
1, 2.759018E-05 
6, 1.292877E-03 
12, 1.310969E-05 
7, 6.224149E-04 
16, 2.674983E-11 
5, 9.037698E-04 
9, 2.063292E-04 
15, 1.827747E-08 
2, 2.316701E-04 
9, 1.755422E-04 
16, 2.429542E-11 
4, 5.783273E-04 
6, 1.314687E-03 
4, 8.920330E-04 
3, 4.164480E-04 
2, 9.908158E-05 
16, 2.989334E-11 
1, 2.550130E-05 
16, 2.674983E-11 
1, 3.295322E-05 
3, 4.605446E-04 
4, 8.285840E-04 
13, 1.427968E-06 
10, 7.634341E-05 
8, 3.665936E-04 
16, 2.463262E-11 
4, 8.869076E-04 
14, 2.180191E-08 
11, 2.903742E-05 
3, 3.623341E-04 
8, 4.696969E-04 
12, 1.422773E-05 
3, 4.248250E-04 
7, 5.786698E-04 
10, 1.427597E-04 
2, 2.690199E-04 
15, 2.246309E-08 
10, 4.948396E-05 
2, 1.374423E-04 
14, 6.363843E-08 
16, 3.134012E-11 
3, 3.936460E-04 
1, 3.068848E-05 
16, 2.337431E-11 
12, 1.265802E-05 
2, 1.752136E-04 
8, 3.969880E-04 
14, 1.945579E-07 
1, 4.643347E-05 
11, 3.318075E-05 
15, 3.927623E-11 
9, 2.220009E-04 
2, 1.670200E-04 
10, 1.456342E-04 
12, 9.479960E-06 
4, 8.381917E-04 
14, 1.883147E-08 
12, 6.637922E-06 
7, 5.826879E-04 
11, 4.959901E-05 
9, 2.264569E-04 
4, 9.213173E-04 
2, 1.658540E-04 
15, 2.312250E-08 
11, 4.037401E-05 
9, 4.505015E-04 
9, 1.845173E-04 
16, 3.656676E-11 
1, 2.970109E-05 
12, 1.312555E-05 
11, 3.079657E-05 
13, 1.589635E-06 
16, 2.979504E-11 
15, 1.928683E-08 
5, 1.205649E-03 
16, 2.714826E-11 
3, 5.573957E-04 
14, 2.672517E-07 
6, 9.110809E-04 
12, 7.001272E-06 
3, 4.191137E-04 
13, 1.250032E-06 
2, 2.025725E-04 
10, 1.267511E-04 
3, 3.755406E-04 
12, 1.801291E-05 
16, 2.675648E-11 
8, 5.217144E-04 
4, 9.240297E-04 
13, 1.663251E-06 
6, 1.220822E-03 
6, 1.020105E-03 
6, 1.350983E-03 
7, 6.152542E-04 
4, 8.723724E-04 
1, 4.895470E-05 
13, 1.315051E-06 
3, 4.363801E-04 
6, 1.121106E-03 
14, 2.076294E-07 
15, 3.399446E-08 
10, 1.470351E-04 
13, 1.949806E-06 
8, 4.117843E-04 
14, 1.078419E-07 
7, 9.022581E-04 
16, 2.708755E-11 
9, 1.989904E-04 
7, 9.145624E-04 
4, 8.848453E-04 
13, 2.583485E-06 
8, 6.700027E-04 
10, 9.434614E-05 
10, 1.050480E-04 
6, 8.984500E-04 
3, 5.933436E-04 
2, 2.961122E-04 
12, 1.337103E-05 
10, 1.356672E-04 
13, 1.802465E-06 
3, 4.108967E-04 
15, 1.224490E-10 
6, 7.081510E-04 
5, 1.106995E-03 
1, 4.749980E-05 
14, 5.572897E-08 
3, 4.914690E-04 
5, 9.037034E-04 
8, 5.035199E-04 
8, 4.151803E-04 
7, 8.857458E-04 
12, 3.918316E-06 
13, 1.196443E-06 
1, 2.657624E-05 
4, 9.141501E-04 
13, 2.051076E-06 
7, 6.034737E-04 
15, 2.550504E-08 
13, 1.131083E-06 
4, 6.917799E-04 
7, 8.700011E-04 
10, 1.229403E-04 
14, 8.175979E-08 
8, 3.481529E-04 
7, 6.332908E-04 
5, 1.209836E-03 
8, 4.496118E-04 
13, 4.286992E-07 
4, 5.816064E-04 
2, 8.257785E-05 
2, 2.425083E-04 
4, 5.518967E-04 
1, 3.078676E-05 
3, 5.170590E-04 
10, 1.045519E-04 
6, 1.124634E-03 
13, 2.545906E-06 
11, 1.844371E-05 
7, 5.829193E-04 
16, 2.771225E-11 
4, 8.619280E-04 
4, 6.947508E-04 
12, 2.515690E-06 
16, 2.701278E-11 
16, 2.412391E-11 
7, 5.560289E-04 
12, 1.359227E-05 
5, 8.652202E-04 
5, 9.162654E-04 
4, 8.616369E-04 
3, 4.001639E-04 
11, 6.692799E-05 
15, 1.865086E-08 
9, 2.499211E-04 
6, 8.838917E-04 
3, 4.203669E-04 
14, 6.607116E-08 
14, 2.184366E-07 
12, 4.177311E-06 
15, 2.895412E-08 
2, 2.654393E-04 
9, 1.676612E-04 
6, 8.887351E-04 
5, 5.528218E-04 
8, 3.822716E-04 
14, 3.206091E-07 
7, 5.053304E-04 
7, 6.632217E-04 
9, 2.714918E-04 
10, 5.796286E-05 
9, 2.993809E-04 
6, 1.017521E-03 
1, 2.919801E-05 
16, 2.674983E-11 
12, 4.382393E-06 
6, 8.788026E-04 
3, 4.652137E-04 
7, 1.190084E-03 
15, 6.734319E-11 
1, 2.790527E-05 
3, 5.010429E-04 
10, 1.096119E-04 
13, 5.774067E-07 
14, 1.662977E-07 
13, 6.412182E-07 
4, 6.322086E-04 
8, 5.498337E-04 
13, 1.553595E-06 
9, 2.602210E-04 
14, 4.236595E-08 
12, 2.397599E-06 
3, 4.185858E-04 
12, 1.019872E-05 
10, 9.758520E-05 
6, 9.410220E-04 
10, 7.876563E-05 
8, 4.384384E-04 
3, 4.257937E-04 
9, 2.457700E-04 
16, 2.463262E-11 
14, 6.083358E-08 
1, 4.568393E-05 
5, 1.163045E-03 
5, 8.822034E-04 
12, 1.019038E-05 
7, 8.863122E-04 
16, 3.338482E-11 
4, 7.797451E-04 
7, 5.877415E-04 
8, 4.288017E-04 
1, 3.480600E-05 
13, 1.918113E-06 
10, 8.190705E-05 
8, 6.090638E-04 
15, 5.971588E-11 
7, 9.099285E-04 
3, 5.836195E-04 
7, 6.636941E-04 
15, 2.236347E-08 
13, 1.692683E-06 
8, 7.913122E-04 
8, 3.513540E-04 
3, 4.258133E-04 
11, 4.431637E-05 
14, 4.362245E-07 
12, 1.359227E-05 
2, 2.398638E-04 
6, 1.010842E-03 
4, 6.564814E-04 
12, 9.334352E-06 
15, 1.592444E-08 
7, 7.810221E-04 
1, 3.767220E-05 
2, 1.875675E-04 
10, 9.456691E-05 
3, 4.799393E-04 
16, 2.118740E-11 
15, 5.959008E-11 
16, 2.581414E-11 
16, 2.074659E-11 
2, 1.155901E-04 
13, 2.347853E-06 
9, 2.429575E-04 
10, 9.226452E-05 
2, 2.974443E-04 
15, 2.030254E-08 
12, 6.440929E-06 
1, 4.409328E-05 
14, 3.153944E-07 
6, 6.889364E-04 
6, 1.087594E-03 
3, 1.155859E-04 
13, 1.568947E-06 
12, 1.028366E-05 
1, 2.945146E-05 
8, 4.560773E-04 
7, 5.824751E-04 
12, 1.387117E-05 
12, 1.018550E-05 
9, 1.885392E-04 
2, 1.562160E-04 
8, 4.595886E-04 
10, 1.049922E-04 
6, 7.283644E-04 
13, 1.610214E-06 
7, 1.156408E-03 
5, 9.090093E-04 
14, 5.701358E-08 
9, 1.314186E-04 
6, 8.847759E-04 
8, 4.682830E-04 
15, 3.420280E-11 
12, 1.198794E-05 
8, 4.381307E-04 
3, 4.337625E-04 
4, 9.161570E-04 
10, 4.532331E-05 
11, 6.160917E-05 
3, 4.327561E-04 
15, 4.886947E-11 
2, 1.946158E-04 
6, 1.094009E-03 
6, 7.853937E-04 
6, 1.141070E-03 
1, 4.643347E-05 
7, 4.523033E-04 
13, 2.033961E-06 
8, 4.354622E-04 
8, 4.618270E-04 
3, 5.300248E-04 
14, 4.624078E-07 
16, 2.214375E-11 
10, 8.202911E-05 
11, 3.941549E-05 
16, 2.177208E-11 
4, 4.178582E-04 
10, 1.090579E-04 
11, 4.844012E-05 
4, 8.818639E-04 
7, 5.996129E-04 
10, 4.133700E-05 
1, 2.836137E-05 
12, 2.900220E-05 
12, 1.019872E-05 
9, 1.342044E-04 
9, 1.328373E-04 
8, 5.865469E-04 
14, 2.179671E-07 
8, 4.579812E-04 
5, 9.735151E-04 
13, 1.135086E-06 
9, 2.060932E-04 
9, 3.130571E-04 
1, 2.519239E-05 
11, 3.317381E-05 
9, 7.730115E-05 
10, 9.878785E-05 
9, 9.870057E-05 
15, 1.182196E-10 
11, 3.797503E-05 
3, 5.533262E-04 
13, 6.794583E-07 
10, 8.663028E-05 
14, 1.898889E-07 
15, 2.946915E-08 
5, 9.848848E-04 
8, 1.840303E-04 
9, 2.038999E-04 
6, 8.228060E-04 
1, 3.211965E-05 
7, 6.723670E-04 
2, 2.980600E-04 
1, 3.030970E-05 
11, 3.079657E-05 
11, 3.037726E-05 
15, 2.462365E-08 
1, 4.761087E-05 
16, 2.756358E-11 
9, 2.381934E-04 
13, 7.279575E-07 
16, 2.674983E-11 
6, 1.131684E-03 
15, 3.501113E-11 
9, 2.915901E-04 
15, 1.788187E-08 
13, 1.042895E-06 
5, 8.445010E-04 
5, 9.007103E-04 
11, 2.913485E-05 
6, 7.379713E-04 
1, 4.434527E-05 
10, 1.254903E-04 
3, 4.381079E-04 
15, 5.349956E-11 
13, 1.483518E-06 
1, 2.699766E-05 
4, 7.177171E-04 
10, 1.144867E-04 
6, 9.221606E-04 
11, 4.359231E-05 
1, 7.259165E-05 
9, 1.956241E-04 
3, 4.475286E-04 
12, 7.769906E-06 
16, 3.802101E-11 
9, 3.085935E-04 
11, 4.431637E-05 
12, 2.245752E-06 
2, 2.086551E-04 
5, 8.351068E-04 
6, 6.882728E-04 
7, 5.785439E-04 
8, 5.275132E-04 
3, 3.988170E-04 
14, 2.020782E-07 
3, 2.065727E-04 
7, 6.372533E-04 
5, 9.264338E-04 
13, 1.819894E-07 
4, 6.755820E-04 
1, 3.054080E-05 
8, 3.983704E-04 
9, 2.453354E-04 
6, 1.227331E-03 
4, 8.627571E-04 
3, 4.084869E-04 
5, 9.981393E-04 
3, 4.455107E-04 
6, 8.698436E-04 
5, 9.339431E-04 
8, 4.077019E-04 
16, 2.674983E-11 
2, 4.854968E-05 
7, 9.079229E-04 
9, 3.081803E-04 
1, 3.511369E-05 
8, 3.591696E-04 
9, 2.060132E-04 
7, 9.502118E-04 
5, 9.061558E-04 
10, 6.632842E-05 
8, 5.555876E-04 
12, 7.058060E-06 
8, 5.439339E-04 
11, 2.066788E-05 
2, 2.970835E-04 
6, 9.747735E-04 
9, 1.917457E-04 
5, 9.276224E-04 
15, 1.597412E-08 
15, 2.740598E-08 
6, 9.393152E-04 
4, 8.980888E-04 
16, 2.313427E-11 
1, 2.819394E-05 
11, 3.589894E-05 
4, 8.337084E-04 
7, 9.178530E-04 
10, 8.097107E-05 
9, 3.115840E-04 
14, 2.234967E-07 
2, 9.365068E-05 
1, 9.071107E-05 
13, 4.373819E-07 
10, 1.188508E-04 
5, 8.883630E-04 
3, 4.677769E-04 
2, 1.701905E-04 
7, 5.433730E-04 
3, 3.809036E-04 
5, 9.653964E-04 
2, 9.908158E-05 
16, 3.966149E-11 
3, 4.762314E-04 
8, 4.265163E-04 
2, 7.019133E-05 
8, 6.575679E-04 
15, 1.850749E-08 
1, 3.408358E-05 
1, 2.671500E-05 
14, 2.970843E-07 
15, 3.460861E-08 
16, 2.672389E-11 
12, 5.323767E-06 
13, 1.961427E-06 
1, 4.926093E-05 
2, 3.012365E-04 
13, 5.328509E-07 
1, 3.862824E-05 
6, 1.110401E-03 
1, 2.849855E-05 
2, 2.302730E-04 
14, 6.456267E-08 
8, 4.326814E-04 
13, 2.301725E-06 
15, 1.036654E-10 
1, 2.970109E-05 
6, 1.161075E-03 
9, 2.483807E-04 
9, 2.867967E-04 
2, 1.626314E-04 
11, 3.485418E-05 
7, 5.872902E-04 
11, 4.066175E-05 
6, 9.156269E-04 
16, 2.807802E-11 
1, 2.860297E-05 
1, 4.769117E-05 
1, 3.668358E-05 
6, 1.111103E-03 
5, 9.858375E-04 
12, 4.118377E-06 
10, 7.670059E-05 
9, 2.515412E-04 
14, 3.639787E-07 
13, 2.583485E-06 
2, 1.434604E-04 
14, 5.699812E-08 
15, 2.606468E-08 
12, 5.945186E-06 
10, 8.989062E-05 
2, 1.826993E-04 
1, 4.408698E-05 
3, 4.088264E-04 
4, 7.252237E-04 
12, 1.919270E-05 
1, 3.026679E-05 
4, 6.099598E-04 
14, 3.639787E-07 
12, 2.493996E-06 
4, 8.659613E-04 
1, 3.708132E-05 
7, 8.658666E-04 
1, 4.174995E-05 
13, 4.344131E-07 
10, 7.670059E-05 
2, 2.930775E-04 
3, 5.676703E-04 
15, 2.717715E-08 
11, 3.669659E-05 
13, 1.173131E-06 
4, 5.528218E-04 
10, 5.766985E-05 
3, 4.632311E-04 
10, 9.337393E-05 
3, 4.133498E-04 
10, 8.743178E-05 
14, 2.269424E-07 
8, 3.966893E-04 
9, 2.143574E-04 
15, 1.630329E-08 
11, 4.111462E-05 
14, 6.238093E-08 
16, 2.675339E-11 
8, 5.648204E-04 
16, 2.581414E-11 
9, 2.860768E-04 
11, 3.349344E-05 
8, 5.495004E-04 
16, 2.207588E-11 
16, 2.595571E-11 
16, 2.118740E-11 
12, 1.122844E-05 
7, 4.938574E-04 
15, 5.140892E-11 
5, 9.811307E-04 
3, 4.534020E-04 
16, 3.071925E-11 
6, 1.171246E-03 
9, 1.944761E-04 
6, 1.228025E-03 
11, 5.334756E-05 
3, 4.625375E-04 
1, 2.814287E-05 
8, 5.105518E-05 
16, 2.979504E-11 
4, 8.765684E-04 
4, 6.507161E-04 
14, 4.376685E-07 
9, 1.704502E-04 
11, 3.025034E-05 
6, 9.478986E-04 
7, 5.675088E-04 
7, 6.774276E-04 
5, 9.058130E-04 
10, 1.404488E-04 
10, 1.233319E-04 
2, 1.626314E-04 
13, 1.542361E-06 
14, 3.604958E-07 
6, 8.973666E-04 
9, 1.286821E-04 
13, 1.572770E-06 
11, 3.755825E-05 
12, 6.460026E-06 
7, 7.903957E-04 
5, 1.159441E-03 
15, 1.595775E-08 
13, 5.594902E-07 
7, 8.700817E-04 
13, 1.269463E-06 
9, 1.745939E-04 
3, 4.010184E-04 
16, 3.608796E-11 
6, 9.890749E-04 
2, 1.390677E-04 
3, 4.879237E-04 
1, 2.860736E-05 
5, 1.131840E-03 
9, 1.948894E-04 
3, 4.372940E-04 
15, 2.604394E-08 
12, 4.434990E-06 
12, 1.445310E-05 
2, 1.857626E-04 
14, 3.104719E-07 
4, 5.474467E-04 
5, 1.001420E-03 
4, 6.562584E-04 
13, 2.211668E-06 
14, 3.004712E-07 
9, 1.362506E-04 
4, 5.750935E-04 
9, 3.063208E-04 
7, 6.070779E-04 
15, 9.941407E-11 
2, 2.388428E-04 
4, 8.585011E-04 
3, 5.087096E-04 
2, 1.854873E-04 
13, 2.011169E-06 
1, 2.616943E-05 
6, 9.307360E-04 
15, 1.708761E-10 
9, 1.895354E-04 
10, 5.246357E-05 
15, 6.021438E-11 
4, 3.894326E-04 
12, 1.049188E-05 
11, 3.128378E-05 
13, 1.589635E-06 
16, 4.020709E-11 
11, 4.607940E-05 
8, 4.889270E-04 
9, 2.445707E-04 
3, 3.566685E-04 
12, 2.113627E-05 
12, 1.453525E-05 
8, 5.042741E-04 
14, 2.406407E-07 
4, 8.905879E-04 
6, 1.109655E-03 
14, 3.548601E-07 
12, 1.389223E-05 
3, 4.054736E-04 
10, 5.105518E-05 
5, 1.105584E-03 
7, 6.607121E-04 
12, 1.222874E-05 
9, 4.878611E-04 
12, 1.021057E-05 
11, 4.268312E-05 
15, 1.506573E-10 
15, 5.514810E-11 
10, 1.456342E-04 
2, 2.027887E-04 
5, 9.505182E-04 
4, 9.096102E-04 
11, 3.273359E-05 
1, 3.525289E-05 
2, 2.689583E-04 
2, 2.127396E-04 
14, 6.030698E-08 
7, 9.733330E-04 
12, 2.068471E-06 
4, 7.973750E-04 
4, 6.556489E-04 
2, 1.397235E-04 
8, 5.020267E-04 
5, 9.299418E-04 
14, 6.398395E-08 
7, 6.389930E-04 
8, 5.802776E-04 
10, 1.216845E-04 
15, 1.949267E-08 
16, 2.509226E-11 
11, 3.380646E-05 
13, 1.666829E-06 
16, 2.989334E-11 
6, 9.223645E-04 
5, 9.196988E-04 
16, 2.675773E-11 
2, 2.170375E-04 
12, 1.888810E-05 
10, 9.694453E-05 
10, 1.448751E-04 
4, 8.264925E-04 
16, 2.665404E-11 
10, 1.219772E-04 
12, 1.222874E-05 
2, 1.753438E-04 
2, 2.439955E-04 
10, 7.811754E-05 
5, 9.312645E-04 
12, 1.133041E-05 
9, 2.290601E-04 
12, 9.216270E-06 
6, 1.164195E-03 
11, 2.739247E-05 
10, 1.014070E-04 
12, 1.231747E-05 
12, 1.466937E-05 
15, 1.752061E-08 
4, 6.035460E-04 
3, 4.601692E-04 
1, 3.129673E-05 
10, 1.314186E-04 
14, 1.152900E-07 
4, 8.729412E-04 
12, 1.536763E-05 
16, 2.670193E-11 
14, 2.955231E-07 
16, 4.020709E-11 
8, 5.271931E-04 
4, 7.917902E-04 
13, 5.682539E-07 
7, 7.150834E-04 
6, 7.856121E-04 
4, 9.133440E-04 
4, 6.626132E-04 
9, 1.911373E-04 
16, 5.314009E-11 
16, 2.423007E-11 
10, 3.132868E-04 
9, 2.101280E-04 
15, 2.116631E-08 
13, 2.111591E-06 
7, 6.786800E-04 
11, 3.111765E-05 
5, 1.145676E-03 
8, 5.883856E-04 
9, 2.714845E-04 
11, 3.212250E-05 
16, 3.043600E-11 
3, 4.446648E-04 
14, 6.003815E-08 
10, 9.879073E-05 
1, 4.812309E-05 
10, 8.123595E-05 
6, 7.919875E-04 
12, 1.788658E-05 
11, 3.405108E-05 
6, 1.053369E-03 
9, 1.941194E-04 
9, 2.101046E-04 
12, 1.245970E-05 
4, 9.530900E-04 
12, 7.048996E-06 
1, 4.481258E-05 
13, 1.474804E-06 
15, 4.835398E-11 
16, 3.802101E-11 
3, 4.024038E-04 
15, 1.455875E-10 
8, 4.877323E-04 
10, 8.160769E-05 
6, 1.157660E-03 
13, 1.096073E-06 
1, 3.708614E-05 
5, 8.817190E-04 
10, 1.392555E-04 
9, 2.286941E-04 
10, 8.668484E-05 
7, 8.901906E-04 
10, 1.415752E-04 
7, 4.379960E-04 
14, 4.694015E-07 
5, 9.702905E-04 
13, 4.868877E-07 
15, 2.978573E-11 
13, 7.153559E-07 
7, 9.973207E-04 
10, 9.813364E-05 
2, 9.697888E-05 
9, 2.187689E-04 
4, 9.409127E-04 
16, 2.858556E-11 
14, 9.026919E-08 
7, 9.167003E-04 
10, 1.440398E-04 
3, 3.350185E-04 
15, 2.695292E-08 
15, 1.908168E-08 
16, 2.689120E-11 
9, 3.067381E-04 
16, 3.867083E-11 
15, 2.895412E-08 
8, 3.985538E-04 
14, 3.667389E-08 
6, 9.548455E-04 
8, 4.295600E-04 
15, 2.952688E-08 
12, 6.939635E-06 
9, 1.766093E-04 
5, 9.031439E-04 
11, 4.239948E-05 
9, 3.096393E-04 
13, 1.330506E-06 
16, 2.675556E-11 
14, 2.275567E-07 
9, 2.674764E-04 
2, 2.140253E-04 
2, 2.217946E-04 
13, 5.316687E-07 
3, 3.811147E-04 
11, 3.131811E-05 
3, 3.994360E-04 
7, 5.921661E-04 
8, 4.484619E-04 
13, 6.118314E-07 
4, 8.381670E-04 
7, 6.621021E-04 
1, 4.409328E-05 
11, 3.309477E-05 
10, 1.021061E-04 
1, 3.886049E-05 
9, 3.153675E-04 
5, 8.895862E-04 
12, 1.239849E-05 
12, 1.865294E-05 
12, 2.567179E-05 
6, 9.512157E-04 
14, 1.883147E-08 
8, 3.063208E-04 
6, 1.350983E-03 
11, 2.773011E-05 
11, 4.375148E-05 
2, 1.614722E-04 
10, 9.387573E-05 
5, 8.546787E-04 
7, 7.345989E-04 
13, 4.678881E-07 
13, 2.088655E-06 
9, 2.883856E-04 
2, 2.174053E-04 
8, 4.507614E-04 
9, 1.138702E-04 
7, 6.796530E-04 
10, 4.418292E-05 
6, 1.308524E-03 
1, 3.638981E-05 
5, 1.104361E-03 
16, 2.669469E-11 
4, 5.445826E-04 
5, 9.679438E-04 
5, 8.585428E-04 
11, 3.832225E-05 
12, 5.171674E-06 
10, 1.214360E-04 
1, 2.595414E-05 
8, 4.182590E-04 
15, 2.219701E-08 
5, 9.778506E-04 
4, 8.437868E-04 
11, 4.409154E-05 
1, 2.759018E-05 
8, 6.147931E-04 
14, 3.851460E-07 
6, 7.936047E-04 
4, 8.442481E-04 
13, 6.339066E-07 
10, 1.474121E-04 
2, 1.752136E-04 
3, 4.348867E-04 
1, 2.550130E-05 
7, 8.931112E-04 
8, 4.153933E-04 
5, 9.523307E-04 
9, 2.336122E-04 
6, 1.120090E-03 
7, 8.172824E-04 
4, 6.557306E-04 
8, 6.506195E-04 
3, 4.703988E-04 
6, 6.792210E-04 
5, 1.063713E-03 
8, 5.535732E-04 
15, 1.827747E-08 
16, 2.654172E-11 
4, 1.204400E-03 
12, 8.349400E-06 
10, 1.771998E-04 
14, 3.206091E-07 
5, 8.762276E-04 
1, 2.935999E-05 
13, 1.349587E-06 
9, 1.771188E-04 
8, 5.467508E-04 
11, 3.460679E-05 
16, 2.683005E-11 
14, 2.430049E-07 
6, 1.267595E-03 
12, 1.389223E-05 
14, 3.639787E-07 
5, 1.055375E-03 
8, 3.700191E-04 
16, 2.313427E-11 
6, 7.856121E-04 
8, 9.508147E-04 
14, 2.605491E-07 
9, 1.755422E-04 
6, 9.490647E-04 
3, 5.016422E-04 
2, 2.337810E-04 
14, 5.604882E-08 
9, 2.122434E-04 
5, 8.919053E-04 
6, 1.120766E-03 
4, 6.819687E-04 
1, 2.833332E-05 
10, 7.958479E-05 
13, 1.647793E-06 
7, 9.514480E-04 
4, 8.881145E-04 
7, 5.987093E-04 
2, 3.297046E-05 
11, 4.828480E-05 
8, 4.872706E-04 
14, 5.636747E-08 
5, 8.591224E-04 
3, 4.116816E-04 
10, 1.422496E-04 
11, 2.591707E-05 
5, 7.487823E-04 
9, 2.254573E-04 
14, 4.927831E-07 
13, 1.065575E-06 
10, 6.091772E-05 
16, 2.185092E-11 
15, 1.006205E-10 
4, 8.395465E-04 
2, 1.090384E-04 
3, 4.050302E-04 
13, 2.296270E-06 
12, 2.091202E-05 
3, 3.793870E-04 
2, 2.015801E-04 
13, 1.349587E-06 
13, 5.074721E-07 
3, 4.197873E-04 
7, 8.670240E-04 
1, 4.850408E-05 
9, 3.326379E-04 
7, 5.986888E-04 
5, 9.374262E-04 
5, 1.174921E-03 
11, 4.075864E-05 
5, 9.594598E-04 
11, 6.168332E-06 
2, 1.402742E-04 
12, 1.059786E-05 
5, 1.288191E-03 
2, 2.980600E-04 
15, 3.927623E-11 
12, 1.391928E-05 
1, 2.236937E-06 
3, 3.967505E-04 
3, 4.377281E-04 
13, 1.647793E-06 
4, 8.752097E-04 
6, 1.134858E-03 
10, 9.310944E-05 
2, 1.712359E-04 
8, 3.690694E-04 
4, 8.634287E-04 
4, 9.227689E-04 
12, 1.572509E-05 
10, 8.858600E-05 
7, 8.644603E-04 
10, 9.381590E-05 
16, 2.332901E-11 
4, 8.728777E-04 
16, 2.704157E-11 
11, 4.658122E-05 
16, 2.370629E-11 
10, 4.345280E-05 
10, 8.829391E-05 
1, 4.812309E-05 
12, 1.304715E-05 
16, 4.025778E-11 
8, 4.288075E-04 
7, 6.882728E-04 
16, 3.501113E-11 
16, 3.246875E-11 
5, 8.091303E-04 
8, 4.991434E-04 
4, 4.928138E-04 
3, 3.825787E-04 
9, 2.024580E-04 
15, 2.578486E-08 
15, 2.103124E-08 
8, 4.943909E-04 
12, 7.623475E-06 
3, 5.807696E-04 
1, 4.899011E-05 
15, 1.630329E-08 
1, 2.933633E-05 
11, 4.905000E-05 
5, 1.089339E-03 
10, 7.863826E-05 
5, 8.909107E-04 
12, 1.538917E-05 
5, 9.920851E-04 
14, 5.529315E-07 
2, 2.537069E-04 
2, 1.939753E-04 
16, 2.674837E-11 
13, 5.345034E-07 
2, 1.453858E-04 
1, 3.982002E-05 
1, 2.449505E-05 
13, 1.996425E-06 
16, 3.442792E-11 
15, 1.827747E-08 
13, 2.469832E-06 
10, 9.457768E-05 
7, 9.292402E-04 
16, 2.675773E-11 
7, 6.258744E-04 
9, 2.917295E-04 
8, 4.124493E-04 
15, 2.004776E-08 
13, 5.166970E-06 
8, 4.433253E-04 
10, 1.176643E-04 
4, 8.842412E-04 
5, 7.387392E-04 
14, 8.769298E-08 
15, 1.188055E-10 
15, 6.037959E-11 
5, 9.789080E-04 
15, 2.279488E-08 
2, 4.032033E-05 
10, 8.469325E-05 
9, 1.951499E-04 
2, 3.057263E-05 
13, 1.942303E-06 
10, 7.644111E-05 
12, 9.202608E-06 
12, 1.564193E-05 
1, 2.673055E-05 
15, 4.879117E-11 
14, 8.042312E-08 
12, 4.177311E-06 
9, 2.758707E-04 
6, 7.645642E-04 
11, 4.292464E-05 
4, 6.763783E-04 
9, 3.096393E-04 
14, 6.986326E-08 
16, 2.332795E-11 
9, 2.955429E-04 
4, 7.109228E-04 
3, 4.051893E-04 
16, 2.423007E-11 
1, 3.448838E-05 
8, 4.042219E-04 
4, 8.884423E-04 
6, 6.019597E-04 
13, 2.515690E-06 
8, 4.550589E-04 
7, 8.698436E-04 
16, 3.566208E-11 
8, 4.664862E-04 
6, 9.831474E-04 
16, 3.209406E-11 
16, 2.412391E-11 
13, 6.270571E-07 
4, 8.763466E-04 
16, 2.658458E-11 
15, 3.555485E-11 
5, 9.230615E-04 
2, 8.269402E-05 
1, 3.840964E-05 
5, 1.007266E-03 
15, 4.971062E-11 
5, 8.954284E-04 
11, 3.495668E-05 
3, 4.939156E-04 
4, 8.824728E-04 
4, 9.198129E-04 
6, 9.171137E-04 
12, 1.167454E-05 
7, 9.893501E-04 
7, 8.558288E-04 
16, 2.684342E-11 
1, 3.337504E-05 
10, 1.546023E-04 
8, 7.235640E-04 
2, 1.384744E-04 
3, 4.156862E-04 
6, 7.936047E-04 
6, 1.059500E-03 
13, 2.245752E-06 
6, 8.359585E-04 
2, 2.306565E-04 
7, 9.462290E-04 
4, 9.041749E-04 
14, 7.656447E-08 
14, 2.970843E-07 
1, 3.245948E-05 
14, 2.976905E-07 
7, 5.595250E-04 
1, 4.691291E-05 
16, 3.149442E-11 
1, 3.344505E-05 
16, 2.675556E-11 
15, 5.264512E-11 
7, 5.489613E-04 
11, 3.068485E-05 
3, 3.772899E-04 
8, 4.168133E-04 
7, 5.489613E-04 
11, 2.580849E-05 
8, 5.030769E-04 
3, 4.197873E-04 
2, 1.921113E-04 
15, 2.120134E-11 
16, 3.190654E-11 
15, 1.777425E-08 
5, 1.159550E-03 
7, 7.463136E-04 
16, 2.838896E-11 
11, 3.053642E-05 
11, 5.744223E-05 
1, 3.212246E-05 
13, 7.239087E-07 
16, 2.656489E-11 
1, 3.858889E-05 
6, 7.043499E-04 
8, 3.928440E-04 
2, 2.842676E-04 
12, 1.683912E-05 
14, 2.031561E-07 
14, 3.639787E-07 
4, 8.116925E-04 
15, 3.772450E-10 
6, 9.408372E-04 
3, 4.495805E-04 
2, 1.567072E-04 
2, 1.936915E-04 
7, 9.567506E-04 
14, 2.217621E-07 
3, 4.292378E-04 
3, 4.125878E-04 
6, 1.032930E-03 
6, 1.198863E-03 
8, 7.216925E-04 
1, 3.956514E-05 
4, 8.100684E-04 
6, 9.751657E-04 
13, 4.346620E-07 
4, 6.821742E-04 
9, 1.785821E-04 
11, 3.389428E-05 
8, 6.611907E-04 
9, 2.466848E-04 
9, 3.028055E-04 
14, 3.622300E-07 
6, 9.256574E-04 
12, 2.185550E-05 
11, 2.812117E-05 
9, 1.766093E-04 
16, 2.658458E-11 
15, 1.380599E-10 
8, 4.099417E-04 
8, 2.409044E-04 
15, 1.620280E-08 
4, 9.070325E-04 
13, 1.841388E-06 
11, 4.200038E-05 
6, 9.469847E-04 
12, 1.145077E-05 
5, 8.880462E-04 
6, 8.470423E-04 
6, 1.119036E-03 
15, 9.383602E-11 
8, 4.110217E-04 
14, 6.974490E-07 
9, 4.980231E-04 
4, 5.032611E-04 
13, 2.564971E-06 
11, 3.591742E-05 
12, 1.448995E-05 
10, 9.528186E-05 
2, 2.042751E-04 
9, 1.745939E-04 
7, 9.846012E-04 
6, 1.097901E-03 
10, 1.209444E-04 
12, 2.043725E-05 
9, 2.217494E-04 
11, 2.618753E-05 
7, 5.899179E-04 
2, 1.851584E-04 
13, 7.138782E-07 
3, 4.168554E-04 
8, 4.617074E-04 
10, 9.528186E-05 
14, 5.250745E-07 
11, 3.382737E-05 
4, 6.617764E-04 
12, 1.129018E-05 
10, 1.209371E-04 
1, 4.541540E-05 
1, 2.616943E-05 
15, 6.004136E-11 
3, 4.694947E-04 
14, 6.643764E-08 
6, 7.081510E-04 
1, 2.745260E-05 
6, 9.119033E-04 
1, 4.202141E-05 
14, 5.317765E-07 
9, 1.436519E-04 
6, 8.956836E-04 
1, 4.032385E-05 
10, 1.138702E-04 
4, 9.002814E-04 
14, 3.639787E-07 
11, 4.066175E-05 
1, 8.222009E-05 
2, 1.390398E-04 
11, 2.702973E-05 
3, 4.968696E-04 
12, 1.414682E-05 
7, 8.045048E-04 
14, 4.044837E-07 
2, 2.165938E-04 
11, 4.144039E-05 
7, 8.393739E-04 
7, 8.752563E-04 
5, 8.635779E-04 
14, 3.567328E-07 
3, 3.240099E-04 
7, 6.973888E-04 
9, 3.300946E-04 
1, 2.760450E-05 
9, 1.748489E-04 
4, 5.744729E-04 
9, 1.318172E-04 
7, 6.072923E-04 
9, 2.457700E-04 
1, 2.979401E-05 
16, 2.669469E-11 
3, 3.909151E-04 
9, 1.748489E-04 
12, 1.133041E-05 
13, 4.368731E-07 
3, 4.709841E-04 
10, 7.851032E-05 
2, 4.727212E-05 
3, 4.467882E-04 
8, 7.367373E-04 
2, 2.025802E-04 
6, 9.076208E-04 
14, 2.051893E-07 
5, 1.021173E-03 
9, 4.619114E-04 
8, 4.875863E-04 
13, 2.274149E-06 
16, 2.305219E-11 
14, 4.302068E-07 
4, 9.287747E-04 
8, 4.232473E-04 
15, 2.753469E-08 
6, 1.149072E-03 
6, 9.072542E-04 
11, 2.621629E-05 
9, 3.120655E-04 
8, 4.258153E-04 
6, 1.005620E-03 
3, 4.371094E-04 
8, 4.217024E-04 
10, 1.299612E-04 
13, 2.443522E-06 
15, 1.777425E-08 
1, 4.042134E-05 
15, 2.674983E-11 
9, 2.075523E-04 
9, 2.075523E-04 
14, 1.401560E-07 
7, 6.808212E-04 
14, 5.894273E-08 
9, 1.714300E-04 
12, 1.878812E-05 
1, 3.461861E-05 
6, 6.811770E-04 
3, 5.646944E-04 
12, 4.478984E-06 
12, 1.265733E-05 
11, 6.911729E-05 
8, 5.492516E-04 
7, 8.658666E-04 
15, 1.749528E-08 
7, 8.782554E-04 
1, 3.230998E-05 
14, 3.208758E-07 
3, 4.157778E-04 
2, 1.392115E-04 
14, 5.422506E-08 
7, 6.958596E-04 
14, 7.200788E-07 
15, 1.562403E-08 
9, 2.233857E-04 
6, 9.241571E-04 
16, 2.689120E-11 
2, 1.883251E-04 
1, 2.725206E-05 
9, 2.121294E-04 
10, 2.480724E-04 
13, 2.211668E-06 
5, 8.807972E-04 
16, 2.858556E-11 
16, 2.674983E-11 
12, 1.575980E-05 
7, 6.195618E-04 
15, 8.408644E-11 
6, 9.388123E-04 
14, 8.549148E-08 
13, 1.544012E-06 
8, 4.595886E-04 
15, 9.347855E-11 
10, 1.470351E-04 
2, 1.472620E-04 
13, 1.553895E-06 
11, 2.866478E-05 
3, 3.433326E-04 
6, 9.774067E-04 
16, 3.997421E-11 
9, 4.727823E-04 
5, 9.240277E-04 
3, 4.248250E-04 
16, 2.675648E-11 
14, 1.897671E-07 
10, 1.431277E-04 
4, 6.099598E-04 
16, 2.379227E-11 
1, 3.302056E-05 
7, 6.594381E-04 
1, 3.279045E-05 
10, 1.266564E-04 
7, 8.354442E-04 
16, 2.674983E-11 
8, 4.310363E-04 
6, 1.047357E-03 
3, 5.729027E-04 
7, 6.411138E-04 
12, 1.265733E-05 
8, 6.388282E-04 
3, 4.887799E-04 
9, 2.454921E-04 
2, 1.788963E-04 
13, 6.766345E-07 
11, 3.309477E-05 
9, 2.894981E-04 
4, 9.069460E-04 
8, 4.394670E-04 
8, 4.401824E-04 
11, 3.028429E-05 
3, 4.736703E-04 
1, 3.691069E-05 
13, 2.070648E-06 
5, 8.992941E-04 
11, 2.835292E-05 
9, 2.703180E-04 
1, 3.798023E-05 
13, 1.325539E-06 
13, 2.274149E-06 
16, 2.425049E-11 
8, 3.611491E-04 
4, 9.171660E-04 
7, 8.555771E-04 
10, 1.513788E-04 
12, 1.387668E-05 
14, 2.688343E-07 
2, 1.670200E-04 
2, 2.041265E-04 
15, 7.594895E-11 
4, 8.967019E-04 
10, 8.870609E-05 
8, 4.025043E-04 
15, 7.513772E-11 
9, 2.306794E-04 
10, 7.730115E-05 
10, 1.257220E-04 
10, 1.413707E-04 
12, 1.178395E-05 
9, 2.146085E-04 
3, 3.912647E-04 
4, 9.623947E-04 
9, 2.409044E-04 
2, 2.052617E-04 
2, 2.031986E-04 
7, 6.153884E-04 
3, 3.465852E-04 
12, 5.020795E-06 
3, 4.712533E-04 
7, 5.433730E-04 
8, 6.217152E-04 
7, 8.645066E-04 
5, 8.950920E-04 
11, 4.366459E-05 
9, 2.135051E-04 
5, 9.502979E-04 
5, 1.101667E-03 
5, 1.043167E-03 
11, 3.635884E-05 
16, 2.047779E-11 
3, 7.190487E-04 
5, 8.676954E-04 
5, 9.067034E-04 
3, 3.863674E-04 
9, 2.069030E-04 
13, 1.096073E-06 
6, 1.035611E-03 
5, 1.225049E-03 
2, 1.676530E-04 
15, 2.652704E-11 
7, 5.884615E-04 
7, 9.399460E-04 
2, 2.021042E-04 
8, 5.097596E-04 
15, 1.827747E-08 
1, 3.666040E-05 
6, 6.860002E-04 
9, 2.020862E-04 
2, 2.105570E-04 
14, 3.727550E-07 
10, 1.431277E-04 
14, 2.172066E-07 
14, 3.388729E-07 
3, 5.605237E-04 
14, 3.634719E-07 
15, 1.883147E-08 
5, 9.932625E-04 
16, 2.979504E-11 
3, 5.902890E-04 
11, 5.736714E-05 
12, 1.253327E-05 
3, 4.140305E-04 
8, 4.614723E-04 
16, 2.771272E-11 
6, 8.618765E-04 
8, 5.755465E-04 
7, 5.560289E-04 
9, 1.436519E-04 
6, 9.431583E-04 
11, 2.911850E-05 
3, 4.771514E-04 
12, 9.391411E-06 
11, 5.065960E-06 
8, 4.454194E-04 
16, 3.802101E-11 
3, 3.348099E-04 
8, 4.343794E-04 
3, 4.193486E-04 
15, 6.722913E-11 
15, 3.442792E-11 
6, 1.338812E-03 
4, 9.071204E-04 
13, 2.033961E-06 
15, 1.850749E-08 
1, 2.745260E-05 
1, 3.886049E-05 
1, 3.579099E-05 
1, 3.464860E-05 
1, 3.461861E-05 
1, 3.290815E-05 
1, 3.367188E-05 
1, 2.814287E-05 
1, 2.814287E-05 
1, 2.699203E-05 
4, 5.943254E-04 
4, 5.492033E-04 
4, 4.843180E-04 
1, 3.700552E-05 
1, 3.700552E-05 
1, 3.700552E-05 
1, 3.579099E-05 
8, 4.539939E-04 
7, 4.523033E-04 
8, 4.295600E-04 
11, 6.498062E-05 
11, 5.171509E-05 
11, 4.972825E-05 
13, 2.172139E-06 
13, 2.068471E-06 
13, 2.051076E-06 
13, 1.899628E-06 
13, 1.821010E-06 
13, 1.572268E-06 
13, 1.572268E-06 
13, 1.568947E-06 
13, 1.553895E-06 
13, 1.547658E-06 
13, 1.330506E-06 
15, 2.261530E-08 
15, 2.180191E-08 
15, 1.599335E-08 
15, 1.479608E-08 
16, 2.012889E-11 
