17, 7.695947E-10 
12, 1.200327E-05 
12, 1.703809E-05 
8, 4.640952E-04 
6, 1.360291E-03 
10, 1.763468E-04 
10, 3.430922E-04 
7, 6.251257E-04 
6, 1.027840E-03 
17, 8.815031E-10 
16, 7.236588E-08 
8, 4.675554E-04 
15, 9.133380E-08 
14, 2.450542E-06 
13, 5.074099E-06 
13, 1.989473E-05 
7, 5.605276E-04 
5, 7.851176E-04 
6, 1.274077E-03 
13, 9.166990E-06 
14, 3.825645E-06 
5, 1.110812E-03 
5, 8.883225E-04 
15, 7.218945E-07 
4, 6.108661E-04 
2, 2.723919E-05 
4, 6.248565E-04 
5, 9.491092E-04 
9, 2.008638E-04 
8, 5.175678E-04 
6, 1.367619E-03 
14, 1.107766E-06 
6, 6.856440E-04 
6, 1.103059E-03 
16, 4.805367E-08 
16, 7.503596E-08 
12, 2.263220E-05 
4, 8.001825E-04 
17, 1.145196E-09 
17, 1.125373E-09 
8, 4.275021E-04 
8, 4.929507E-04 
12, 1.415674E-05 
11, 6.208845E-05 
15, 7.751892E-08 
13, 1.711896E-05 
13, 2.899624E-06 
8, 6.243380E-04 
10, 1.478161E-04 
4, 6.953490E-04 
14, 2.450542E-06 
1, 2.021519E-05 
3, 3.950532E-04 
11, 7.450541E-05 
6, 1.366793E-03 
4, 5.268612E-04 
1, 2.391165E-05 
16, 1.175822E-09 
15, 9.812303E-08 
2, 1.383189E-04 
14, 2.061047E-06 
4, 6.282313E-04 
17, 1.125892E-09 
13, 7.030152E-06 
10, 1.689806E-04 
3, 3.116521E-04 
6, 9.838363E-04 
11, 7.502617E-05 
13, 5.194898E-06 
15, 9.407156E-08 
8, 3.583719E-04 
11, 6.232616E-05 
5, 1.368692E-03 
14, 1.877178E-06 
17, 1.145196E-09 
9, 4.490741E-04 
12, 1.065821E-05 
12, 2.672850E-05 
17, 9.748561E-10 
3, 3.167233E-04 
9, 4.549109E-04 
3, 3.764426E-04 
11, 1.213877E-04 
8, 6.653570E-04 
15, 1.068240E-07 
16, 1.799234E-09 
8, 6.805877E-04 
10, 9.299633E-05 
3, 4.018111E-04 
1, 2.120936E-05 
10, 1.280097E-04 
6, 8.659250E-04 
14, 2.665756E-06 
13, 8.112446E-06 
5, 6.521073E-04 
1, 2.602334E-05 
2, 5.340648E-05 
13, 8.209706E-06 
14, 1.598161E-06 
11, 8.869696E-05 
12, 8.490243E-05 
2, 1.573920E-04 
4, 5.386836E-04 
14, 9.984887E-07 
8, 6.484774E-04 
2, 1.232025E-04 
16, 5.341198E-08 
9, 2.990628E-04 
12, 1.983084E-05 
3, 3.942854E-04 
14, 2.688736E-06 
1, 3.619292E-05 
16, 7.503596E-08 
10, 2.214584E-04 
8, 4.617272E-04 
13, 8.905608E-06 
13, 7.612022E-06 
12, 1.495076E-05 
11, 9.076638E-05 
1, 1.936839E-05 
8, 6.702688E-04 
12, 1.364727E-05 
9, 3.304435E-04 
13, 4.915474E-06 
6, 9.633915E-04 
11, 4.852914E-05 
6, 7.402592E-04 
13, 7.992132E-06 
13, 4.281002E-06 
8, 6.351352E-04 
4, 6.222879E-04 
17, 1.188389E-09 
14, 3.000817E-06 
10, 1.228971E-04 
6, 1.313968E-03 
17, 6.902752E-10 
11, 7.727272E-05 
5, 1.060793E-03 
13, 3.964357E-06 
1, 3.698412E-05 
13, 2.173091E-06 
2, 2.272043E-05 
9, 3.695431E-04 
11, 3.384773E-05 
7, 3.869909E-04 
10, 1.427558E-04 
5, 6.873720E-04 
3, 3.019392E-04 
5, 6.499222E-04 
5, 1.144915E-03 
2, 1.019949E-04 
7, 6.719300E-04 
14, 1.423008E-06 
16, 6.536690E-08 
7, 6.729250E-04 
3, 3.403020E-04 
14, 9.636875E-07 
14, 2.383433E-06 
7, 6.245636E-04 
4, 9.688091E-04 
15, 5.670952E-07 
7, 6.566537E-04 
3, 4.065052E-04 
7, 5.842295E-04 
11, 5.160055E-05 
15, 1.027419E-07 
4, 6.898832E-04 
1, 3.468069E-05 
6, 9.220071E-04 
10, 1.660818E-04 
7, 5.817780E-04 
12, 1.330969E-05 
9, 2.549312E-04 
12, 2.400653E-05 
2, 2.015766E-04 
11, 5.535730E-05 
3, 2.923362E-04 
11, 1.005482E-04 
16, 1.739931E-09 
6, 1.354637E-03 
13, 5.126368E-06 
9, 2.982319E-04 
16, 7.065230E-08 
1, 2.918060E-05 
15, 1.281672E-07 
13, 3.718025E-06 
15, 1.010170E-06 
15, 5.547824E-07 
16, 2.121978E-09 
6, 1.313832E-03 
7, 8.676379E-04 
4, 2.073038E-04 
16, 7.070742E-10 
8, 6.438407E-04 
3, 2.916259E-04 
2, 2.533606E-04 
12, 3.033245E-05 
12, 1.437835E-05 
5, 6.788867E-04 
8, 4.055509E-04 
2, 1.093552E-04 
12, 1.304741E-05 
14, 2.026217E-06 
4, 7.751445E-04 
3, 3.589961E-04 
6, 1.188769E-03 
10, 1.478676E-04 
1, 2.948208E-05 
7, 8.988584E-04 
13, 8.414827E-06 
2, 4.946529E-05 
16, 8.970634E-09 
5, 1.144191E-03 
2, 1.755379E-04 
15, 8.114551E-08 
1, 2.759746E-05 
14, 1.607000E-06 
10, 1.212379E-04 
7, 6.642028E-04 
11, 1.257625E-05 
5, 8.962562E-04 
10, 1.464246E-04 
11, 9.443175E-05 
15, 1.431711E-07 
5, 6.922447E-04 
15, 3.544854E-07 
9, 3.519585E-04 
11, 5.274812E-05 
12, 2.994750E-05 
12, 3.317993E-05 
17, 9.748561E-10 
14, 9.227267E-07 
2, 1.033875E-04 
8, 6.922220E-04 
17, 1.121329E-09 
2, 8.663854E-05 
13, 3.297550E-06 
9, 6.414123E-04 
8, 4.789536E-04 
12, 1.624008E-05 
4, 6.578713E-04 
8, 5.686560E-04 
5, 7.933806E-04 
8, 4.874761E-04 
8, 6.609731E-04 
12, 1.781950E-05 
9, 2.780928E-04 
10, 1.900579E-04 
8, 6.346680E-04 
14, 3.869124E-06 
1, 1.143962E-04 
11, 7.356141E-05 
12, 1.371221E-05 
13, 9.166990E-06 
1, 2.001735E-05 
7, 7.159472E-04 
6, 8.875451E-04 
10, 1.714791E-04 
10, 2.390943E-04 
15, 1.297391E-07 
10, 1.792179E-04 
2, 1.100783E-04 
14, 1.366171E-06 
15, 9.133380E-08 
3, 3.322983E-04 
3, 2.382924E-04 
10, 1.660818E-04 
9, 3.661483E-04 
4, 5.171647E-04 
4, 7.769771E-04 
17, 1.021284E-09 
5, 1.388863E-03 
7, 7.509497E-04 
6, 1.131494E-03 
14, 1.068821E-06 
12, 1.819136E-05 
2, 5.155449E-05 
14, 1.718403E-06 
3, 4.058536E-04 
6, 1.094426E-03 
16, 7.503596E-08 
7, 5.740361E-04 
6, 1.069040E-03 
5, 1.016758E-03 
17, 1.234277E-09 
7, 6.251383E-04 
15, 8.796575E-08 
14, 1.571694E-06 
12, 2.110412E-05 
1, 2.120936E-05 
7, 6.615687E-04 
3, 2.519918E-04 
11, 7.737500E-05 
7, 7.605141E-04 
9, 3.393984E-04 
7, 8.208317E-04 
7, 6.691631E-04 
14, 1.135850E-06 
14, 2.173091E-06 
3, 3.942854E-04 
8, 4.679690E-04 
3, 3.628596E-04 
8, 4.874761E-04 
2, 1.027809E-04 
13, 8.674343E-06 
5, 6.884334E-04 
4, 5.828176E-04 
1, 2.496600E-05 
3, 2.803147E-04 
14, 9.399257E-07 
12, 2.875669E-05 
9, 4.818906E-04 
9, 3.340846E-04 
15, 9.133380E-08 
1, 1.946974E-05 
15, 7.978920E-07 
13, 5.721869E-06 
13, 3.066292E-05 
2, 1.031130E-04 
10, 1.411308E-04 
14, 9.050056E-07 
4, 1.007417E-03 
5, 7.287270E-04 
3, 2.471106E-04 
8, 4.768753E-04 
17, 9.693965E-10 
8, 6.687724E-04 
3, 8.125302E-04 
7, 6.373205E-04 
16, 1.326354E-09 
9, 3.974346E-04 
9, 3.657112E-04 
17, 8.171416E-10 
4, 5.132374E-04 
3, 3.635042E-04 
14, 1.547650E-06 
7, 6.219697E-04 
4, 7.560447E-04 
9, 2.631421E-04 
2, 1.010041E-04 
17, 1.193688E-09 
12, 3.345389E-05 
5, 1.115882E-03 
7, 9.349932E-04 
4, 5.760756E-04 
15, 1.158253E-07 
9, 2.748576E-04 
17, 1.161236E-09 
11, 5.962648E-05 
4, 7.622747E-04 
1, 2.367224E-05 
15, 7.504606E-08 
8, 3.698451E-04 
13, 4.339098E-06 
7, 8.190237E-04 
2, 1.235553E-04 
3, 3.135868E-04 
1, 2.132836E-05 
9, 3.515249E-04 
17, 9.982972E-10 
15, 9.282603E-08 
17, 1.080473E-09 
15, 6.632356E-07 
6, 9.369807E-04 
7, 9.325995E-04 
5, 7.332120E-04 
16, 1.815408E-09 
3, 2.502807E-04 
16, 4.100497E-09 
1, 2.525506E-05 
10, 1.618278E-04 
3, 2.832113E-04 
16, 1.239449E-07 
11, 8.932441E-05 
2, 1.474242E-04 
13, 5.626091E-06 
3, 2.237701E-04 
16, 6.994984E-08 
17, 1.020410E-09 
12, 1.814527E-05 
3, 2.255761E-04 
16, 1.125892E-09 
9, 4.838937E-04 
4, 7.131794E-04 
9, 2.851838E-04 
16, 7.503596E-08 
7, 6.481703E-04 
14, 2.511810E-06 
11, 3.001612E-05 
3, 3.327980E-04 
8, 4.399883E-04 
1, 2.686279E-05 
9, 3.157169E-04 
1, 2.344132E-05 
13, 2.787254E-06 
15, 3.487892E-07 
8, 4.585500E-04 
7, 6.459594E-04 
6, 1.052157E-03 
13, 2.091278E-06 
2, 1.070071E-04 
7, 6.111416E-04 
16, 6.702959E-09 
4, 8.518915E-04 
7, 5.202016E-04 
12, 1.237518E-05 
12, 2.263220E-05 
4, 5.919139E-04 
10, 1.648715E-04 
2, 2.210784E-04 
13, 1.001185E-05 
16, 5.958300E-08 
13, 2.782112E-06 
9, 4.420340E-04 
5, 6.365539E-04 
15, 5.434303E-07 
13, 4.881948E-06 
16, 6.023989E-08 
11, 7.729183E-05 
3, 3.602969E-04 
17, 1.010160E-09 
4, 7.440735E-04 
17, 6.847151E-10 
6, 6.845969E-04 
15, 3.379780E-07 
15, 6.080027E-07 
8, 4.631847E-04 
15, 5.263502E-07 
1, 2.430423E-05 
2, 8.149040E-05 
7, 6.256635E-04 
14, 2.364424E-06 
12, 1.072803E-05 
13, 3.082734E-06 
14, 2.264869E-06 
16, 1.565493E-09 
3, 3.179376E-04 
17, 9.249890E-10 
13, 5.213740E-06 
15, 6.991225E-07 
6, 1.156151E-03 
16, 1.021231E-09 
8, 4.898340E-04 
9, 3.075072E-04 
1, 2.607668E-05 
13, 4.593354E-06 
15, 5.408038E-07 
15, 7.203925E-07 
12, 1.839099E-05 
2, 1.211917E-04 
4, 5.381694E-04 
17, 9.748561E-10 
1, 1.909350E-05 
4, 5.394192E-04 
14, 3.548599E-06 
6, 9.325293E-04 
14, 1.292746E-06 
12, 1.920884E-05 
12, 1.603904E-05 
8, 5.212793E-04 
9, 3.506233E-04 
17, 1.260251E-09 
13, 5.469386E-06 
6, 8.850532E-04 
16, 1.185318E-09 
8, 6.020942E-04 
4, 5.512010E-04 
16, 4.716631E-08 
2, 1.542936E-04 
14, 2.373868E-06 
15, 3.836282E-07 
2, 1.304303E-04 
12, 1.946223E-05 
9, 3.474930E-04 
2, 1.132564E-04 
12, 2.181064E-05 
5, 9.894840E-04 
1, 1.915686E-05 
1, 1.946974E-05 
16, 7.969083E-10 
17, 1.005940E-09 
8, 5.505121E-04 
7, 6.265230E-04 
4, 5.109970E-04 
17, 1.149295E-09 
10, 2.978229E-04 
9, 2.578208E-04 
1, 2.353203E-05 
5, 7.301904E-04 
14, 2.314275E-06 
4, 7.745291E-04 
13, 7.084003E-06 
2, 8.229118E-05 
14, 2.764697E-06 
3, 2.240687E-04 
6, 1.102814E-03 
15, 3.185291E-07 
7, 5.925989E-04 
14, 2.520171E-06 
7, 8.290478E-04 
11, 6.606483E-05 
8, 4.191492E-04 
2, 3.151068E-04 
2, 1.889127E-04 
17, 1.121329E-09 
11, 7.686390E-05 
14, 2.248678E-06 
2, 8.120041E-05 
15, 4.245980E-07 
3, 4.370732E-04 
4, 9.221606E-04 
1, 2.531259E-05 
11, 5.404795E-05 
16, 2.189314E-09 
7, 8.360790E-04 
9, 3.698372E-04 
4, 6.618344E-04 
3, 2.363926E-04 
6, 8.876050E-04 
6, 1.074622E-03 
12, 2.221760E-05 
10, 1.844762E-04 
6, 1.056920E-03 
13, 4.608180E-06 
17, 1.222540E-09 
12, 2.907687E-05 
11, 9.350760E-05 
2, 1.614363E-04 
8, 4.481119E-04 
10, 2.971195E-04 
2, 1.304938E-04 
5, 6.365539E-04 
6, 8.955463E-04 
2, 1.667580E-04 
14, 2.930548E-06 
11, 7.165789E-05 
7, 7.178486E-04 
6, 6.935707E-04 
14, 1.537178E-06 
16, 1.850466E-09 
10, 1.498146E-04 
5, 6.856504E-04 
2, 2.984080E-05 
5, 7.821068E-04 
1, 2.055419E-05 
6, 1.225271E-03 
17, 9.838616E-10 
7, 6.806781E-04 
8, 6.879329E-04 
13, 5.930533E-06 
5, 6.885640E-04 
9, 3.239418E-04 
3, 3.602969E-04 
7, 5.392692E-04 
6, 6.354343E-04 
11, 1.624743E-04 
11, 8.762455E-05 
15, 5.488042E-07 
13, 2.599796E-06 
9, 3.303081E-04 
12, 7.082749E-06 
1, 2.709591E-05 
10, 1.310154E-04 
9, 3.444319E-04 
3, 3.241870E-04 
4, 5.970742E-04 
12, 3.328747E-05 
12, 1.280306E-05 
2, 1.100783E-04 
15, 8.777690E-07 
11, 5.940041E-05 
8, 5.265835E-04 
9, 4.141570E-04 
5, 1.147800E-03 
12, 2.203940E-05 
16, 2.000397E-09 
5, 9.605940E-04 
11, 7.632312E-05 
12, 1.518071E-05 
5, 1.142859E-03 
3, 4.176777E-04 
5, 5.836984E-04 
10, 2.250830E-04 
8, 3.826120E-04 
15, 1.255490E-07 
15, 3.291865E-07 
8, 4.859727E-04 
16, 1.980129E-09 
10, 1.959939E-04 
15, 5.414548E-08 
6, 9.480272E-04 
11, 4.964090E-05 
15, 1.108513E-07 
1, 3.311547E-05 
3, 3.829964E-04 
6, 1.020439E-03 
6, 8.041992E-04 
8, 6.394520E-04 
11, 2.875283E-05 
1, 2.462283E-05 
12, 1.257625E-05 
10, 1.803189E-04 
15, 8.000586E-08 
9, 2.779613E-04 
14, 5.208208E-07 
4, 5.590926E-04 
5, 1.090396E-03 
12, 2.515246E-05 
12, 3.636674E-05 
2, 9.336345E-05 
17, 1.059142E-09 
12, 3.059167E-05 
16, 2.248502E-09 
4, 7.549747E-04 
5, 7.355773E-04 
3, 3.543461E-04 
15, 5.050007E-07 
2, 1.083629E-04 
12, 2.186169E-05 
3, 4.435798E-04 
8, 3.822063E-04 
4, 5.201706E-04 
3, 1.889127E-04 
5, 1.132679E-03 
9, 2.870432E-04 
2, 1.756707E-04 
5, 1.219991E-03 
13, 2.176831E-06 
9, 5.060227E-04 
9, 3.429582E-04 
8, 6.604158E-04 
5, 6.761692E-04 
11, 5.751561E-05 
15, 4.195757E-07 
17, 7.023237E-10 
16, 8.000586E-08 
11, 3.483101E-05 
6, 1.039481E-03 
13, 2.176831E-06 
15, 7.978920E-07 
16, 1.422387E-07 
4, 7.510474E-04 
9, 4.325107E-04 
11, 6.185178E-05 
6, 1.295190E-03 
1, 3.537192E-05 
12, 1.008973E-05 
10, 2.200323E-04 
6, 1.215639E-03 
12, 2.304569E-05 
13, 8.414827E-06 
13, 5.637103E-06 
14, 2.232711E-06 
11, 5.081430E-05 
3, 4.043801E-04 
6, 1.255894E-03 
5, 8.275995E-04 
4, 6.073205E-04 
17, 9.341094E-10 
8, 6.777174E-04 
10, 1.398862E-04 
8, 5.114680E-04 
9, 4.524401E-04 
10, 1.558671E-04 
2, 7.707626E-05 
5, 6.795225E-04 
3, 3.703075E-04 
3, 3.152745E-04 
9, 4.025880E-04 
17, 8.286432E-10 
12, 3.525803E-05 
16, 5.684132E-08 
13, 4.915474E-06 
11, 9.199699E-05 
16, 4.969585E-09 
8, 4.887153E-04 
8, 4.374565E-04 
8, 5.914223E-04 
16, 7.841999E-08 
14, 1.956375E-06 
17, 1.109046E-09 
5, 5.616280E-04 
12, 3.473336E-05 
8, 6.766170E-04 
17, 9.013347E-10 
10, 2.396671E-04 
17, 8.118022E-10 
4, 7.403398E-04 
4, 7.526763E-04 
1, 3.774139E-05 
11, 5.295384E-05 
3, 4.083682E-04 
10, 1.595522E-04 
15, 8.672776E-07 
13, 3.607763E-06 
4, 7.924224E-04 
15, 1.362998E-06 
17, 1.056299E-09 
9, 3.032718E-04 
12, 1.303653E-05 
10, 1.951255E-04 
9, 2.807170E-04 
1, 2.633229E-05 
16, 7.236588E-08 
5, 6.253762E-04 
16, 7.503596E-08 
1, 2.653507E-05 
14, 2.328696E-06 
7, 7.856684E-04 
16, 2.595180E-09 
8, 5.471776E-04 
5, 9.427733E-04 
13, 8.143225E-06 
8, 7.150972E-04 
9, 3.301551E-04 
12, 1.225417E-05 
11, 5.057954E-05 
17, 8.277402E-10 
10, 2.451683E-04 
3, 3.198450E-04 
10, 1.579439E-04 
10, 2.273327E-04 
13, 6.745104E-06 
5, 9.077062E-04 
3, 2.790981E-04 
7, 7.178486E-04 
9, 3.323451E-04 
1, 2.530083E-05 
10, 1.596546E-04 
7, 6.606168E-04 
17, 8.171416E-10 
5, 8.143236E-04 
11, 5.081430E-05 
15, 1.129786E-07 
13, 4.702864E-06 
2, 3.341267E-04 
7, 7.947708E-04 
10, 1.826060E-04 
2, 1.104485E-04 
2, 1.150038E-04 
9, 3.756827E-04 
5, 6.900368E-04 
16, 7.503596E-08 
7, 5.794845E-04 
3, 3.708050E-04 
9, 3.356493E-04 
1, 1.970184E-05 
10, 1.579013E-04 
6, 1.145765E-03 
1, 3.215400E-05 
6, 1.267182E-03 
6, 1.176984E-03 
4, 7.875065E-04 
13, 2.241736E-06 
8, 4.612996E-04 
11, 9.138079E-05 
4, 5.761224E-04 
5, 1.117394E-03 
1, 2.720031E-05 
4, 5.990070E-04 
17, 8.277966E-10 
12, 1.818719E-05 
9, 6.458657E-04 
10, 1.536674E-04 
6, 1.276239E-03 
16, 2.710898E-09 
5, 9.912938E-04 
12, 1.837341E-05 
6, 1.328406E-03 
15, 1.069251E-07 
15, 7.504606E-08 
3, 3.296551E-04 
7, 6.558989E-04 
11, 2.656301E-05 
6, 1.009514E-03 
16, 2.813194E-09 
5, 1.073492E-03 
1, 2.090538E-05 
13, 3.031789E-06 
6, 1.354057E-03 
12, 3.070618E-05 
12, 3.165549E-05 
15, 4.521244E-07 
17, 1.134023E-09 
4, 6.591426E-04 
2, 1.316707E-04 
1, 2.519707E-05 
5, 7.553102E-04 
10, 2.217717E-04 
7, 9.365664E-04 
9, 3.162672E-04 
13, 3.845279E-06 
13, 4.723398E-06 
13, 6.669446E-06 
12, 1.463656E-05 
10, 8.833388E-05 
9, 3.386885E-04 
10, 4.140786E-04 
4, 7.624939E-04 
13, 4.330033E-06 
7, 7.901986E-04 
3, 3.750779E-04 
7, 6.669262E-04 
8, 6.687724E-04 
9, 4.080659E-04 
6, 9.528568E-04 
9, 3.300521E-04 
15, 5.893245E-07 
3, 3.547266E-04 
3, 3.112460E-04 
2, 9.930895E-05 
4, 3.028708E-04 
1, 2.675675E-05 
17, 1.221693E-09 
13, 5.091899E-06 
7, 6.533329E-04 
15, 1.280933E-07 
7, 9.214469E-04 
8, 9.296945E-04 
9, 3.521875E-04 
1, 3.417484E-05 
14, 2.195601E-06 
5, 7.843811E-04 
3, 3.583377E-04 
5, 8.257457E-04 
16, 8.229664E-08 
3, 3.471972E-04 
15, 8.240601E-08 
15, 7.504606E-08 
6, 1.115996E-03 
9, 3.753824E-04 
14, 3.202122E-06 
1, 2.369385E-05 
1, 2.519707E-05 
2, 1.551238E-04 
6, 1.263250E-03 
11, 3.099148E-05 
11, 7.265859E-05 
17, 1.083681E-09 
16, 2.370635E-09 
7, 8.216029E-04 
9, 3.705865E-04 
4, 7.469699E-04 
17, 1.161236E-09 
5, 8.537326E-04 
9, 3.038253E-04 
3, 3.653341E-04 
12, 3.146334E-05 
14, 2.021305E-06 
5, 1.135125E-03 
15, 8.376620E-08 
15, 5.394305E-07 
11, 9.103062E-05 
17, 1.121329E-09 
14, 1.018607E-06 
9, 3.319874E-04 
9, 3.421881E-04 
2, 1.940743E-04 
2, 8.092958E-05 
17, 1.019781E-09 
15, 6.991225E-07 
15, 5.257809E-07 
12, 1.427630E-05 
3, 3.077464E-04 
14, 1.177950E-06 
14, 1.471227E-06 
17, 1.221693E-09 
11, 8.869696E-05 
16, 5.374252E-08 
13, 3.685902E-06 
3, 3.353824E-04 
13, 3.059167E-05 
2, 1.940653E-04 
11, 3.384773E-05 
16, 1.112529E-09 
12, 2.806387E-05 
11, 8.932441E-05 
6, 9.814041E-04 
14, 1.066369E-06 
8, 5.878851E-04 
11, 7.362877E-05 
17, 1.239536E-09 
14, 1.524025E-06 
12, 2.154217E-05 
12, 3.146334E-05 
5, 1.072728E-03 
12, 2.973652E-05 
14, 1.693585E-06 
10, 2.051354E-04 
4, 5.852314E-04 
13, 6.187592E-06 
12, 1.547929E-05 
10, 1.733209E-04 
6, 1.156409E-03 
16, 7.503596E-08 
17, 1.175822E-09 
3, 4.353098E-04 
12, 8.667768E-06 
15, 4.567634E-07 
8, 5.985237E-04 
11, 1.815073E-04 
2, 1.145271E-04 
11, 6.678090E-05 
5, 1.079236E-03 
14, 2.777562E-06 
10, 2.130651E-04 
7, 7.037013E-04 
10, 1.401855E-04 
9, 2.705495E-04 
13, 7.251530E-06 
12, 3.171753E-05 
9, 3.315332E-04 
7, 6.839918E-04 
10, 1.848237E-04 
5, 1.086377E-03 
6, 1.078864E-03 
6, 1.069325E-03 
3, 3.684710E-04 
7, 5.175678E-04 
7, 6.594259E-04 
11, 7.023171E-05 
3, 2.502755E-04 
3, 2.227693E-04 
8, 6.220366E-04 
6, 1.253987E-03 
1, 1.909350E-05 
10, 1.612193E-04 
6, 8.860309E-04 
3, 3.647683E-04 
15, 1.164730E-09 
4, 6.125973E-04 
1, 3.293401E-05 
1, 2.368444E-05 
6, 1.354307E-03 
11, 8.328847E-05 
16, 7.236588E-08 
7, 6.542139E-04 
17, 9.838616E-10 
13, 3.000817E-06 
13, 7.418601E-06 
16, 8.879813E-08 
1, 2.829307E-05 
17, 7.969083E-10 
8, 5.746023E-04 
4, 5.817912E-04 
8, 4.768893E-04 
14, 5.249645E-06 
17, 1.223193E-09 
10, 2.005183E-04 
10, 1.429660E-04 
1, 1.945228E-05 
10, 9.900186E-05 
12, 1.400939E-05 
16, 8.000586E-08 
17, 1.125892E-09 
1, 3.355493E-05 
17, 9.265681E-10 
15, 1.111885E-07 
8, 3.689935E-04 
10, 1.545037E-04 
9, 3.716476E-04 
7, 7.830188E-04 
14, 1.020986E-06 
10, 2.666313E-04 
1, 2.353203E-05 
3, 2.754352E-04 
15, 8.229664E-08 
17, 1.005940E-09 
12, 3.170669E-05 
2, 1.630771E-04 
16, 8.350282E-08 
13, 8.164584E-06 
2, 1.694467E-04 
8, 6.126490E-04 
7, 6.437947E-04 
3, 2.210784E-04 
6, 1.317063E-03 
3, 3.720010E-04 
8, 6.591534E-04 
16, 9.688937E-10 
4, 6.045561E-04 
8, 3.943675E-04 
1, 3.006056E-05 
9, 3.734254E-04 
7, 6.481526E-04 
13, 6.472338E-06 
15, 8.000586E-08 
6, 1.176937E-03 
10, 1.717043E-04 
14, 3.186364E-06 
1, 3.501015E-05 
10, 2.165088E-04 
1, 3.468069E-05 
13, 4.674555E-06 
15, 9.812303E-08 
13, 6.623173E-06 
6, 9.776545E-04 
16, 1.155941E-09 
16, 1.420928E-07 
10, 1.561210E-04 
4, 4.982602E-04 
11, 7.520078E-05 
11, 6.500080E-05 
1, 2.393506E-05 
16, 1.165008E-07 
3, 2.971201E-04 
12, 1.595700E-05 
9, 3.747815E-04 
13, 6.410543E-06 
17, 1.015578E-09 
7, 8.808484E-04 
12, 3.376820E-05 
5, 1.051263E-03 
6, 6.935707E-04 
6, 8.484514E-04 
3, 2.812556E-04 
12, 2.515210E-05 
5, 7.367811E-04 
17, 1.120632E-09 
2, 1.042893E-04 
2, 8.157128E-05 
2, 1.365299E-04 
1, 1.957230E-05 
11, 9.409754E-05 
1, 3.107203E-05 
12, 2.044523E-05 
3, 3.201894E-04 
16, 7.863661E-08 
16, 5.341198E-08 
15, 4.667396E-07 
10, 1.872702E-04 
7, 5.200043E-04 
9, 3.238973E-04 
4, 5.381694E-04 
6, 7.638533E-04 
16, 5.666276E-08 
2, 1.539532E-04 
9, 4.718419E-04 
9, 4.141573E-04 
14, 1.881519E-06 
14, 2.246278E-06 
1, 2.055419E-05 
4, 5.587042E-04 
14, 1.823923E-06 
15, 1.081461E-07 
2, 1.780922E-04 
4, 5.653741E-04 
11, 6.520767E-05 
17, 1.149125E-09 
10, 1.179288E-04 
16, 5.958300E-08 
2, 1.061403E-04 
7, 7.062388E-04 
1, 1.903918E-05 
16, 5.025853E-08 
11, 3.554128E-05 
17, 9.614801E-10 
8, 6.066663E-04 
1, 2.443148E-05 
14, 2.123639E-06 
8, 7.011333E-04 
4, 6.229667E-04 
10, 1.240494E-04 
9, 3.532589E-04 
17, 1.087960E-09 
8, 8.032317E-04 
8, 6.106240E-04 
5, 6.357505E-04 
1, 2.711970E-05 
17, 9.867057E-10 
2, 1.027305E-04 
15, 3.468025E-07 
3, 3.058935E-04 
6, 1.058022E-03 
7, 9.504447E-04 
3, 2.814458E-04 
6, 1.071202E-03 
11, 3.033245E-05 
7, 6.204372E-04 
17, 7.067358E-10 
12, 2.433312E-05 
5, 1.099347E-03 
8, 7.084911E-04 
12, 3.662165E-05 
17, 8.149572E-10 
5, 8.936709E-04 
9, 4.573401E-04 
15, 4.796217E-07 
15, 1.081497E-07 
14, 2.390878E-06 
11, 9.798255E-05 
11, 6.089367E-05 
2, 1.492628E-04 
11, 9.180291E-05 
9, 2.667754E-04 
1, 2.317099E-05 
14, 1.019157E-06 
1, 1.927852E-05 
15, 3.782884E-07 
14, 2.734693E-06 
13, 1.447322E-05 
12, 1.483814E-05 
2, 1.949268E-04 
7, 7.908126E-04 
10, 1.167530E-04 
4, 5.456460E-04 
4, 7.433298E-04 
6, 1.176606E-03 
14, 3.877152E-06 
12, 2.637631E-05 
16, 9.133380E-08 
1, 2.948208E-05 
11, 8.109743E-05 
11, 7.719136E-05 
4, 6.815908E-04 
10, 1.799081E-04 
9, 3.212310E-04 
9, 4.514228E-04 
6, 1.241361E-03 
17, 6.902752E-10 
16, 2.219937E-09 
6, 1.281700E-03 
15, 4.667396E-07 
17, 1.227245E-09 
5, 1.017465E-03 
3, 3.905546E-04 
10, 8.404209E-05 
10, 2.130651E-04 
3, 2.870826E-04 
11, 8.961309E-05 
8, 5.722235E-04 
6, 8.478704E-04 
4, 3.635667E-04 
8, 5.916198E-04 
13, 4.456080E-06 
11, 4.231238E-05 
4, 5.060665E-04 
15, 8.879813E-08 
15, 1.564374E-07 
1, 2.607802E-05 
14, 1.188892E-06 
16, 5.341198E-08 
10, 1.312737E-04 
14, 2.741024E-06 
2, 1.863399E-04 
9, 3.001125E-04 
4, 6.910063E-04 
13, 5.126368E-06 
17, 1.100923E-09 
7, 6.812310E-04 
3, 3.437584E-04 
5, 9.607244E-04 
12, 3.362630E-05 
17, 1.170707E-09 
15, 8.000586E-08 
14, 1.101697E-06 
2, 1.263772E-04 
6, 8.860309E-04 
14, 1.470556E-06 
7, 7.013565E-04 
13, 5.370968E-06 
17, 1.132595E-09 
17, 9.867057E-10 
16, 2.079153E-09 
9, 2.761926E-04 
2, 1.210904E-04 
3, 3.814200E-04 
6, 8.872881E-04 
10, 1.958066E-04 
12, 4.592050E-05 
13, 7.279445E-06 
8, 6.726362E-04 
12, 9.077774E-06 
12, 3.189839E-05 
17, 9.249890E-10 
11, 5.068636E-05 
4, 7.119662E-04 
14, 2.059226E-06 
17, 7.007111E-10 
8, 6.350030E-04 
15, 5.798611E-07 
13, 5.339224E-06 
15, 5.434303E-07 
3, 3.358036E-04 
4, 7.748412E-04 
16, 7.070742E-10 
10, 1.584398E-04 
10, 2.956700E-04 
9, 4.503823E-04 
3, 2.782042E-04 
6, 1.244147E-03 
11, 8.584253E-05 
16, 4.544103E-08 
2, 1.509339E-04 
17, 8.882957E-10 
6, 8.687933E-04 
7, 5.947539E-04 
3, 3.179376E-04 
6, 1.304446E-03 
9, 3.322805E-04 
6, 1.152709E-03 
2, 5.296353E-05 
4, 8.626496E-04 
10, 1.641100E-04 
10, 3.530967E-04 
4, 5.524646E-04 
1, 2.023566E-05 
7, 4.862489E-04 
6, 9.970461E-04 
16, 1.216986E-07 
3, 3.590912E-04 
12, 2.214303E-05 
8, 4.675554E-04 
2, 1.377776E-04 
9, 3.170964E-04 
4, 5.549310E-04 
5, 9.366011E-04 
7, 5.723294E-04 
4, 6.376517E-04 
5, 9.973582E-04 
9, 4.926255E-04 
6, 1.006017E-03 
3, 5.967458E-04 
8, 6.652277E-04 
17, 1.175822E-09 
5, 6.555897E-04 
4, 5.269631E-04 
2, 2.255761E-04 
5, 9.639560E-04 
2, 1.441083E-04 
8, 6.806096E-04 
15, 1.313645E-07 
5, 7.516075E-04 
9, 4.494531E-04 
5, 1.020003E-03 
12, 1.167081E-05 
17, 1.227245E-09 
2, 1.877896E-04 
6, 1.249812E-03 
8, 6.555358E-04 
12, 3.295020E-05 
12, 2.960798E-05 
14, 9.295789E-07 
17, 9.767556E-10 
3, 3.522265E-04 
2, 7.422874E-05 
11, 9.105631E-05 
3, 3.357532E-04 
6, 1.191673E-03 
17, 1.100923E-09 
5, 1.129139E-03 
1, 2.023566E-05 
5, 1.110010E-03 
2, 1.767294E-04 
2, 4.256591E-05 
17, 6.967296E-10 
2, 1.124734E-04 
11, 2.951558E-05 
17, 1.193863E-09 
8, 3.774468E-04 
15, 2.894635E-07 
4, 5.704345E-04 
5, 1.078405E-03 
16, 2.583787E-09 
2, 1.230880E-04 
5, 1.131040E-03 
1, 3.121576E-05 
2, 1.142527E-04 
11, 7.643621E-05 
4, 5.871217E-04 
9, 3.690471E-04 
10, 1.326630E-04 
14, 2.699484E-06 
8, 4.693307E-04 
1, 2.180612E-05 
17, 1.114368E-09 
15, 5.409729E-07 
6, 1.217880E-03 
17, 9.800128E-10 
1, 1.973319E-05 
9, 2.752561E-04 
5, 1.030009E-03 
3, 3.112460E-04 
10, 2.141430E-04 
16, 1.063422E-09 
4, 5.058732E-04 
15, 8.790903E-07 
13, 3.515076E-06 
6, 9.146136E-04 
14, 2.247985E-06 
7, 5.477840E-04 
2, 1.293347E-04 
3, 3.501484E-04 
10, 1.262211E-04 
6, 1.073898E-03 
14, 2.825534E-06 
5, 1.179562E-03 
9, 4.409962E-04 
10, 2.657883E-04 
6, 1.296906E-03 
1, 2.967523E-05 
5, 8.664948E-04 
1, 2.272043E-05 
12, 2.763899E-05 
6, 1.064828E-03 
13, 7.890963E-06 
17, 1.121329E-09 
10, 8.115823E-05 
13, 5.356272E-06 
14, 2.109806E-06 
14, 2.305571E-06 
1, 3.321178E-05 
7, 1.020863E-03 
13, 6.005083E-06 
7, 6.229641E-04 
11, 5.615114E-05 
6, 9.254230E-04 
17, 1.125373E-09 
9, 3.816931E-04 
6, 6.935065E-04 
7, 5.740540E-04 
10, 1.421176E-04 
16, 8.796575E-08 
1, 2.300583E-05 
10, 2.155817E-04 
7, 6.373205E-04 
16, 1.039066E-09 
8, 4.289770E-04 
6, 1.313157E-03 
15, 5.581778E-07 
14, 2.132884E-06 
7, 5.938199E-04 
2, 1.354888E-04 
11, 6.348403E-05 
10, 1.153851E-04 
9, 2.561139E-04 
13, 4.353661E-06 
6, 1.002786E-03 
1, 2.009333E-05 
16, 7.504606E-08 
1, 2.894599E-05 
5, 7.066872E-04 
16, 8.229664E-08 
4, 7.334263E-04 
14, 2.599796E-06 
13, 1.085916E-05 
3, 2.774087E-04 
17, 1.079145E-09 
11, 9.309787E-05 
2, 5.367024E-05 
4, 5.399424E-04 
2, 1.089950E-04 
15, 8.089309E-08 
7, 8.869616E-04 
5, 9.732498E-04 
3, 3.239438E-04 
15, 7.174758E-07 
17, 8.882957E-10 
5, 7.235419E-04 
16, 6.925722E-10 
17, 1.175822E-09 
2, 1.174746E-04 
3, 3.290787E-04 
14, 1.635829E-06 
15, 1.072077E-06 
6, 9.202749E-04 
14, 1.448824E-06 
4, 8.145250E-04 
5, 8.121767E-04 
11, 7.331093E-05 
5, 7.062469E-04 
10, 1.060915E-04 
2, 1.745924E-04 
11, 8.866174E-05 
5, 9.228709E-04 
16, 1.010160E-09 
16, 1.445802E-07 
16, 1.405160E-09 
10, 3.036476E-04 
3, 3.625756E-04 
4, 7.963091E-04 
13, 7.962303E-06 
15, 5.944715E-07 
8, 7.111023E-04 
10, 1.863706E-04 
1, 3.724045E-05 
14, 8.738894E-07 
9, 3.314048E-04 
1, 3.054647E-05 
1, 2.519707E-05 
4, 7.503462E-04 
9, 3.492548E-04 
13, 6.216628E-06 
6, 1.145935E-03 
6, 1.173047E-03 
9, 2.193474E-04 
11, 8.404209E-05 
8, 4.241846E-04 
16, 7.503596E-08 
14, 5.539172E-07 
4, 5.112983E-04 
2, 4.879711E-05 
17, 7.695947E-10 
15, 8.065810E-08 
15, 5.893245E-07 
11, 5.585475E-05 
15, 3.716691E-07 
4, 6.466699E-04 
2, 1.367772E-04 
12, 1.440211E-05 
15, 5.552574E-07 
4, 5.026807E-04 
3, 2.575353E-04 
10, 1.698329E-04 
2, 7.335344E-05 
7, 5.737168E-04 
14, 2.388291E-06 
1, 2.984080E-05 
6, 9.887297E-04 
15, 1.163517E-07 
4, 7.531246E-04 
12, 1.938056E-05 
16, 2.299015E-09 
6, 8.122821E-04 
2, 1.134160E-04 
11, 4.964090E-05 
15, 8.672776E-07 
9, 3.076879E-04 
12, 2.336742E-05 
12, 2.288168E-05 
14, 1.207005E-06 
13, 5.710018E-06 
11, 7.908578E-05 
9, 3.309749E-04 
10, 1.552668E-04 
8, 6.081010E-04 
7, 8.100590E-04 
8, 3.961329E-04 
1, 2.056686E-05 
5, 1.020527E-03 
3, 3.460933E-04 
8, 6.494020E-04 
2, 1.696541E-04 
4, 6.168439E-04 
9, 4.114525E-04 
14, 1.593182E-06 
10, 2.956700E-04 
9, 2.631421E-04 
8, 6.080456E-04 
1, 3.645847E-05 
10, 1.545929E-04 
1, 3.167804E-05 
3, 5.481227E-04 
6, 9.536041E-04 
17, 1.121329E-09 
7, 9.243547E-04 
14, 2.470539E-06 
10, 1.428499E-04 
15, 9.714404E-08 
10, 1.950821E-04 
9, 4.516902E-04 
11, 6.640774E-05 
11, 8.356533E-05 
2, 1.020696E-04 
2, 1.614363E-04 
1, 2.633229E-05 
7, 9.247714E-04 
4, 6.140997E-04 
8, 4.262034E-04 
16, 1.849270E-09 
2, 7.704666E-05 
9, 1.464335E-04 
9, 3.387537E-04 
8, 5.860290E-04 
10, 2.563581E-04 
17, 1.039577E-09 
8, 6.267810E-04 
15, 9.334791E-07 
1, 2.745539E-05 
14, 2.109806E-06 
15, 7.956388E-07 
12, 8.951642E-06 
2, 1.506920E-04 
13, 6.187592E-06 
11, 4.758861E-05 
17, 9.725844E-10 
10, 1.905504E-04 
13, 6.358923E-06 
4, 7.509377E-04 
15, 4.737463E-07 
15, 6.008289E-07 
13, 4.347442E-06 
16, 3.829583E-09 
13, 7.156872E-06 
11, 5.462483E-05 
1, 2.531259E-05 
1, 2.839576E-05 
3, 2.994381E-04 
3, 3.423751E-04 
12, 1.437835E-05 
10, 2.494269E-04 
4, 6.325369E-04 
5, 1.058356E-03 
1, 3.150524E-05 
2, 3.468069E-05 
8, 4.575306E-04 
7, 9.494346E-04 
11, 1.558063E-04 
10, 1.626948E-04 
3, 3.010445E-04 
14, 1.684242E-06 
2, 1.620935E-04 
11, 5.444320E-05 
1, 2.064229E-05 
13, 4.881948E-06 
3, 3.793982E-04 
11, 5.799770E-05 
2, 1.991361E-04 
3, 3.653314E-04 
17, 1.267563E-09 
17, 8.277402E-10 
1, 2.469153E-05 
12, 1.737844E-05 
13, 5.537708E-06 
9, 3.303485E-04 
8, 6.409464E-04 
8, 4.862489E-04 
14, 2.360017E-06 
3, 3.721109E-04 
3, 2.955995E-04 
4, 4.993715E-04 
12, 4.339360E-06 
3, 3.494729E-04 
14, 2.553601E-06 
5, 7.468726E-04 
13, 1.085916E-05 
12, 1.686645E-05 
14, 2.954134E-06 
7, 5.763752E-04 
11, 8.432262E-05 
9, 3.482032E-04 
1, 3.727711E-05 
16, 1.596749E-09 
11, 2.427350E-05 
12, 1.697949E-05 
14, 1.197127E-06 
4, 6.042415E-04 
17, 1.196408E-09 
11, 7.915687E-05 
7, 9.124442E-04 
11, 8.356533E-05 
12, 2.086689E-05 
17, 9.867057E-10 
16, 8.699653E-10 
13, 1.077109E-05 
16, 8.879813E-08 
6, 9.522372E-04 
2, 1.223959E-04 
1, 2.737210E-05 
2, 3.050318E-04 
10, 1.865566E-04 
8, 6.345521E-04 
11, 9.538966E-05 
5, 1.104899E-03 
2, 3.662104E-05 
11, 5.228977E-05 
13, 8.277928E-06 
17, 9.898774E-10 
7, 6.136949E-04 
2, 1.983524E-04 
4, 7.776695E-04 
17, 7.067358E-10 
11, 1.427151E-04 
6, 9.309719E-04 
1, 2.653507E-05 
11, 2.875283E-05 
13, 5.288705E-06 
13, 7.625192E-06 
3, 4.064884E-04 
3, 3.420258E-04 
4, 6.074735E-04 
4, 7.770295E-04 
1, 3.485284E-05 
5, 1.023412E-03 
9, 3.428172E-04 
17, 7.955157E-10 
15, 5.434303E-07 
17, 9.829512E-10 
5, 7.933806E-04 
8, 5.832440E-04 
4, 5.871217E-04 
13, 4.259216E-06 
2, 1.210904E-04 
12, 3.518858E-05 
15, 1.259348E-07 
1, 2.674486E-05 
16, 6.610858E-08 
10, 1.360140E-04 
11, 7.023171E-05 
7, 6.559133E-04 
10, 4.632078E-04 
13, 5.873812E-06 
1, 3.355493E-05 
11, 5.462483E-05 
11, 7.267753E-05 
16, 1.179841E-09 
1, 2.322591E-05 
10, 2.252955E-04 
1, 3.831372E-05 
1, 2.884179E-05 
13, 2.487619E-06 
4, 5.241877E-04 
15, 6.520639E-07 
11, 6.606483E-05 
15, 7.503596E-08 
6, 9.718931E-04 
15, 9.334791E-07 
11, 5.837763E-05 
3, 2.549881E-04 
17, 1.005273E-09 
11, 8.350924E-05 
7, 8.616089E-04 
7, 8.190237E-04 
12, 2.059949E-05 
2, 4.519862E-05 
14, 1.538608E-06 
16, 2.165640E-09 
12, 1.434896E-05 
10, 2.128781E-04 
4, 3.709091E-04 
17, 8.814397E-10 
5, 7.978304E-04 
4, 5.663322E-04 
13, 3.639722E-06 
13, 6.358923E-06 
17, 9.614801E-10 
17, 8.277966E-10 
8, 5.106374E-04 
17, 1.314105E-09 
2, 1.166166E-04 
6, 1.299851E-03 
9, 3.412152E-04 
4, 8.361637E-04 
14, 1.056023E-06 
6, 6.979734E-04 
10, 2.059522E-04 
2, 2.272043E-05 
11, 5.270704E-05 
10, 1.537462E-04 
4, 7.322069E-04 
12, 3.389645E-05 
12, 2.792569E-05 
8, 4.823486E-04 
13, 6.896796E-06 
6, 1.061722E-03 
15, 5.344105E-07 
14, 1.593182E-06 
17, 1.121329E-09 
3, 3.211749E-04 
12, 2.738106E-05 
17, 1.460967E-09 
11, 8.584253E-05 
7, 7.797574E-04 
10, 1.811863E-04 
7, 6.735837E-04 
3, 4.164366E-04 
14, 1.359238E-06 
7, 5.882341E-04 
14, 2.444970E-06 
5, 1.077518E-03 
7, 1.006148E-03 
12, 1.983084E-05 
10, 1.958168E-04 
15, 4.892899E-07 
7, 6.519484E-04 
9, 6.388539E-04 
17, 8.118022E-10 
2, 1.347983E-04 
9, 3.243572E-04 
3, 3.685027E-04 
3, 4.251148E-04 
13, 5.493971E-06 
8, 3.794604E-04 
16, 1.125892E-09 
1, 2.535726E-05 
7, 6.146563E-04 
5, 7.916811E-04 
12, 1.998624E-05 
5, 9.696675E-04 
17, 1.019672E-09 
17, 8.223261E-10 
4, 5.188553E-04 
17, 9.022595E-10 
16, 1.032706E-09 
8, 4.752789E-04 
14, 2.883282E-06 
3, 3.251213E-04 
6, 6.935707E-04 
1, 2.483933E-05 
13, 4.046984E-06 
13, 9.292367E-06 
10, 1.335641E-04 
13, 8.707738E-06 
8, 5.342924E-04 
8, 4.544080E-04 
4, 5.631334E-04 
2, 2.829307E-05 
3, 4.154190E-04 
9, 4.818106E-04 
15, 9.334791E-07 
2, 1.632494E-04 
5, 1.089002E-03 
3, 4.214829E-04 
12, 7.438332E-06 
9, 4.065220E-04 
8, 6.840883E-04 
1, 2.132836E-05 
12, 2.266608E-05 
4, 7.693183E-04 
4, 5.584892E-04 
6, 9.691068E-04 
2, 1.979132E-04 
11, 5.054091E-05 
15, 2.865241E-07 
7, 9.926848E-04 
6, 1.099138E-03 
11, 5.471456E-05 
13, 4.265768E-06 
4, 7.873177E-04 
8, 8.017550E-04 
9, 3.306614E-04 
13, 2.173091E-06 
13, 5.249913E-06 
17, 1.080473E-09 
13, 3.639722E-06 
7, 6.829058E-04 
12, 7.126646E-06 
7, 6.097288E-04 
6, 1.251337E-03 
3, 4.424765E-04 
13, 7.650471E-06 
16, 8.277402E-10 
16, 7.304835E-10 
4, 5.594565E-04 
3, 3.438376E-04 
15, 2.702333E-07 
13, 4.265768E-06 
15, 4.018873E-07 
8, 6.562598E-04 
13, 3.108437E-06 
12, 2.445623E-05 
8, 6.685024E-04 
4, 5.421715E-04 
8, 5.667221E-04 
3, 2.502755E-04 
3, 4.273865E-04 
11, 9.551349E-05 
14, 1.425948E-06 
4, 5.772260E-04 
1, 3.592089E-05 
13, 8.401741E-06 
5, 1.147070E-03 
1, 2.601042E-05 
10, 1.681901E-04 
2, 1.125858E-04 
16, 6.022944E-08 
15, 3.663159E-07 
6, 8.930200E-04 
2, 2.005359E-04 
14, 1.306491E-06 
11, 7.632312E-05 
9, 2.873429E-04 
16, 1.179841E-09 
10, 1.683193E-04 
2, 1.354888E-04 
15, 4.486024E-07 
6, 1.080547E-03 
2, 1.660491E-04 
7, 6.121375E-04 
10, 3.155017E-04 
11, 1.981464E-04 
6, 7.746832E-04 
13, 6.043769E-06 
1, 2.526973E-05 
4, 7.481596E-04 
5, 8.032719E-04 
9, 3.239418E-04 
1, 3.107203E-05 
10, 1.119524E-04 
16, 3.084639E-09 
5, 8.573252E-04 
9, 4.310446E-04 
7, 6.711617E-04 
11, 6.847760E-05 
13, 5.835458E-06 
17, 1.007602E-09 
1, 1.966558E-04 
4, 7.650396E-04 
14, 1.479419E-06 
4, 6.621690E-04 
1, 2.023566E-05 
3, 2.627999E-04 
6, 1.125868E-03 
10, 1.093080E-04 
5, 7.431476E-04 
16, 7.229011E-08 
8, 5.139929E-04 
8, 4.966362E-04 
14, 6.240422E-07 
17, 1.370905E-09 
3, 2.255795E-04 
10, 1.962232E-04 
14, 1.021502E-06 
4, 5.414634E-04 
15, 9.871817E-08 
5, 1.038996E-03 
5, 8.874479E-04 
7, 8.433394E-04 
11, 3.711674E-05 
1, 3.543119E-05 
6, 9.518796E-04 
15, 3.181600E-07 
11, 2.994750E-05 
12, 2.055267E-05 
9, 3.003230E-04 
13, 1.001185E-05 
8, 4.926498E-04 
16, 5.346370E-08 
13, 2.930548E-06 
3, 3.147651E-04 
11, 5.927778E-05 
14, 2.553601E-06 
9, 4.156895E-04 
13, 3.215013E-06 
13, 9.729686E-06 
1, 1.985466E-05 
9, 2.873429E-04 
9, 2.756077E-04 
16, 7.841999E-08 
5, 6.812027E-04 
6, 7.357921E-04 
14, 1.250207E-06 
11, 6.810089E-05 
5, 6.387347E-04 
13, 4.490167E-06 
1, 3.107203E-05 
15, 5.666608E-07 
6, 9.725399E-04 
10, 1.240926E-04 
9, 1.560813E-04 
16, 1.445802E-07 
6, 1.021905E-03 
9, 2.602745E-04 
15, 2.257809E-07 
15, 2.725214E-07 
13, 7.669259E-06 
1, 3.067657E-05 
1, 1.915686E-05 
11, 5.361555E-05 
3, 3.874060E-04 
10, 2.696094E-04 
17, 1.126291E-09 
1, 3.291884E-05 
7, 7.904637E-04 
10, 1.740872E-04 
7, 6.681747E-04 
4, 5.193934E-04 
5, 6.643926E-04 
14, 1.897518E-06 
6, 1.138504E-03 
4, 7.732996E-04 
12, 2.203627E-05 
10, 9.900186E-05 
7, 7.602065E-04 
1, 2.327744E-05 
12, 1.130901E-05 
9, 4.762964E-04 
2, 1.408872E-04 
3, 3.455161E-04 
17, 7.023237E-10 
6, 8.869925E-04 
15, 3.551925E-07 
11, 1.435449E-04 
8, 4.817947E-04 
15, 1.503879E-07 
4, 5.587332E-04 
3, 3.399616E-04 
6, 1.122017E-03 
13, 8.951642E-06 
2, 1.829117E-04 
10, 1.217188E-04 
5, 9.080939E-04 
11, 1.166905E-04 
3, 3.192211E-04 
10, 1.756662E-04 
17, 1.244100E-09 
16, 8.063695E-10 
11, 7.029352E-05 
14, 1.767202E-06 
3, 2.998754E-04 
12, 2.623950E-05 
14, 8.000586E-08 
5, 7.956962E-04 
17, 1.032706E-09 
4, 6.053894E-04 
6, 8.869925E-04 
7, 5.263901E-04 
12, 2.620838E-05 
5, 1.100232E-03 
1, 1.954123E-05 
12, 2.203940E-05 
17, 7.606318E-10 
9, 2.748576E-04 
14, 3.082734E-06 
5, 7.638533E-04 
16, 4.906152E-08 
17, 7.304835E-10 
9, 3.038253E-04 
3, 3.988954E-04 
9, 4.365557E-04 
6, 9.259184E-04 
2, 1.245029E-04 
16, 1.778944E-09 
7, 5.949809E-04 
12, 2.203627E-05 
15, 1.226675E-07 
11, 3.672273E-05 
1, 3.321178E-05 
6, 1.123282E-03 
15, 7.841999E-08 
10, 1.472883E-04 
14, 3.042484E-06 
14, 1.320670E-06 
13, 9.292367E-06 
6, 1.242133E-03 
12, 2.806387E-05 
11, 6.175076E-05 
4, 6.479062E-04 
8, 6.238266E-04 
5, 9.408593E-04 
3, 2.825296E-04 
14, 1.362521E-06 
5, 7.962816E-04 
5, 6.253762E-04 
6, 1.341914E-03 
15, 4.766640E-07 
2, 1.046563E-04 
8, 4.506082E-04 
6, 9.775804E-04 
7, 6.125042E-04 
11, 7.407417E-05 
2, 2.025544E-04 
9, 2.768502E-04 
9, 3.310089E-04 
4, 5.188553E-04 
7, 6.009840E-04 
6, 1.062691E-03 
6, 1.221183E-03 
2, 3.418130E-05 
5, 1.035304E-03 
17, 1.223193E-09 
17, 7.023237E-10 
16, 7.504606E-08 
1, 1.999524E-05 
1, 2.371101E-05 
10, 2.792457E-04 
11, 5.839423E-05 
6, 9.097979E-04 
5, 9.138185E-04 
8, 6.331474E-04 
3, 1.784198E-04 
16, 3.173453E-08 
13, 6.216628E-06 
8, 3.697988E-04 
3, 3.658485E-04 
10, 1.093912E-04 
1, 3.011346E-05 
16, 1.117421E-09 
12, 2.086352E-05 
15, 6.080027E-07 
6, 1.088802E-03 
7, 1.283014E-03 
4, 7.442068E-04 
7, 6.370147E-04 
14, 1.617592E-06 
13, 2.408488E-06 
13, 5.873812E-06 
9, 4.692497E-04 
4, 2.765234E-04 
8, 5.491494E-04 
4, 6.263536E-04 
8, 5.615491E-04 
12, 2.304480E-05 
11, 9.508279E-05 
11, 5.283870E-05 
14, 2.510530E-06 
5, 7.828419E-04 
8, 5.128448E-04 
4, 4.984945E-04 
9, 4.008931E-04 
8, 5.376564E-04 
13, 8.542141E-06 
16, 1.737494E-09 
4, 6.633087E-04 
1, 2.409267E-05 
11, 5.018713E-05 
4, 6.298961E-04 
17, 9.867057E-10 
7, 6.582658E-04 
6, 8.469135E-04 
11, 9.079121E-05 
13, 2.358318E-06 
6, 1.001439E-03 
9, 3.112735E-04 
4, 5.483735E-04 
11, 8.193179E-05 
8, 5.788717E-04 
17, 8.913715E-10 
1, 2.311457E-05 
14, 1.836995E-06 
16, 2.686620E-09 
3, 3.638725E-04 
16, 8.879813E-08 
12, 1.790328E-05 
8, 5.212793E-04 
3, 6.427784E-04 
2, 1.490849E-04 
8, 6.032418E-04 
3, 2.856742E-04 
7, 6.538363E-04 
5, 1.093540E-03 
10, 1.598553E-04 
14, 9.334791E-07 
10, 1.850464E-04 
14, 3.516361E-06 
11, 6.649053E-05 
9, 1.624743E-04 
10, 2.857829E-04 
11, 7.694295E-05 
2, 1.129749E-04 
4, 2.744289E-04 
15, 7.868875E-07 
7, 7.527097E-04 
17, 7.955157E-10 
1, 2.222114E-05 
11, 7.376850E-05 
7, 7.043016E-04 
16, 1.117421E-09 
16, 4.250482E-08 
5, 1.045798E-03 
8, 6.648530E-04 
4, 7.069890E-04 
14, 1.755538E-06 
2, 1.869157E-04 
15, 3.807035E-07 
2, 1.800934E-04 
5, 1.111038E-03 
10, 2.084832E-04 
16, 5.793998E-09 
4, 9.292605E-04 
5, 7.538201E-04 
10, 2.082013E-04 
13, 8.337587E-06 
9, 4.606656E-04 
10, 1.641662E-04 
7, 6.566537E-04 
17, 1.220956E-09 
8, 5.417519E-04 
16, 1.125892E-09 
16, 6.650297E-08 
16, 8.000586E-08 
2, 1.228310E-04 
10, 1.465764E-04 
4, 7.885777E-04 
9, 2.768502E-04 
3, 3.201610E-04 
17, 1.069556E-09 
5, 6.203471E-04 
6, 9.085320E-04 
12, 1.938056E-05 
9, 3.237399E-04 
13, 3.966411E-06 
14, 2.891986E-06 
3, 3.088042E-04 
13, 6.980482E-06 
12, 1.077109E-05 
10, 1.176205E-04 
15, 8.796575E-08 
14, 1.767485E-06 
6, 1.271193E-03 
11, 7.376850E-05 
3, 3.871264E-04 
12, 2.031210E-05 
11, 5.545677E-05 
9, 4.068579E-04 
5, 8.275087E-04 
16, 7.503596E-08 
2, 9.667600E-05 
2, 2.829307E-05 
8, 3.003230E-04 
7, 6.645754E-04 
2, 3.355493E-05 
3, 3.906495E-04 
17, 1.283942E-09 
17, 1.125892E-09 
13, 5.465038E-06 
10, 3.237049E-04 
8, 6.113191E-04 
11, 8.370782E-05 
4, 7.697052E-04 
10, 1.517510E-04 
5, 6.967648E-04 
4, 7.495646E-04 
11, 6.252871E-05 
8, 4.228284E-04 
9, 2.557820E-04 
17, 1.116070E-09 
7, 6.819090E-04 
7, 6.287918E-04 
13, 7.932822E-06 
15, 7.015315E-07 
10, 2.924606E-04 
4, 7.403466E-04 
8, 3.705865E-04 
2, 1.479882E-04 
1, 2.694495E-05 
10, 1.554680E-04 
6, 1.140526E-03 
15, 9.768537E-08 
10, 3.187663E-04 
10, 2.168906E-04 
9, 3.372827E-04 
1, 2.417800E-05 
9, 2.904426E-04 
15, 4.667396E-07 
13, 6.278939E-06 
11, 5.709767E-05 
3, 2.754639E-04 
14, 3.082734E-06 
12, 3.595788E-05 
6, 1.134025E-03 
9, 4.684301E-04 
7, 5.825668E-04 
9, 2.822590E-04 
15, 1.328065E-07 
12, 1.306639E-05 
6, 1.076407E-03 
9, 2.780928E-04 
4, 7.898173E-04 
7, 6.093568E-04 
13, 3.042484E-06 
8, 5.305672E-04 
5, 7.859915E-04 
3, 2.765234E-04 
4, 6.603133E-04 
8, 5.536131E-04 
16, 2.324948E-09 
12, 2.056241E-05 
12, 8.472836E-06 
10, 5.027408E-05 
7, 7.270435E-04 
7, 5.715404E-04 
14, 2.470539E-06 
1, 2.839576E-05 
12, 2.993991E-05 
15, 2.454258E-07 
16, 1.422387E-07 
10, 1.756662E-04 
15, 4.780718E-07 
11, 9.320849E-05 
1, 2.059975E-05 
7, 9.291723E-04 
1, 2.064229E-05 
14, 2.373868E-06 
12, 1.774715E-05 
5, 1.130738E-03 
1, 2.107474E-05 
17, 9.867057E-10 
3, 3.492560E-04 
8, 7.988936E-04 
16, 5.407487E-08 
4, 5.448105E-04 
4, 6.007428E-04 
2, 8.453917E-05 
3, 3.673063E-04 
2, 1.422560E-04 
8, 6.648530E-04 
10, 1.301279E-04 
15, 1.191660E-07 
16, 7.841999E-08 
17, 1.119518E-09 
10, 1.844208E-04 
10, 1.552668E-04 
13, 2.591362E-06 
12, 1.700202E-05 
11, 5.849840E-05 
7, 9.206962E-04 
6, 1.279895E-03 
3, 3.205536E-04 
4, 5.310392E-04 
9, 4.704292E-04 
10, 3.101067E-04 
6, 1.074980E-03 
12, 8.542141E-06 
7, 5.542965E-04 
5, 7.838429E-04 
2, 1.099381E-04 
17, 1.166634E-09 
10, 1.925087E-04 
5, 1.105277E-03 
7, 5.775212E-04 
7, 8.317484E-04 
10, 2.252955E-04 
2, 8.228576E-05 
16, 8.240601E-08 
5, 7.230257E-04 
17, 7.143731E-10 
16, 1.019135E-09 
12, 3.622442E-05 
12, 1.979955E-05 
17, 9.688937E-10 
7, 6.409063E-04 
9, 5.043581E-04 
17, 1.023817E-09 
17, 7.498739E-10 
8, 4.139972E-04 
11, 5.176920E-05 
10, 6.358413E-05 
6, 1.298778E-03 
2, 3.417484E-05 
15, 2.801802E-07 
7, 6.541348E-04 
16, 7.271499E-08 
15, 7.897762E-07 
16, 3.047325E-08 
15, 1.225172E-07 
4, 4.960163E-04 
12, 2.203627E-05 
5, 7.638533E-04 
12, 1.983084E-05 
8, 6.322110E-04 
15, 4.693353E-07 
7, 9.138420E-04 
12, 1.949537E-05 
12, 2.031210E-05 
3, 3.039548E-04 
1, 2.621867E-05 
7, 6.436359E-04 
3, 4.042195E-04 
1, 3.563710E-05 
8, 5.968077E-04 
14, 1.767485E-06 
4, 6.453655E-04 
8, 3.846395E-04 
5, 1.088528E-03 
10, 2.222049E-04 
11, 7.414731E-05 
12, 1.396128E-05 
6, 1.011945E-03 
4, 6.669091E-04 
17, 6.967296E-10 
13, 3.908920E-06 
15, 4.375595E-07 
1, 2.607786E-05 
6, 1.044690E-03 
16, 9.911530E-10 
2, 1.232025E-04 
9, 3.368598E-04 
1, 2.405396E-05 
11, 5.928905E-05 
2, 1.223576E-04 
12, 4.221394E-05 
9, 3.652073E-04 
3, 3.037703E-04 
5, 9.447578E-04 
4, 5.391100E-04 
1, 2.193364E-05 
13, 4.259983E-06 
9, 3.783396E-04 
12, 4.004318E-05 
6, 1.086982E-03 
8, 6.368592E-04 
4, 6.504051E-04 
7, 9.465828E-04 
13, 3.808373E-06 
11, 5.615114E-05 
15, 1.445802E-07 
16, 4.381120E-09 
17, 9.898774E-10 
7, 7.295575E-04 
3, 3.040803E-04 
7, 6.471958E-04 
11, 7.165789E-05 
14, 1.007673E-06 
16, 1.019781E-09 
5, 1.170812E-03 
12, 2.398855E-05 
16, 7.751892E-08 
7, 5.762803E-04 
5, 9.346566E-04 
3, 3.523304E-04 
7, 9.679580E-04 
5, 1.053162E-03 
6, 7.357921E-04 
6, 1.260732E-03 
10, 1.497904E-04 
7, 6.922754E-04 
2, 1.889615E-04 
8, 5.323972E-04 
12, 2.971850E-05 
1, 2.186287E-05 
5, 1.080449E-03 
16, 8.458734E-08 
9, 3.506233E-04 
9, 2.851838E-04 
3, 3.099436E-04 
12, 3.491396E-05 
7, 5.200043E-04 
10, 2.008638E-04 
9, 2.904426E-04 
6, 1.027410E-03 
2, 1.847645E-04 
1, 1.961427E-05 
11, 6.400487E-05 
8, 5.855367E-04 
14, 9.334791E-07 
7, 8.256060E-04 
16, 9.222884E-08 
3, 3.401497E-04 
6, 1.313053E-03 
9, 3.123085E-04 
16, 6.314711E-08 
6, 9.988385E-04 
13, 2.358318E-06 
15, 7.858408E-08 
14, 2.425704E-06 
12, 2.881479E-05 
5, 1.041976E-03 
9, 2.718744E-04 
9, 4.879993E-04 
16, 1.672473E-09 
8, 4.094222E-04 
15, 6.220263E-07 
17, 1.161236E-09 
4, 5.510173E-04 
7, 6.246930E-04 
9, 3.272122E-04 
16, 6.778355E-08 
4, 5.431890E-04 
7, 6.307530E-04 
4, 7.665931E-04 
16, 3.899425E-09 
4, 5.966300E-04 
5, 1.125986E-03 
1, 3.489417E-05 
15, 4.972770E-07 
14, 1.310123E-06 
7, 8.122821E-04 
16, 7.112120E-08 
11, 1.060915E-04 
7, 5.738291E-04 
5, 9.062629E-04 
8, 5.984877E-04 
4, 7.732335E-04 
5, 7.956962E-04 
16, 7.751723E-08 
5, 8.807807E-04 
1, 1.945228E-05 
10, 1.850639E-04 
7, 5.758717E-04 
12, 1.908434E-05 
3, 3.062380E-04 
11, 5.767261E-05 
16, 7.503596E-08 
9, 4.940659E-04 
16, 7.751892E-08 
14, 1.555356E-06 
7, 6.329362E-04 
3, 4.017983E-04 
7, 7.265254E-04 
8, 6.573650E-04 
15, 5.319606E-07 
10, 1.646349E-04 
2, 1.538097E-04 
5, 9.720127E-04 
14, 1.965130E-06 
4, 7.730667E-04 
7, 7.968839E-04 
7, 5.166509E-04 
5, 1.088643E-03 
4, 7.301531E-04 
13, 2.427173E-06 
8, 6.661411E-04 
11, 1.905793E-04 
12, 2.561830E-05 
17, 1.247264E-09 
10, 1.141795E-04 
4, 7.672699E-04 
2, 1.042411E-04 
9, 4.801339E-04 
15, 2.582781E-07 
9, 4.194794E-04 
12, 1.645309E-05 
12, 2.031210E-05 
17, 8.467840E-10 
3, 3.306989E-04 
2, 3.959854E-04 
3, 2.240687E-04 
16, 3.539578E-09 
10, 2.215765E-04 
5, 1.091564E-03 
10, 2.183448E-04 
9, 2.667754E-04 
8, 6.728888E-04 
5, 1.089764E-03 
1, 1.961427E-05 
3, 3.899859E-04 
7, 7.444922E-04 
6, 6.979734E-04 
9, 3.257180E-04 
12, 2.391077E-05 
10, 1.666698E-04 
13, 3.108437E-06 
3, 3.998978E-04 
6, 9.548788E-04 
16, 7.503596E-08 
15, 5.904912E-07 
16, 7.043655E-08 
17, 1.099165E-09 
16, 4.584631E-09 
12, 3.567955E-05 
3, 3.306989E-04 
16, 8.376620E-08 
17, 1.146958E-09 
10, 2.086334E-04 
8, 6.599825E-04 
17, 1.097813E-09 
8, 4.524502E-04 
5, 7.230257E-04 
2, 1.441083E-04 
7, 6.968264E-04 
7, 7.199103E-04 
9, 2.718744E-04 
15, 6.632356E-07 
16, 1.771158E-09 
7, 6.863954E-04 
14, 1.372300E-06 
2, 1.098555E-04 
2, 2.519707E-05 
17, 1.125892E-09 
7, 5.724017E-04 
1, 3.013324E-05 
5, 7.489320E-04 
4, 5.310392E-04 
7, 5.873851E-04 
6, 7.062469E-04 
14, 3.812409E-06 
3, 4.041371E-04 
14, 1.985936E-06 
8, 6.141203E-04 
10, 1.971838E-04 
8, 5.120067E-04 
10, 1.744902E-04 
7, 6.551810E-04 
5, 8.547581E-04 
15, 5.053403E-07 
9, 4.503929E-04 
14, 2.741024E-06 
17, 7.007111E-10 
1, 3.660633E-05 
13, 4.490167E-06 
16, 2.086478E-09 
3, 3.947913E-04 
2, 3.005504E-04 
14, 2.543342E-06 
8, 5.379114E-04 
5, 8.914467E-04 
7, 1.014373E-03 
5, 9.294930E-04 
5, 1.016088E-03 
8, 4.526665E-04 
10, 1.545929E-04 
14, 9.334791E-07 
12, 2.504603E-05 
9, 2.779613E-04 
13, 6.583107E-06 
17, 9.829512E-10 
16, 1.114368E-09 
12, 1.208952E-05 
12, 1.599349E-05 
11, 5.866199E-05 
13, 4.992559E-06 
2, 1.796397E-04 
1, 2.132836E-05 
12, 2.429192E-05 
8, 4.399883E-04 
11, 3.247651E-05 
5, 1.139064E-03 
9, 2.638895E-04 
13, 2.665756E-06 
16, 4.805367E-08 
7, 5.166509E-04 
14, 2.568032E-06 
1, 2.559399E-05 
13, 5.684920E-06 
15, 5.278563E-07 
13, 3.718025E-06 
2, 1.070170E-04 
9, 2.807170E-04 
7, 7.371039E-04 
4, 5.331833E-04 
15, 5.179020E-07 
6, 1.316625E-03 
12, 3.505468E-05 
4, 7.906633E-04 
10, 2.203197E-04 
15, 1.758181E-06 
14, 1.485859E-06 
14, 2.299235E-06 
4, 5.828176E-04 
10, 1.326640E-04 
7, 6.398565E-04 
11, 2.278753E-05 
7, 4.466068E-04 
3, 2.588144E-04 
9, 3.051940E-04 
8, 6.321070E-04 
9, 3.225668E-04 
12, 3.505468E-05 
10, 1.811863E-04 
9, 5.667221E-04 
10, 3.059282E-04 
5, 1.042310E-03 
9, 4.937456E-04 
6, 1.317623E-03 
13, 7.325483E-06 
7, 6.137341E-04 
3, 4.942198E-04 
2, 1.429008E-04 
5, 6.611170E-04 
4, 7.298437E-04 
7, 5.143429E-04 
16, 1.312709E-09 
4, 5.037554E-04 
12, 2.335485E-05 
13, 7.885088E-06 
8, 6.441018E-04 
7, 6.184177E-04 
1, 2.387715E-05 
13, 7.968242E-06 
6, 8.917427E-04 
15, 5.970728E-07 
16, 9.133380E-08 
8, 6.827025E-04 
3, 3.890652E-04 
3, 3.333406E-04 
1, 2.454010E-05 
6, 1.342342E-03 
17, 7.266620E-10 
8, 6.316357E-04 
7, 5.542965E-04 
1, 2.665066E-05 
10, 1.267955E-04 
16, 1.201926E-07 
12, 3.232453E-05 
7, 5.562989E-04 
5, 1.054449E-03 
9, 4.411044E-04 
15, 4.780718E-07 
6, 1.112193E-03 
7, 6.535384E-04 
15, 9.133380E-08 
4, 6.974111E-04 
9, 2.978229E-04 
7, 8.951921E-04 
9, 2.822590E-04 
16, 4.770617E-08 
8, 6.137675E-04 
8, 5.196425E-04 
11, 8.030342E-05 
6, 9.019410E-04 
16, 2.251784E-09 
10, 1.626948E-04 
9, 2.607630E-04 
11, 9.013297E-05 
12, 3.111579E-05 
10, 1.386954E-04 
15, 4.520331E-07 
17, 8.694413E-10 
4, 6.558107E-04 
10, 1.262211E-04 
9, 2.586402E-04 
6, 6.935065E-04 
8, 4.262034E-04 
15, 8.738894E-07 
14, 3.105722E-06 
7, 7.572730E-04 
15, 1.482710E-07 
14, 1.702612E-06 
10, 1.256197E-04 
3, 2.991836E-04 
14, 1.836995E-06 
10, 1.543740E-04 
10, 1.544384E-04 
1, 2.216928E-05 
8, 6.626267E-04 
17, 1.109046E-09 
7, 9.004404E-04 
7, 6.511546E-04 
16, 3.567158E-09 
3, 3.913839E-04 
17, 1.013692E-09 
10, 1.687101E-04 
15, 3.145464E-07 
11, 1.730333E-05 
14, 6.240422E-07 
17, 8.297887E-10 
5, 8.756241E-04 
8, 4.859727E-04 
13, 5.482049E-06 
7, 6.405695E-04 
2, 1.452923E-04 
7, 6.851263E-04 
13, 6.707912E-06 
6, 1.324894E-03 
4, 5.201706E-04 
6, 1.110827E-03 
5, 1.268960E-03 
16, 3.333758E-08 
6, 1.237218E-03 
13, 3.282351E-06 
11, 7.360872E-05 
11, 3.346272E-05 
13, 3.237861E-06 
16, 3.168236E-09 
2, 1.302485E-04 
7, 6.195018E-04 
15, 4.667396E-07 
3, 3.522665E-04 
11, 7.845563E-05 
13, 5.948940E-06 
1, 2.839576E-05 
5, 9.730471E-04 
17, 1.132595E-09 
6, 1.160302E-03 
14, 3.909614E-06 
14, 2.427173E-06 
16, 7.503596E-08 
6, 1.194120E-03 
13, 4.992559E-06 
11, 5.678427E-05 
17, 8.927898E-10 
9, 3.309749E-04 
16, 7.115525E-09 
5, 8.595446E-04 
3, 2.570695E-04 
7, 9.362308E-04 
1, 2.491022E-05 
16, 7.503596E-08 
4, 5.613506E-04 
13, 5.004896E-06 
5, 9.005760E-04 
6, 1.116900E-03 
17, 7.143731E-10 
17, 1.194981E-09 
14, 2.787254E-06 
2, 1.430809E-04 
13, 7.336867E-06 
13, 2.061047E-06 
14, 4.737463E-07 
7, 8.844739E-04 
8, 5.722235E-04 
3, 3.492560E-04 
15, 3.223393E-07 
4, 5.709448E-04 
8, 5.477840E-04 
9, 3.512344E-04 
5, 1.122707E-03 
14, 2.383342E-06 
15, 9.610734E-08 
3, 2.909923E-04 
16, 2.084518E-09 
8, 6.607581E-04 
13, 8.143225E-06 
2, 5.151256E-05 
5, 1.051510E-03 
11, 6.810089E-05 
3, 3.653341E-04 
2, 4.381605E-05 
3, 3.673063E-04 
4, 6.232985E-04 
4, 5.987156E-04 
13, 4.139807E-06 
8, 8.828069E-04 
10, 2.563581E-04 
4, 7.242355E-04 
15, 4.182138E-07 
11, 9.147368E-05 
2, 1.845145E-04 
10, 2.019458E-04 
13, 5.160481E-06 
16, 1.878173E-09 
10, 2.666313E-04 
12, 1.950347E-05 
2, 1.083629E-04 
8, 5.926955E-04 
11, 3.518858E-05 
6, 1.230148E-03 
6, 9.083774E-04 
16, 3.177671E-09 
8, 7.025410E-04 
13, 9.357016E-06 
6, 9.945523E-04 
6, 7.746832E-04 
17, 1.108859E-09 
16, 8.099950E-08 
2, 2.363064E-04 
13, 8.567771E-06 
8, 6.526091E-04 
13, 5.028309E-06 
2, 2.020082E-04 
16, 6.313709E-08 
8, 4.391403E-04 
5, 6.637177E-04 
11, 3.523686E-05 
8, 4.406203E-04 
5, 8.854383E-04 
16, 3.030530E-09 
12, 2.491779E-05 
10, 1.405127E-04 
15, 6.902203E-07 
9, 3.209834E-04 
11, 8.225402E-05 
4, 5.247614E-04 
2, 2.272043E-05 
7, 7.006334E-04 
10, 1.539640E-04 
2, 1.903255E-04 
15, 7.174758E-07 
6, 6.995193E-04 
14, 1.473483E-06 
5, 8.978299E-04 
13, 6.001633E-06 
16, 2.928518E-09 
5, 8.905209E-04 
3, 3.442370E-04 
15, 8.065810E-08 
7, 6.080456E-04 
13, 3.801719E-06 
17, 9.867057E-10 
15, 5.129963E-07 
13, 8.673841E-06 
2, 3.890652E-04 
13, 4.260060E-06 
9, 2.578208E-04 
16, 1.164730E-09 
10, 3.044695E-04 
7, 6.136949E-04 
12, 4.526016E-05 
17, 1.164061E-09 
17, 8.277966E-10 
12, 2.110590E-05 
11, 7.621299E-05 
10, 8.490243E-05 
12, 1.174762E-05 
15, 9.334791E-07 
17, 1.175822E-09 
8, 6.486074E-04 
2, 1.502752E-04 
11, 1.364640E-04 
6, 9.930417E-04 
12, 3.556113E-05 
15, 6.614667E-07 
6, 1.266615E-03 
11, 8.880468E-05 
6, 1.339103E-03 
12, 8.615864E-06 
7, 1.014373E-03 
10, 1.980037E-04 
5, 8.647651E-04 
11, 4.331853E-05 
14, 2.246278E-06 
10, 1.570023E-04 
8, 7.074163E-04 
6, 6.189042E-04 
3, 2.744289E-04 
11, 9.026756E-05 
2, 2.829307E-05 
11, 4.399046E-05 
2, 1.904640E-04 
16, 7.689522E-10 
17, 9.013347E-10 
1, 3.107203E-05 
4, 6.455516E-04 
4, 6.761555E-04 
2, 1.129749E-04 
14, 2.246278E-06 
8, 6.320175E-04 
13, 5.537708E-06 
2, 1.042893E-04 
16, 7.503596E-08 
14, 2.062649E-06 
10, 2.215765E-04 
15, 5.944715E-07 
1, 2.597408E-05 
7, 6.940828E-04 
2, 1.711288E-04 
2, 1.425174E-04 
9, 4.805614E-04 
12, 2.955034E-05 
7, 6.662468E-04 
11, 7.233002E-05 
2, 1.676623E-04 
17, 9.022595E-10 
12, 1.285093E-05 
14, 9.334791E-07 
10, 2.528358E-04 
3, 2.759500E-04 
3, 3.255517E-04 
3, 3.549821E-04 
2, 2.948208E-05 
4, 7.010766E-04 
11, 5.226634E-05 
11, 1.124919E-04 
2, 1.660491E-04 
1, 3.340662E-05 
17, 1.206468E-09 
7, 6.245566E-04 
14, 2.358318E-06 
5, 1.031531E-03 
8, 6.495085E-04 
11, 1.320702E-04 
10, 1.579166E-04 
14, 1.521981E-06 
16, 1.063422E-09 
11, 5.272530E-05 
17, 1.165493E-09 
10, 1.871468E-04 
9, 3.339107E-04 
13, 8.017425E-06 
5, 1.005636E-03 
3, 2.546424E-04 
12, 1.983084E-05 
14, 2.597608E-06 
12, 2.055267E-05 
7, 9.343001E-04 
9, 3.258220E-04 
16, 1.461876E-07 
17, 1.121329E-09 
5, 9.068901E-04 
8, 4.749217E-04 
8, 5.109339E-04 
6, 1.323193E-03 
16, 5.239962E-08 
9, 3.129927E-04 
12, 2.031210E-05 
1, 2.341364E-05 
9, 3.310089E-04 
12, 3.110698E-05 
2, 1.468420E-04 
5, 1.162092E-03 
11, 8.237898E-05 
13, 1.065821E-05 
6, 1.355664E-03 
4, 5.069851E-04 
13, 7.115735E-06 
2, 1.030940E-04 
1, 1.925847E-05 
8, 6.618895E-04 
17, 1.056299E-09 
6, 1.062760E-03 
5, 7.178561E-04 
3, 3.973741E-04 
4, 7.363517E-04 
5, 1.052484E-03 
16, 3.085418E-09 
5, 1.123822E-03 
15, 4.647894E-07 
4, 5.298516E-04 
17, 1.069796E-09 
14, 2.591362E-06 
14, 2.899624E-06 
3, 3.245648E-04 
13, 7.198512E-06 
11, 9.372883E-05 
16, 4.636539E-08 
3, 4.051089E-04 
2, 1.643323E-04 
5, 1.054502E-03 
5, 1.034171E-03 
5, 1.031472E-03 
4, 1.095126E-03 
5, 1.082739E-03 
15, 1.500771E-07 
2, 1.274711E-04 
4, 7.223354E-04 
7, 6.265230E-04 
4, 5.535365E-04 
10, 1.356868E-04 
10, 1.744902E-04 
4, 5.079431E-04 
8, 6.381820E-04 
9, 3.263538E-04 
9, 3.170964E-04 
15, 3.723026E-07 
13, 2.278753E-05 
13, 7.871770E-06 
6, 9.601454E-04 
7, 6.423954E-04 
13, 1.221596E-05 
14, 1.645603E-06 
14, 3.532757E-06 
6, 9.906951E-04 
10, 1.329321E-04 
1, 2.389539E-05 
15, 8.099950E-08 
13, 2.358318E-06 
7, 9.579443E-04 
9, 3.101067E-04 
10, 1.548655E-04 
1, 2.272043E-05 
13, 4.723398E-06 
2, 1.750742E-04 
3, 3.534202E-04 
2, 1.478462E-04 
2, 4.295609E-05 
10, 1.158957E-04 
8, 4.480037E-04 
8, 4.094222E-04 
10, 1.541628E-04 
11, 5.494876E-05 
3, 3.383178E-04 
15, 4.629376E-07 
11, 1.688871E-05 
17, 1.283942E-09 
14, 1.086546E-06 
11, 7.299059E-05 
10, 1.647647E-04 
3, 3.368175E-04 
11, 6.816314E-05 
7, 6.687681E-04 
2, 1.109931E-04 
12, 1.008973E-05 
6, 7.468726E-04 
14, 2.123639E-06 
5, 1.065375E-03 
9, 3.260365E-04 
5, 1.041162E-03 
15, 3.134278E-07 
11, 7.880182E-05 
12, 1.913553E-05 
2, 8.133311E-05 
11, 5.538440E-05 
10, 1.951255E-04 
4, 7.856048E-04 
11, 6.821755E-05 
14, 2.383433E-06 
3, 1.063267E-04 
17, 1.299314E-09 
13, 4.971882E-06 
6, 1.333511E-03 
6, 9.705738E-04 
1, 2.030923E-05 
5, 8.510830E-04 
16, 3.121259E-09 
16, 2.582277E-09 
15, 8.229664E-08 
17, 7.498739E-10 
5, 9.454775E-04 
15, 3.828785E-07 
3, 2.812431E-04 
7, 3.775397E-04 
17, 1.019781E-09 
14, 2.597608E-06 
7, 6.378961E-04 
2, 1.282699E-04 
1, 3.468069E-05 
9, 3.752978E-04 
5, 1.056011E-03 
4, 5.436801E-04 
17, 8.223261E-10 
8, 4.596835E-04 
5, 7.758005E-04 
12, 2.679279E-05 
1, 1.925847E-05 
9, 2.561139E-04 
16, 6.281717E-08 
13, 7.111732E-06 
17, 7.143731E-10 
11, 6.575117E-05 
14, 2.954134E-06 
9, 2.897010E-04 
17, 1.218870E-09 
2, 2.674486E-05 
11, 8.769316E-05 
8, 4.912663E-04 
7, 8.586119E-04 
6, 1.228710E-03 
2, 1.367772E-04 
9, 2.870432E-04 
8, 6.186558E-04 
5, 7.077992E-04 
4, 7.565732E-04 
11, 5.866199E-05 
7, 9.439476E-04 
5, 1.033780E-03 
1, 2.666283E-05 
2, 1.108745E-04 
1, 4.120426E-05 
3, 2.259497E-04 
3, 2.929311E-04 
13, 8.707323E-06 
5, 6.856440E-04 
12, 2.153610E-05 
2, 1.539532E-04 
11, 1.008973E-05 
6, 8.860131E-04 
15, 3.181600E-07 
1, 2.229538E-05 
14, 2.688444E-06 
13, 4.577464E-06 
9, 3.129927E-04 
4, 5.666403E-04 
16, 8.000586E-08 
5, 5.690621E-04 
4, 7.775374E-04 
11, 6.232616E-05 
6, 1.206657E-03 
16, 3.059830E-09 
2, 4.303053E-05 
7, 6.441327E-04 
16, 3.065610E-08 
11, 9.079121E-05 
7, 9.220523E-04 
2, 1.045960E-04 
2, 1.696541E-04 
14, 1.809434E-06 
10, 2.179327E-04 
15, 7.504606E-08 
9, 3.130212E-04 
14, 2.021305E-06 
4, 5.905665E-04 
14, 1.056737E-06 
16, 2.163597E-09 
15, 8.738894E-07 
13, 4.792005E-06 
2, 7.727089E-05 
10, 1.632984E-04 
1, 2.431614E-05 
8, 6.240578E-04 
2, 1.104485E-04 
13, 1.258626E-05 
8, 5.961502E-04 
5, 1.059082E-03 
1, 3.132067E-05 
1, 2.340233E-05 
17, 8.590544E-10 
16, 1.440456E-09 
9, 3.519585E-04 
17, 1.121329E-09 
1, 1.988793E-05 
6, 1.000621E-03 
16, 2.535127E-09 
10, 2.108509E-04 
13, 4.246479E-06 
12, 2.129841E-05 
14, 9.669141E-07 
3, 3.530603E-04 
14, 1.445554E-06 
4, 6.916526E-04 
10, 1.850464E-04 
1, 2.519707E-05 
17, 1.083681E-09 
17, 1.059142E-09 
17, 1.198415E-09 
5, 1.101890E-03 
1, 4.938099E-05 
6, 9.767502E-04 
17, 1.021231E-09 
8, 6.622060E-04 
5, 7.165881E-04 
16, 3.532179E-09 
8, 6.204583E-04 
11, 5.705382E-05 
11, 3.662165E-05 
7, 9.690266E-04 
14, 1.107625E-06 
16, 4.032863E-08 
1, 2.036663E-05 
3, 3.113641E-04 
3, 3.188298E-04 
16, 1.973411E-09 
15, 1.441555E-07 
15, 5.050007E-07 
9, 3.115558E-04 
8, 4.867742E-04 
8, 5.120067E-04 
1, 2.056566E-05 
6, 9.661557E-04 
16, 3.576298E-09 
9, 3.507288E-04 
10, 1.959071E-04 
15, 1.071965E-07 
15, 3.723026E-07 
12, 2.945518E-05 
5, 8.787577E-04 
4, 6.907349E-04 
15, 4.043683E-07 
5, 6.434373E-04 
14, 1.580824E-06 
6, 6.935707E-04 
12, 2.023665E-05 
2, 2.559025E-04 
15, 3.452752E-07 
3, 3.676521E-04 
6, 1.114163E-03 
2, 1.377776E-04 
9, 3.676821E-04 
4, 7.420613E-04 
14, 3.513472E-06 
8, 6.711300E-04 
15, 7.956388E-07 
16, 1.981305E-09 
5, 7.222138E-04 
6, 1.061176E-03 
12, 2.131642E-05 
17, 1.108859E-09 
10, 1.905504E-04 
3, 3.653550E-04 
9, 3.195146E-04 
15, 3.497870E-07 
8, 6.346680E-04 
3, 3.131913E-04 
9, 5.678321E-04 
2, 1.155917E-04 
2, 1.336314E-04 
11, 8.625083E-05 
1, 2.687575E-05 
4, 5.302249E-04 
14, 2.425704E-06 
13, 7.484803E-06 
10, 1.543740E-04 
1, 2.711970E-05 
13, 6.779020E-06 
13, 6.472338E-06 
8, 3.971342E-04 
6, 1.131850E-03 
4, 6.394351E-04 
3, 3.648494E-04 
3, 3.219084E-04 
11, 2.766685E-05 
13, 4.992559E-06 
17, 1.161236E-09 
7, 6.215682E-04 
5, 1.077911E-03 
5, 7.957516E-04 
12, 2.963663E-05 
17, 1.285322E-09 
14, 1.330539E-06 
17, 8.890666E-10 
3, 2.570695E-04 
12, 1.261075E-05 
1, 3.770628E-05 
4, 7.785245E-04 
16, 4.688703E-09 
5, 9.157870E-04 
14, 2.246278E-06 
12, 7.198512E-06 
9, 3.070233E-04 
8, 6.263086E-04 
8, 6.188849E-04 
17, 7.606318E-10 
4, 5.613506E-04 
9, 2.586402E-04 
9, 3.350676E-04 
9, 3.280061E-04 
1, 3.076171E-05 
5, 6.995193E-04 
16, 1.330074E-09 
12, 1.124986E-05 
9, 3.460347E-04 
17, 1.039066E-09 
16, 2.770289E-09 
11, 6.663286E-05 
10, 1.860833E-04 
4, 5.772260E-04 
16, 1.983970E-09 
16, 2.682903E-09 
13, 3.966411E-06 
12, 3.317993E-05 
1, 4.544086E-05 
13, 5.028309E-06 
13, 6.583107E-06 
10, 1.629724E-04 
8, 6.051877E-04 
5, 6.900368E-04 
11, 6.934744E-05 
4, 7.491948E-04 
13, 1.008973E-05 
6, 1.250645E-03 
4, 4.982602E-04 
13, 9.933474E-06 
8, 6.638100E-04 
17, 9.911530E-10 
13, 4.971882E-06 
1, 1.968191E-05 
7, 5.873851E-04 
16, 2.338061E-09 
12, 1.722412E-05 
14, 3.295887E-06 
6, 1.193512E-03 
11, 1.728798E-04 
15, 5.171038E-07 
16, 1.471625E-09 
15, 1.017792E-07 
8, 4.228284E-04 
11, 8.067230E-05 
14, 1.166110E-06 
6, 9.938142E-04 
7, 6.134718E-04 
4, 7.778183E-04 
17, 1.193863E-09 
9, 3.565945E-04 
11, 5.500208E-05 
13, 5.160481E-06 
1, 2.548404E-05 
4, 7.272606E-04 
7, 6.240541E-04 
15, 5.798611E-07 
14, 1.795002E-06 
16, 1.301291E-09 
9, 4.630237E-04 
14, 2.266643E-06 
3, 3.181057E-04 
15, 3.772877E-07 
17, 1.174859E-09 
9, 4.599403E-04 
8, 6.856985E-04 
9, 3.300521E-04 
11, 5.027408E-05 
14, 2.487619E-06 
14, 1.476287E-06 
1, 2.317099E-05 
16, 7.065230E-08 
2, 1.036269E-04 
2, 3.680258E-05 
2, 1.632494E-04 
14, 1.520795E-06 
14, 2.014404E-06 
2, 1.223959E-04 
16, 3.773673E-09 
7, 7.856684E-04 
6, 9.322580E-04 
2, 1.413679E-04 
15, 1.004821E-07 
12, 1.114236E-05 
16, 9.867057E-10 
1, 2.559875E-05 
14, 1.293507E-06 
11, 9.508279E-05 
11, 5.054091E-05 
6, 8.337875E-04 
3, 2.749008E-04 
6, 1.326255E-03 
1, 2.559399E-05 
10, 2.167940E-04 
13, 3.870119E-06 
2, 1.545184E-04 
3, 2.969358E-04 
9, 4.595935E-04 
5, 8.185919E-04 
5, 8.659250E-04 
14, 2.447169E-06 
7, 6.291655E-04 
13, 4.297196E-06 
5, 7.617378E-04 
17, 7.266620E-10 
17, 1.170979E-09 
10, 1.599020E-04 
13, 5.945147E-06 
14, 1.285111E-06 
12, 2.634361E-05 
5, 9.055144E-04 
12, 2.034238E-05 
15, 1.117849E-07 
15, 7.503596E-08 
4, 7.432873E-04 
1, 2.471991E-05 
13, 9.357016E-06 
17, 9.869530E-10 
12, 1.034285E-05 
13, 2.780137E-06 
15, 8.112405E-08 
8, 4.158742E-04 
10, 1.865566E-04 
4, 5.034321E-04 
10, 2.908035E-04 
11, 5.707783E-05 
6, 9.776200E-04 
15, 1.474119E-07 
6, 1.086005E-03 
13, 5.684920E-06 
11, 6.579839E-05 
11, 2.951558E-05 
6, 9.020486E-04 
14, 3.249233E-06 
13, 4.453905E-06 
8, 4.358261E-04 
9, 4.510933E-04 
1, 1.136021E-05 
7, 6.772126E-04 
11, 6.331097E-05 
1, 3.308141E-05 
10, 2.064960E-04 
12, 2.945518E-05 
2, 5.419182E-05 
2, 1.925028E-04 
16, 1.160718E-07 
16, 1.244100E-09 
2, 1.612971E-04 
6, 1.351994E-03 
10, 1.524851E-04 
2, 1.087922E-04 
2, 1.790480E-04 
3, 3.305009E-04 
9, 2.897010E-04 
5, 1.009529E-03 
5, 8.986294E-04 
7, 5.966581E-04 
15, 8.672776E-07 
14, 2.782112E-06 
14, 1.751050E-06 
5, 6.819818E-04 
6, 1.136730E-03 
4, 5.088696E-04 
10, 1.264725E-04 
5, 8.854688E-04 
17, 1.281341E-09 
15, 5.670952E-07 
8, 4.633221E-04 
9, 3.749913E-04 
14, 2.541860E-06 
12, 1.310354E-05 
6, 9.662268E-04 
1, 3.086766E-05 
14, 1.482148E-06 
14, 2.007335E-06 
16, 5.885784E-08 
1, 1.970184E-05 
3, 2.532206E-04 
8, 3.711191E-04 
14, 1.157232E-06 
14, 1.452203E-06 
7, 5.725082E-04 
3, 3.039548E-04 
17, 1.121329E-09 
2, 1.983524E-04 
1, 2.122741E-05 
8, 8.294553E-04 
4, 6.648247E-04 
1, 2.568714E-05 
14, 5.053403E-07 
2, 8.397633E-05 
2, 4.500250E-05 
14, 4.780718E-07 
1, 2.272043E-05 
1, 2.272043E-05 
1, 2.272043E-05 
1, 2.829307E-05 
1, 2.122741E-05 
1, 2.829307E-05 
2, 2.829307E-05 
1, 2.272043E-05 
1, 2.122741E-05 
2, 2.122741E-05 
4, 5.836984E-04 
5, 5.817912E-04 
5, 5.690621E-04 
4, 5.616280E-04 
4, 5.535365E-04 
4, 5.302249E-04 
4, 5.069851E-04 
4, 5.060665E-04 
6, 6.189042E-04 
7, 6.093568E-04 
12, 4.526016E-05 
12, 4.221394E-05 
13, 4.004318E-05 
11, 2.766685E-05 
13, 2.264869E-06 
14, 2.132884E-06 
13, 2.091278E-06 
14, 2.061047E-06 
14, 1.956375E-06 
16, 7.229011E-08 
1, 1.420027E-06 
1, 1.420027E-06 
1, 2.840054E-06 
1, 2.840054E-06 
1, 1.420027E-06 
1, 1.420027E-06 
