0.000000E+00 
0.000000E+00 
0.000000E+00 
0.000000E+00 
0.000000E+00 
1.332941E-05 
0.000000E+00 
0.000000E+00 
0.000000E+00 
0.000000E+00 
1.069498E-05 
0.000000E+00 
0.000000E+00 
0.000000E+00 
0.000000E+00 
0.000000E+00 
0.000000E+00 
0.000000E+00 
0.000000E+00 
3.105965E-05 
0.000000E+00 
1.976321E-05 
0.000000E+00 
0.000000E+00 
0.000000E+00 
0.000000E+00 
0.000000E+00 
0.000000E+00 
0.000000E+00 
0.000000E+00 
0.000000E+00 
1.146515E-05 
0.000000E+00 
2.596693E-05 
0.000000E+00 
1.015978E-05 
0.000000E+00 
0.000000E+00 
0.000000E+00 
0.000000E+00 
0.000000E+00 
0.000000E+00 
1.141980E-05 
1.267707E-05 
1.102611E-05 
1.262400E-05 
1.267753E-05 
0.000000E+00 
0.000000E+00 
0.000000E+00 
1.183441E-05 
0.000000E+00 
0.000000E+00 
0.000000E+00 
0.000000E+00 
0.000000E+00 
0.000000E+00 
0.000000E+00 
0.000000E+00 
0.000000E+00 
0.000000E+00 
1.583172E-05 
0.000000E+00 
0.000000E+00 
1.232154E-05 
2.358016E-05 
0.000000E+00 
0.000000E+00 
0.000000E+00 
0.000000E+00 
1.094054E-05 
0.000000E+00 
0.000000E+00 
2.298372E-05 
4.859206E-05 
0.000000E+00 
0.000000E+00 
0.000000E+00 
0.000000E+00 
1.280228E-05 
0.000000E+00 
0.000000E+00 
0.000000E+00 
0.000000E+00 
0.000000E+00 
0.000000E+00 
0.000000E+00 
1.079794E-05 
1.229438E-05 
1.001634E-05 
0.000000E+00 
0.000000E+00 
0.000000E+00 
0.000000E+00 
1.501829E-05 
1.272831E-05 
0.000000E+00 
3.737890E-05 
2.098629E-05 
1.156613E-05 
0.000000E+00 
1.122126E-05 
0.000000E+00 
0.000000E+00 
0.000000E+00 
1.272950E-05 
0.000000E+00 
1.064449E-05 
0.000000E+00 
0.000000E+00 
0.000000E+00 
1.126600E-05 
0.000000E+00 
0.000000E+00 
0.000000E+00 
0.000000E+00 
0.000000E+00 
1.737286E-05 
0.000000E+00 
1.211254E-05 
2.433296E-05 
6.914603E-06 
6.914651E-07 
3.736376E-05 
0.000000E+00 
0.000000E+00 
6.914914E-07 
9.983311E-06 
9.938189E-06 
0.000000E+00 
0.000000E+00 
0.000000E+00 
0.000000E+00 
0.000000E+00 
1.630071E-05 
0.000000E+00 
9.782391E-06 
1.041190E-05 
0.000000E+00 
0.000000E+00 
3.429615E-05 
3.889113E-05 
1.937300E-05 
0.000000E+00 
9.938304E-06 
1.230723E-05 
1.127246E-05 
0.000000E+00 
0.000000E+00 
0.000000E+00 
0.000000E+00 
0.000000E+00 
0.000000E+00 
0.000000E+00 
2.658119E-05 
0.000000E+00 
0.000000E+00 
0.000000E+00 
0.000000E+00 
1.290806E-05 
1.095636E-05 
0.000000E+00 
2.974261E-05 
0.000000E+00 
0.000000E+00 
1.265834E-05 
0.000000E+00 
1.084681E-05 
0.000000E+00 
0.000000E+00 
0.000000E+00 
1.299701E-05 
2.152859E-05 
0.000000E+00 
1.463704E-05 
0.000000E+00 
0.000000E+00 
1.186949E-05 
0.000000E+00 
0.000000E+00 
0.000000E+00 
0.000000E+00 
0.000000E+00 
0.000000E+00 
0.000000E+00 
0.000000E+00 
0.000000E+00 
0.000000E+00 
1.376511E-05 
1.313324E-05 
1.709195E-05 
0.000000E+00 
4.612817E-05 
0.000000E+00 
0.000000E+00 
0.000000E+00 
0.000000E+00 
0.000000E+00 
1.103369E-05 
0.000000E+00 
1.208199E-05 
0.000000E+00 
0.000000E+00 
0.000000E+00 
0.000000E+00 
0.000000E+00 
2.226063E-05 
0.000000E+00 
0.000000E+00 
0.000000E+00 
4.174105E-05 
1.224722E-05 
0.000000E+00 
0.000000E+00 
9.229415E-06 
0.000000E+00 
1.208316E-05 
0.000000E+00 
0.000000E+00 
0.000000E+00 
1.354524E-05 
1.376820E-05 
0.000000E+00 
0.000000E+00 
0.000000E+00 
0.000000E+00 
0.000000E+00 
1.565000E-05 
0.000000E+00 
0.000000E+00 
0.000000E+00 
2.652533E-05 
0.000000E+00 
4.705653E-05 
1.374610E-05 
1.303555E-05 
3.296823E-05 
1.286985E-05 
3.222450E-05 
3.251232E-05 
0.000000E+00 
0.000000E+00 
2.497939E-05 
0.000000E+00 
1.878130E-05 
3.104178E-05 
0.000000E+00 
2.186876E-05 
9.830748E-06 
0.000000E+00 
9.770344E-06 
1.033808E-05 
0.000000E+00 
0.000000E+00 
0.000000E+00 
0.000000E+00 
0.000000E+00 
0.000000E+00 
0.000000E+00 
1.256858E-05 
0.000000E+00 
1.147582E-05 
2.444020E-05 
0.000000E+00 
0.000000E+00 
0.000000E+00 
0.000000E+00 
2.481414E-05 
0.000000E+00 
1.240738E-05 
0.000000E+00 
3.499306E-05 
0.000000E+00 
1.240796E-05 
0.000000E+00 
9.458159E-06 
1.523648E-05 
0.000000E+00 
0.000000E+00 
0.000000E+00 
0.000000E+00 
3.071433E-05 
0.000000E+00 
0.000000E+00 
0.000000E+00 
0.000000E+00 
0.000000E+00 
0.000000E+00 
0.000000E+00 
0.000000E+00 
0.000000E+00 
0.000000E+00 
0.000000E+00 
0.000000E+00 
0.000000E+00 
2.401105E-05 
0.000000E+00 
0.000000E+00 
1.148560E-05 
0.000000E+00 
2.329606E-05 
1.523808E-05 
0.000000E+00 
2.257517E-05 
4.751558E-05 
0.000000E+00 
0.000000E+00 
0.000000E+00 
0.000000E+00 
0.000000E+00 
1.065402E-05 
0.000000E+00 
0.000000E+00 
0.000000E+00 
0.000000E+00 
1.041325E-05 
0.000000E+00 
0.000000E+00 
0.000000E+00 
0.000000E+00 
0.000000E+00 
0.000000E+00 
0.000000E+00 
1.309158E-05 
0.000000E+00 
1.012587E-05 
0.000000E+00 
0.000000E+00 
0.000000E+00 
0.000000E+00 
0.000000E+00 
0.000000E+00 
1.520232E-05 
2.713519E-05 
3.876988E-05 
9.647897E-06 
0.000000E+00 
0.000000E+00 
0.000000E+00 
0.000000E+00 
1.111838E-05 
1.674756E-05 
9.648259E-06 
0.000000E+00 
9.473422E-06 
1.661512E-05 
0.000000E+00 
0.000000E+00 
0.000000E+00 
1.116483E-05 
0.000000E+00 
0.000000E+00 
0.000000E+00 
0.000000E+00 
0.000000E+00 
1.921354E-05 
9.396883E-06 
0.000000E+00 
0.000000E+00 
1.204257E-05 
0.000000E+00 
0.000000E+00 
0.000000E+00 
0.000000E+00 
0.000000E+00 
0.000000E+00 
0.000000E+00 
0.000000E+00 
1.104562E-05 
1.635839E-05 
2.901024E-05 
0.000000E+00 
1.819064E-05 
0.000000E+00 
0.000000E+00 
0.000000E+00 
0.000000E+00 
1.352098E-05 
0.000000E+00 
0.000000E+00 
0.000000E+00 
1.002393E-05 
1.093914E-05 
1.161145E-05 
0.000000E+00 
0.000000E+00 
0.000000E+00 
3.230066E-05 
1.268789E-05 
1.474887E-05 
1.994902E-05 
3.990997E-05 
0.000000E+00 
1.991090E-05 
0.000000E+00 
0.000000E+00 
0.000000E+00 
0.000000E+00 
0.000000E+00 
0.000000E+00 
1.978870E-05 
0.000000E+00 
2.155216E-05 
0.000000E+00 
1.108541E-05 
0.000000E+00 
0.000000E+00 
0.000000E+00 
0.000000E+00 
0.000000E+00 
0.000000E+00 
0.000000E+00 
1.410220E-05 
1.602754E-05 
0.000000E+00 
1.356684E-05 
1.337183E-05 
0.000000E+00 
0.000000E+00 
0.000000E+00 
0.000000E+00 
0.000000E+00 
0.000000E+00 
1.204717E-05 
0.000000E+00 
0.000000E+00 
0.000000E+00 
0.000000E+00 
0.000000E+00 
0.000000E+00 
0.000000E+00 
1.438643E-05 
1.770360E-05 
0.000000E+00 
0.000000E+00 
0.000000E+00 
1.164050E-05 
1.681634E-05 
0.000000E+00 
2.249465E-05 
0.000000E+00 
0.000000E+00 
0.000000E+00 
0.000000E+00 
0.000000E+00 
0.000000E+00 
0.000000E+00 
0.000000E+00 
0.000000E+00 
0.000000E+00 
0.000000E+00 
1.993286E-05 
0.000000E+00 
0.000000E+00 
0.000000E+00 
0.000000E+00 
0.000000E+00 
0.000000E+00 
0.000000E+00 
0.000000E+00 
0.000000E+00 
0.000000E+00 
0.000000E+00 
1.130269E-05 
0.000000E+00 
0.000000E+00 
0.000000E+00 
2.120632E-05 
1.739325E-05 
0.000000E+00 
0.000000E+00 
0.000000E+00 
0.000000E+00 
0.000000E+00 
0.000000E+00 
0.000000E+00 
0.000000E+00 
0.000000E+00 
0.000000E+00 
0.000000E+00 
1.988584E-05 
0.000000E+00 
0.000000E+00 
0.000000E+00 
3.234405E-05 
0.000000E+00 
0.000000E+00 
1.912706E-05 
2.690259E-05 
0.000000E+00 
1.357078E-05 
3.790183E-05 
0.000000E+00 
0.000000E+00 
0.000000E+00 
0.000000E+00 
0.000000E+00 
0.000000E+00 
1.602157E-05 
0.000000E+00 
1.266691E-05 
0.000000E+00 
1.346511E-05 
1.197066E-05 
4.901544E-05 
1.181337E-05 
0.000000E+00 
0.000000E+00 
0.000000E+00 
0.000000E+00 
1.162154E-05 
1.279164E-05 
0.000000E+00 
0.000000E+00 
0.000000E+00 
3.795270E-05 
0.000000E+00 
1.166650E-05 
0.000000E+00 
0.000000E+00 
1.295473E-05 
0.000000E+00 
2.631797E-05 
1.218149E-05 
1.218163E-05 
0.000000E+00 
1.378116E-05 
0.000000E+00 
0.000000E+00 
0.000000E+00 
0.000000E+00 
0.000000E+00 
0.000000E+00 
1.602584E-05 
0.000000E+00 
4.716585E-05 
0.000000E+00 
0.000000E+00 
1.523072E-05 
0.000000E+00 
1.602709E-05 
0.000000E+00 
0.000000E+00 
0.000000E+00 
0.000000E+00 
2.342279E-05 
0.000000E+00 
0.000000E+00 
1.973555E-05 
1.629073E-05 
1.524465E-05 
0.000000E+00 
3.106214E-05 
0.000000E+00 
1.466841E-05 
0.000000E+00 
0.000000E+00 
1.971947E-05 
1.496647E-05 
1.179727E-05 
1.639570E-05 
1.973870E-05 
2.319508E-05 
1.225562E-05 
5.398116E-05 
3.084524E-05 
0.000000E+00 
0.000000E+00 
0.000000E+00 
0.000000E+00 
1.490399E-05 
2.582701E-05 
1.801106E-05 
0.000000E+00 
0.000000E+00 
0.000000E+00 
0.000000E+00 
1.112337E-05 
1.599624E-05 
0.000000E+00 
1.473110E-05 
0.000000E+00 
1.396367E-05 
2.867874E-05 
1.906065E-05 
0.000000E+00 
5.231569E-05 
0.000000E+00 
3.914960E-05 
0.000000E+00 
1.069950E-05 
0.000000E+00 
2.636428E-05 
0.000000E+00 
0.000000E+00 
2.587053E-05 
3.858921E-05 
6.696412E-05 
0.000000E+00 
0.000000E+00 
0.000000E+00 
1.519815E-05 
2.145957E-05 
4.738595E-05 
1.578663E-05 
1.947367E-05 
0.000000E+00 
7.641356E-05 
0.000000E+00 
5.334985E-05 
8.904626E-06 
6.175277E-05 
0.000000E+00 
0.000000E+00 
1.962305E-05 
1.542238E-05 
0.000000E+00 
2.391056E-05 
0.000000E+00 
0.000000E+00 
0.000000E+00 
1.408175E-05 
3.039043E-05 
0.000000E+00 
0.000000E+00 
0.000000E+00 
2.510621E-05 
0.000000E+00 
0.000000E+00 
0.000000E+00 
1.228713E-05 
0.000000E+00 
0.000000E+00 
0.000000E+00 
0.000000E+00 
0.000000E+00 
1.660411E-05 
0.000000E+00 
1.943009E-05 
0.000000E+00 
0.000000E+00 
0.000000E+00 
0.000000E+00 
0.000000E+00 
0.000000E+00 
0.000000E+00 
1.070496E-05 
0.000000E+00 
0.000000E+00 
8.183508E-06 
0.000000E+00 
0.000000E+00 
0.000000E+00 
0.000000E+00 
1.636715E-05 
0.000000E+00 
0.000000E+00 
0.000000E+00 
3.284459E-05 
1.904950E-05 
0.000000E+00 
9.095165E-06 
0.000000E+00 
0.000000E+00 
0.000000E+00 
0.000000E+00 
0.000000E+00 
0.000000E+00 
1.434770E-05 
0.000000E+00 
0.000000E+00 
2.781008E-05 
2.492082E-05 
1.412542E-05 
0.000000E+00 
1.069067E-05 
1.998843E-05 
1.351676E-05 
0.000000E+00 
0.000000E+00 
2.504952E-05 
0.000000E+00 
0.000000E+00 
1.351728E-05 
1.190110E-05 
0.000000E+00 
0.000000E+00 
0.000000E+00 
0.000000E+00 
2.229953E-05 
0.000000E+00 
0.000000E+00 
0.000000E+00 
0.000000E+00 
0.000000E+00 
0.000000E+00 
0.000000E+00 
0.000000E+00 
0.000000E+00 
0.000000E+00 
0.000000E+00 
2.792049E-05 
1.999111E-05 
0.000000E+00 
1.210581E-05 
0.000000E+00 
0.000000E+00 
0.000000E+00 
0.000000E+00 
0.000000E+00 
3.783245E-05 
0.000000E+00 
0.000000E+00 
0.000000E+00 
0.000000E+00 
1.215445E-05 
1.039087E-05 
0.000000E+00 
0.000000E+00 
0.000000E+00 
1.371797E-05 
0.000000E+00 
0.000000E+00 
0.000000E+00 
0.000000E+00 
0.000000E+00 
0.000000E+00 
3.307460E-05 
0.000000E+00 
0.000000E+00 
0.000000E+00 
0.000000E+00 
0.000000E+00 
0.000000E+00 
0.000000E+00 
0.000000E+00 
0.000000E+00 
0.000000E+00 
0.000000E+00 
0.000000E+00 
0.000000E+00 
2.262717E-05 
0.000000E+00 
0.000000E+00 
0.000000E+00 
0.000000E+00 
1.214286E-05 
0.000000E+00 
0.000000E+00 
0.000000E+00 
0.000000E+00 
0.000000E+00 
0.000000E+00 
0.000000E+00 
0.000000E+00 
0.000000E+00 
1.118937E-05 
1.454507E-05 
0.000000E+00 
0.000000E+00 
3.281022E-05 
1.279006E-05 
0.000000E+00 
1.131479E-05 
1.642295E-05 
0.000000E+00 
0.000000E+00 
0.000000E+00 
0.000000E+00 
0.000000E+00 
5.097184E-05 
0.000000E+00 
3.651786E-05 
1.641207E-05 
1.181171E-05 
2.069154E-05 
1.539246E-05 
2.069228E-05 
0.000000E+00 
0.000000E+00 
3.049786E-05 
1.539349E-05 
1.515763E-05 
0.000000E+00 
0.000000E+00 
1.515786E-05 
1.030829E-05 
0.000000E+00 
0.000000E+00 
1.514792E-05 
0.000000E+00 
0.000000E+00 
0.000000E+00 
1.657881E-05 
1.624676E-05 
1.268678E-05 
0.000000E+00 
0.000000E+00 
0.000000E+00 
0.000000E+00 
0.000000E+00 
0.000000E+00 
0.000000E+00 
0.000000E+00 
0.000000E+00 
0.000000E+00 
0.000000E+00 
0.000000E+00 
0.000000E+00 
1.711438E-05 
3.119627E-05 
3.510687E-05 
0.000000E+00 
1.495262E-05 
0.000000E+00 
1.272527E-05 
0.000000E+00 
0.000000E+00 
0.000000E+00 
0.000000E+00 
2.324440E-05 
2.121541E-05 
0.000000E+00 
3.194240E-05 
0.000000E+00 
0.000000E+00 
0.000000E+00 
0.000000E+00 
2.362355E-05 
0.000000E+00 
0.000000E+00 
0.000000E+00 
0.000000E+00 
0.000000E+00 
1.984864E-05 
0.000000E+00 
5.215682E-05 
0.000000E+00 
0.000000E+00 
0.000000E+00 
0.000000E+00 
0.000000E+00 
0.000000E+00 
0.000000E+00 
1.307206E-05 
0.000000E+00 
0.000000E+00 
0.000000E+00 
0.000000E+00 
1.806432E-05 
0.000000E+00 
1.314400E-05 
3.318197E-05 
0.000000E+00 
2.133353E-05 
2.162388E-05 
0.000000E+00 
0.000000E+00 
0.000000E+00 
1.441723E-05 
0.000000E+00 
0.000000E+00 
0.000000E+00 
0.000000E+00 
2.496500E-05 
0.000000E+00 
0.000000E+00 
0.000000E+00 
0.000000E+00 
0.000000E+00 
0.000000E+00 
3.286483E-05 
0.000000E+00 
3.196926E-05 
2.704583E-05 
0.000000E+00 
0.000000E+00 
0.000000E+00 
0.000000E+00 
0.000000E+00 
0.000000E+00 
0.000000E+00 
4.071479E-05 
0.000000E+00 
0.000000E+00 
0.000000E+00 
2.485741E-05 
0.000000E+00 
0.000000E+00 
1.625699E-05 
0.000000E+00 
2.935701E-05 
0.000000E+00 
0.000000E+00 
2.497069E-05 
0.000000E+00 
1.318437E-05 
1.861951E-05 
1.989707E-05 
0.000000E+00 
1.926381E-05 
0.000000E+00 
2.473527E-05 
0.000000E+00 
1.614670E-05 
1.698114E-05 
2.363802E-05 
2.217859E-06 
2.209951E-05 
0.000000E+00 
2.209999E-05 
4.618211E-05 
1.667030E-05 
0.000000E+00 
0.000000E+00 
1.529201E-05 
3.121246E-05 
0.000000E+00 
0.000000E+00 
0.000000E+00 
0.000000E+00 
0.000000E+00 
1.336377E-05 
4.513395E-05 
0.000000E+00 
3.401837E-05 
2.514653E-05 
3.093598E-05 
3.203197E-05 
2.138958E-05 
0.000000E+00 
0.000000E+00 
0.000000E+00 
0.000000E+00 
0.000000E+00 
0.000000E+00 
2.367818E-05 
0.000000E+00 
0.000000E+00 
1.650920E-05 
1.382912E-05 
2.794038E-05 
0.000000E+00 
0.000000E+00 
0.000000E+00 
1.651016E-05 
0.000000E+00 
0.000000E+00 
0.000000E+00 
0.000000E+00 
1.968935E-05 
0.000000E+00 
0.000000E+00 
0.000000E+00 
0.000000E+00 
1.051754E-05 
0.000000E+00 
0.000000E+00 
0.000000E+00 
0.000000E+00 
2.896824E-05 
0.000000E+00 
0.000000E+00 
0.000000E+00 
1.869946E-05 
0.000000E+00 
1.737165E-05 
0.000000E+00 
0.000000E+00 
0.000000E+00 
0.000000E+00 
0.000000E+00 
0.000000E+00 
0.000000E+00 
1.897721E-05 
3.459433E-05 
0.000000E+00 
0.000000E+00 
0.000000E+00 
1.267297E-05 
6.655891E-05 
0.000000E+00 
3.922070E-05 
0.000000E+00 
2.144012E-05 
0.000000E+00 
2.447475E-05 
2.447535E-05 
0.000000E+00 
0.000000E+00 
0.000000E+00 
0.000000E+00 
0.000000E+00 
0.000000E+00 
0.000000E+00 
0.000000E+00 
0.000000E+00 
0.000000E+00 
2.511393E-05 
0.000000E+00 
0.000000E+00 
0.000000E+00 
2.751580E-05 
0.000000E+00 
0.000000E+00 
5.171055E-05 
2.757603E-05 
0.000000E+00 
0.000000E+00 
2.144446E-05 
0.000000E+00 
1.701774E-05 
0.000000E+00 
0.000000E+00 
0.000000E+00 
0.000000E+00 
0.000000E+00 
0.000000E+00 
1.902877E-05 
0.000000E+00 
0.000000E+00 
0.000000E+00 
1.701835E-05 
0.000000E+00 
1.535440E-05 
0.000000E+00 
2.041467E-05 
1.704715E-05 
2.019374E-05 
2.161325E-05 
0.000000E+00 
0.000000E+00 
0.000000E+00 
2.161372E-05 
0.000000E+00 
1.799429E-05 
0.000000E+00 
0.000000E+00 
1.980274E-05 
0.000000E+00 
0.000000E+00 
0.000000E+00 
0.000000E+00 
1.614197E-05 
0.000000E+00 
1.562831E-05 
0.000000E+00 
0.000000E+00 
1.562855E-05 
1.337089E-05 
0.000000E+00 
0.000000E+00 
2.041874E-05 
2.104595E-05 
0.000000E+00 
0.000000E+00 
0.000000E+00 
1.793791E-05 
0.000000E+00 
0.000000E+00 
0.000000E+00 
0.000000E+00 
3.450768E-05 
2.145268E-05 
1.757885E-05 
0.000000E+00 
0.000000E+00 
0.000000E+00 
0.000000E+00 
0.000000E+00 
0.000000E+00 
0.000000E+00 
1.352636E-05 
0.000000E+00 
1.746629E-05 
1.746660E-05 
0.000000E+00 
0.000000E+00 
0.000000E+00 
0.000000E+00 
0.000000E+00 
5.629729E-05 
1.533204E-05 
4.121652E-05 
0.000000E+00 
3.298150E-05 
0.000000E+00 
0.000000E+00 
1.247924E-05 
0.000000E+00 
0.000000E+00 
0.000000E+00 
2.100730E-05 
2.100774E-05 
2.542054E-05 
0.000000E+00 
0.000000E+00 
1.248024E-05 
0.000000E+00 
0.000000E+00 
0.000000E+00 
1.540488E-05 
1.333152E-05 
0.000000E+00 
0.000000E+00 
0.000000E+00 
0.000000E+00 
1.303727E-05 
0.000000E+00 
1.209802E-05 
0.000000E+00 
0.000000E+00 
0.000000E+00 
0.000000E+00 
0.000000E+00 
0.000000E+00 
0.000000E+00 
0.000000E+00 
0.000000E+00 
0.000000E+00 
1.635411E-05 
0.000000E+00 
2.451038E-05 
1.225549E-05 
0.000000E+00 
0.000000E+00 
0.000000E+00 
0.000000E+00 
0.000000E+00 
0.000000E+00 
0.000000E+00 
0.000000E+00 
0.000000E+00 
0.000000E+00 
1.979298E-05 
0.000000E+00 
1.505018E-05 
0.000000E+00 
0.000000E+00 
0.000000E+00 
0.000000E+00 
1.668861E-05 
0.000000E+00 
0.000000E+00 
0.000000E+00 
0.000000E+00 
0.000000E+00 
0.000000E+00 
0.000000E+00 
0.000000E+00 
3.888933E-05 
0.000000E+00 
0.000000E+00 
0.000000E+00 
0.000000E+00 
0.000000E+00 
0.000000E+00 
0.000000E+00 
6.250781E-05 
4.167448E-05 
0.000000E+00 
0.000000E+00 
0.000000E+00 
0.000000E+00 
0.000000E+00 
0.000000E+00 
2.176684E-05 
3.772448E-05 
0.000000E+00 
0.000000E+00 
2.477940E-05 
0.000000E+00 
1.538551E-05 
0.000000E+00 
2.084018E-05 
0.000000E+00 
0.000000E+00 
1.766987E-05 
0.000000E+00 
0.000000E+00 
0.000000E+00 
0.000000E+00 
0.000000E+00 
1.292991E-05 
0.000000E+00 
1.346266E-05 
0.000000E+00 
1.409151E-05 
1.505550E-05 
0.000000E+00 
2.499817E-05 
0.000000E+00 
0.000000E+00 
0.000000E+00 
1.982616E-05 
0.000000E+00 
0.000000E+00 
0.000000E+00 
1.982655E-05 
2.771611E-05 
0.000000E+00 
0.000000E+00 
0.000000E+00 
1.894683E-05 
1.338080E-05 
0.000000E+00 
0.000000E+00 
0.000000E+00 
0.000000E+00 
0.000000E+00 
1.318964E-05 
0.000000E+00 
1.970448E-05 
3.828939E-05 
0.000000E+00 
0.000000E+00 
0.000000E+00 
0.000000E+00 
5.149010E-05 
0.000000E+00 
0.000000E+00 
0.000000E+00 
1.891611E-05 
1.878790E-05 
0.000000E+00 
2.346041E-05 
0.000000E+00 
0.000000E+00 
0.000000E+00 
1.467059E-05 
0.000000E+00 
1.740604E-05 
0.000000E+00 
0.000000E+00 
0.000000E+00 
0.000000E+00 
3.474766E-05 
0.000000E+00 
0.000000E+00 
0.000000E+00 
2.058405E-05 
0.000000E+00 
0.000000E+00 
0.000000E+00 
2.102771E-05 
1.740767E-05 
0.000000E+00 
0.000000E+00 
0.000000E+00 
0.000000E+00 
3.824236E-05 
0.000000E+00 
0.000000E+00 
0.000000E+00 
0.000000E+00 
0.000000E+00 
0.000000E+00 
0.000000E+00 
6.880080E-05 
7.455281E-05 
0.000000E+00 
3.377036E-05 
0.000000E+00 
1.536751E-05 
1.897115E-05 
0.000000E+00 
0.000000E+00 
0.000000E+00 
0.000000E+00 
0.000000E+00 
1.785318E-05 
1.785350E-05 
2.261444E-06 
3.260693E-05 
1.746859E-05 
4.066859E-05 
0.000000E+00 
0.000000E+00 
2.497178E-05 
3.667122E-05 
0.000000E+00 
8.515305E-05 
0.000000E+00 
0.000000E+00 
0.000000E+00 
0.000000E+00 
0.000000E+00 
2.185825E-05 
0.000000E+00 
1.693047E-05 
2.977339E-05 
0.000000E+00 
1.428408E-05 
0.000000E+00 
1.915172E-05 
0.000000E+00 
0.000000E+00 
0.000000E+00 
0.000000E+00 
0.000000E+00 
0.000000E+00 
0.000000E+00 
1.379152E-05 
1.148798E-05 
0.000000E+00 
2.316168E-05 
0.000000E+00 
0.000000E+00 
0.000000E+00 
2.203715E-05 
0.000000E+00 
0.000000E+00 
0.000000E+00 
0.000000E+00 
0.000000E+00 
0.000000E+00 
0.000000E+00 
1.603151E-05 
0.000000E+00 
1.827877E-05 
1.603206E-05 
0.000000E+00 
3.612958E-05 
0.000000E+00 
0.000000E+00 
0.000000E+00 
1.402506E-05 
0.000000E+00 
0.000000E+00 
0.000000E+00 
3.586973E-05 
0.000000E+00 
0.000000E+00 
0.000000E+00 
2.053352E-05 
0.000000E+00 
0.000000E+00 
0.000000E+00 
1.388157E-05 
3.461303E-05 
1.575362E-05 
0.000000E+00 
0.000000E+00 
0.000000E+00 
0.000000E+00 
0.000000E+00 
1.815347E-05 
2.106759E-05 
0.000000E+00 
0.000000E+00 
0.000000E+00 
0.000000E+00 
2.392461E-05 
1.729195E-05 
0.000000E+00 
0.000000E+00 
0.000000E+00 
0.000000E+00 
0.000000E+00 
2.100967E-05 
0.000000E+00 
1.400958E-05 
2.359826E-05 
0.000000E+00 
0.000000E+00 
2.856306E-05 
0.000000E+00 
2.852553E-05 
1.080288E-05 
0.000000E+00 
0.000000E+00 
3.096265E-05 
1.548180E-05 
2.724922E-05 
0.000000E+00 
0.000000E+00 
0.000000E+00 
1.783717E-05 
3.607311E-05 
0.000000E+00 
0.000000E+00 
0.000000E+00 
0.000000E+00 
0.000000E+00 
0.000000E+00 
0.000000E+00 
0.000000E+00 
1.388710E-05 
0.000000E+00 
0.000000E+00 
1.196601E-05 
1.544870E-05 
0.000000E+00 
0.000000E+00 
2.308707E-05 
1.544929E-05 
2.175592E-05 
0.000000E+00 
0.000000E+00 
0.000000E+00 
0.000000E+00 
0.000000E+00 
0.000000E+00 
0.000000E+00 
0.000000E+00 
0.000000E+00 
0.000000E+00 
0.000000E+00 
0.000000E+00 
2.879713E-05 
0.000000E+00 
0.000000E+00 
1.526369E-05 
0.000000E+00 
0.000000E+00 
3.951514E-05 
0.000000E+00 
0.000000E+00 
0.000000E+00 
0.000000E+00 
1.293428E-05 
0.000000E+00 
0.000000E+00 
3.762804E-05 
0.000000E+00 
0.000000E+00 
0.000000E+00 
0.000000E+00 
0.000000E+00 
0.000000E+00 
0.000000E+00 
0.000000E+00 
0.000000E+00 
1.765786E-06 
0.000000E+00 
0.000000E+00 
0.000000E+00 
0.000000E+00 
1.979697E-05 
0.000000E+00 
0.000000E+00 
0.000000E+00 
1.644033E-05 
2.729166E-05 
4.937773E-05 
2.427644E-05 
0.000000E+00 
0.000000E+00 
2.313903E-05 
4.293971E-05 
2.314055E-05 
2.314109E-05 
2.314163E-05 
0.000000E+00 
1.957580E-05 
0.000000E+00 
0.000000E+00 
0.000000E+00 
0.000000E+00 
0.000000E+00 
0.000000E+00 
5.956029E-07 
4.855503E-05 
0.000000E+00 
1.970469E-05 
0.000000E+00 
2.541414E-05 
1.904359E-05 
3.938004E-05 
1.683632E-05 
1.844082E-05 
0.000000E+00 
0.000000E+00 
2.195688E-05 
2.011523E-05 
0.000000E+00 
0.000000E+00 
0.000000E+00 
0.000000E+00 
0.000000E+00 
2.541824E-05 
2.055062E-05 
0.000000E+00 
0.000000E+00 
0.000000E+00 
0.000000E+00 
0.000000E+00 
0.000000E+00 
2.804376E-05 
1.859694E-05 
1.503393E-05 
0.000000E+00 
1.422998E-05 
0.000000E+00 
0.000000E+00 
0.000000E+00 
1.182185E-05 
0.000000E+00 
1.271082E-05 
0.000000E+00 
0.000000E+00 
1.400994E-05 
0.000000E+00 
4.286006E-05 
0.000000E+00 
0.000000E+00 
0.000000E+00 
0.000000E+00 
1.467779E-05 
0.000000E+00 
0.000000E+00 
1.386011E-05 
0.000000E+00 
1.141548E-05 
0.000000E+00 
1.294206E-05 
0.000000E+00 
0.000000E+00 
0.000000E+00 
0.000000E+00 
0.000000E+00 
4.305218E-05 
0.000000E+00 
0.000000E+00 
0.000000E+00 
0.000000E+00 
0.000000E+00 
3.436795E-05 
0.000000E+00 
0.000000E+00 
0.000000E+00 
0.000000E+00 
0.000000E+00 
0.000000E+00 
0.000000E+00 
6.832416E-07 
0.000000E+00 
0.000000E+00 
1.271337E-05 
0.000000E+00 
0.000000E+00 
1.385271E-05 
0.000000E+00 
1.174330E-05 
0.000000E+00 
0.000000E+00 
0.000000E+00 
3.205648E-05 
0.000000E+00 
1.155058E-05 
0.000000E+00 
0.000000E+00 
0.000000E+00 
0.000000E+00 
1.880752E-05 
0.000000E+00 
0.000000E+00 
2.327261E-05 
3.501758E-05 
0.000000E+00 
0.000000E+00 
0.000000E+00 
0.000000E+00 
0.000000E+00 
0.000000E+00 
0.000000E+00 
0.000000E+00 
0.000000E+00 
0.000000E+00 
0.000000E+00 
3.509515E-05 
0.000000E+00 
0.000000E+00 
0.000000E+00 
0.000000E+00 
0.000000E+00 
0.000000E+00 
1.600037E-05 
0.000000E+00 
0.000000E+00 
0.000000E+00 
2.983932E-05 
2.040557E-05 
2.736777E-05 
2.984164E-05 
0.000000E+00 
0.000000E+00 
0.000000E+00 
0.000000E+00 
0.000000E+00 
0.000000E+00 
0.000000E+00 
1.952730E-05 
0.000000E+00 
1.492156E-05 
1.979910E-05 
1.660204E-05 
0.000000E+00 
1.567638E-05 
1.850612E-05 
0.000000E+00 
0.000000E+00 
1.347996E-05 
0.000000E+00 
0.000000E+00 
2.311554E-05 
0.000000E+00 
0.000000E+00 
2.962876E-05 
4.891297E-05 
0.000000E+00 
1.473290E-05 
0.000000E+00 
1.571702E-05 
1.415567E-05 
0.000000E+00 
1.627828E-05 
0.000000E+00 
1.175002E-05 
6.563227E-05 
2.345072E-05 
1.583498E-05 
0.000000E+00 
0.000000E+00 
0.000000E+00 
2.345164E-05 
0.000000E+00 
0.000000E+00 
0.000000E+00 
0.000000E+00 
3.723009E-05 
1.532290E-05 
0.000000E+00 
0.000000E+00 
0.000000E+00 
0.000000E+00 
1.583643E-05 
4.128733E-05 
1.731115E-05 
0.000000E+00 
0.000000E+00 
1.979972E-05 
2.059714E-05 
2.059757E-05 
0.000000E+00 
0.000000E+00 
0.000000E+00 
0.000000E+00 
1.556505E-05 
0.000000E+00 
1.437969E-05 
0.000000E+00 
0.000000E+00 
0.000000E+00 
0.000000E+00 
0.000000E+00 
0.000000E+00 
1.437989E-05 
0.000000E+00 
0.000000E+00 
0.000000E+00 
0.000000E+00 
1.628461E-05 
0.000000E+00 
0.000000E+00 
0.000000E+00 
1.549544E-05 
0.000000E+00 
0.000000E+00 
4.096842E-05 
0.000000E+00 
0.000000E+00 
0.000000E+00 
0.000000E+00 
0.000000E+00 
1.249709E-05 
0.000000E+00 
0.000000E+00 
0.000000E+00 
0.000000E+00 
1.607740E-05 
1.173001E-05 
0.000000E+00 
0.000000E+00 
1.938567E-05 
0.000000E+00 
4.185569E-05 
0.000000E+00 
0.000000E+00 
0.000000E+00 
1.819605E-05 
1.531833E-05 
0.000000E+00 
0.000000E+00 
0.000000E+00 
0.000000E+00 
0.000000E+00 
0.000000E+00 
0.000000E+00 
0.000000E+00 
0.000000E+00 
0.000000E+00 
0.000000E+00 
1.819666E-05 
1.685547E-07 
5.056642E-07 
0.000000E+00 
1.685548E-07 
2.091958E-05 
2.854834E-05 
0.000000E+00 
0.000000E+00 
0.000000E+00 
0.000000E+00 
0.000000E+00 
1.685632E-07 
0.000000E+00 
0.000000E+00 
0.000000E+00 
0.000000E+00 
1.093949E-06 
5.056902E-07 
0.000000E+00 
1.627322E-05 
0.000000E+00 
0.000000E+00 
0.000000E+00 
0.000000E+00 
0.000000E+00 
1.325009E-05 
2.582574E-05 
0.000000E+00 
0.000000E+00 
1.646269E-05 
2.435090E-05 
2.526105E-05 
2.435211E-05 
0.000000E+00 
0.000000E+00 
0.000000E+00 
1.175124E-05 
1.684141E-05 
0.000000E+00 
1.217670E-05 
0.000000E+00 
3.098270E-05 
0.000000E+00 
1.604764E-05 
2.100183E-05 
0.000000E+00 
0.000000E+00 
0.000000E+00 
0.000000E+00 
0.000000E+00 
0.000000E+00 
0.000000E+00 
1.994520E-05 
0.000000E+00 
0.000000E+00 
0.000000E+00 
0.000000E+00 
0.000000E+00 
0.000000E+00 
0.000000E+00 
0.000000E+00 
0.000000E+00 
0.000000E+00 
0.000000E+00 
0.000000E+00 
3.160801E-05 
0.000000E+00 
0.000000E+00 
0.000000E+00 
0.000000E+00 
0.000000E+00 
0.000000E+00 
5.583397E-05 
0.000000E+00 
1.918629E-05 
4.728267E-05 
0.000000E+00 
0.000000E+00 
0.000000E+00 
1.326722E-05 
2.032903E-05 
1.368649E-05 
0.000000E+00 
0.000000E+00 
2.529801E-05 
2.035390E-05 
2.311874E-05 
0.000000E+00 
0.000000E+00 
0.000000E+00 
3.333724E-05 
1.927685E-05 
3.629289E-05 
7.382741E-05 
2.445540E-05 
0.000000E+00 
2.190231E-05 
0.000000E+00 
0.000000E+00 
0.000000E+00 
1.783578E-05 
0.000000E+00 
0.000000E+00 
0.000000E+00 
1.783610E-05 
0.000000E+00 
0.000000E+00 
0.000000E+00 
2.054837E-05 
1.362787E-05 
1.811176E-05 
2.023600E-05 
1.389730E-05 
0.000000E+00 
0.000000E+00 
0.000000E+00 
0.000000E+00 
0.000000E+00 
0.000000E+00 
0.000000E+00 
0.000000E+00 
0.000000E+00 
1.840633E-05 
0.000000E+00 
1.915116E-05 
0.000000E+00 
0.000000E+00 
0.000000E+00 
0.000000E+00 
0.000000E+00 
0.000000E+00 
0.000000E+00 
0.000000E+00 
0.000000E+00 
2.998580E-05 
2.696504E-05 
2.544658E-05 
0.000000E+00 
0.000000E+00 
0.000000E+00 
0.000000E+00 
0.000000E+00 
0.000000E+00 
2.430780E-05 
2.430839E-05 
2.430898E-05 
0.000000E+00 
0.000000E+00 
0.000000E+00 
0.000000E+00 
2.430958E-05 
4.259828E-05 
0.000000E+00 
2.341077E-05 
0.000000E+00 
0.000000E+00 
0.000000E+00 
0.000000E+00 
0.000000E+00 
2.645082E-05 
1.494132E-05 
0.000000E+00 
2.223085E-05 
0.000000E+00 
2.367393E-05 
0.000000E+00 
0.000000E+00 
0.000000E+00 
0.000000E+00 
0.000000E+00 
0.000000E+00 
0.000000E+00 
0.000000E+00 
2.068403E-05 
1.322684E-05 
0.000000E+00 
0.000000E+00 
0.000000E+00 
0.000000E+00 
0.000000E+00 
0.000000E+00 
1.843494E-05 
0.000000E+00 
0.000000E+00 
1.609048E-05 
0.000000E+00 
0.000000E+00 
1.905612E-05 
0.000000E+00 
0.000000E+00 
0.000000E+00 
0.000000E+00 
1.313384E-05 
1.595703E-05 
0.000000E+00 
1.430815E-05 
0.000000E+00 
0.000000E+00 
0.000000E+00 
1.770078E-05 
0.000000E+00 
0.000000E+00 
0.000000E+00 
0.000000E+00 
1.573061E-05 
0.000000E+00 
1.573086E-05 
0.000000E+00 
0.000000E+00 
0.000000E+00 
0.000000E+00 
0.000000E+00 
0.000000E+00 
1.941319E-05 
0.000000E+00 
3.022692E-05 
0.000000E+00 
0.000000E+00 
1.199157E-05 
0.000000E+00 
0.000000E+00 
0.000000E+00 
5.247302E-05 
0.000000E+00 
0.000000E+00 
3.434304E-05 
1.223831E-05 
0.000000E+00 
0.000000E+00 
1.303431E-05 
0.000000E+00 
0.000000E+00 
0.000000E+00 
0.000000E+00 
0.000000E+00 
0.000000E+00 
0.000000E+00 
0.000000E+00 
0.000000E+00 
0.000000E+00 
1.223862E-05 
2.645701E-05 
0.000000E+00 
1.144285E-05 
1.714236E-05 
0.000000E+00 
0.000000E+00 
0.000000E+00 
0.000000E+00 
0.000000E+00 
0.000000E+00 
1.875551E-05 
1.301112E-05 
2.231866E-05 
0.000000E+00 
0.000000E+00 
2.654473E-05 
0.000000E+00 
0.000000E+00 
0.000000E+00 
0.000000E+00 
0.000000E+00 
0.000000E+00 
0.000000E+00 
0.000000E+00 
0.000000E+00 
0.000000E+00 
0.000000E+00 
0.000000E+00 
2.533641E-05 
0.000000E+00 
0.000000E+00 
5.061755E-05 
0.000000E+00 
0.000000E+00 
0.000000E+00 
0.000000E+00 
